 station cast   lat    long    jday   mo/da/yr   gmt
 108      2   22.926 -86.375   287    10/14/21  2153 
 
    File created by Jay Hooper - 13-Dec-2021   
            GOMECC4 Cruise Sep 2021 
             NOAA Ship Ronald H Brown
                  
 
     Primary (T,S,O) sensors - Calibrated CTD data   

   pr       te       th       sa       ht       ga       ox
dbars    deg c    deg c      psu  dyn. cm    gamma  umol/kg
    1   29.873   29.873   36.234    0.005    0.994   193.860
    2   29.873   29.873   36.233    0.010    1.987   193.886
    3   29.873   29.873   36.233    0.015    2.981   193.913
    4   29.873   29.872   36.233    0.021    3.975   193.939
    5   29.873   29.872   36.233    0.026    4.968   193.750
    6   29.858   29.857   36.233    0.031    5.962   194.063
    7   29.844   29.842   36.234    0.036    6.956   194.076
    8   29.829   29.827   36.234    0.041    7.950   194.113
    9   29.823   29.821   36.234    0.046    8.943   193.899
   10   29.815   29.812   36.233    0.051    9.937   194.217
   11   29.814   29.811   36.234    0.057    10.931   194.470
   12   29.807   29.804   36.234    0.062    11.924   194.370
   13   29.798   29.795   36.233    0.067    12.918   194.238
   14   29.796   29.792   36.234    0.072    13.911   194.009
   15   29.793   29.790   36.236    0.077    14.905   194.127
   16   29.794   29.790   36.237    0.082    15.899   193.979
   17   29.795   29.790   36.238    0.087    16.892   194.286
   18   29.795   29.790   36.239    0.092    17.886   194.113
   19   29.795   29.790   36.241    0.098    18.880   194.140
   20   29.798   29.793   36.243    0.103    19.873   193.845
   21   29.804   29.799   36.247    0.108    20.867   193.997
   22   29.806   29.801   36.249    0.113    21.860   194.075
   23   29.803   29.798   36.249    0.118    22.854   194.066
   24   29.803   29.797   36.248    0.123    23.848   194.041
   25   29.805   29.799   36.250    0.128    24.841   194.023
   26   29.807   29.801   36.252    0.133    25.835   194.121
   27   29.812   29.806   36.255    0.139    26.828   193.829
   28   29.814   29.807   36.256    0.144    27.822   194.013
   29   29.814   29.807   36.257    0.149    28.816   193.533
   30   29.814   29.806   36.257    0.154    29.809   193.823
   31   29.813   29.805   36.257    0.159    30.803   193.800
   32   29.811   29.803   36.257    0.164    31.796   194.358
   33   29.810   29.802   36.257    0.169    32.790   194.008
   34   29.810   29.802   36.258    0.174    33.783   193.766
   35   29.810   29.801   36.258    0.180    34.777   194.057
   36   29.811   29.802   36.260    0.185    35.770   194.258
   37   29.810   29.800   36.260    0.190    36.764   194.141
   38   29.811   29.801   36.261    0.195    37.758   193.915
   39   29.809   29.799   36.261    0.200    38.751   193.875
   40   29.787   29.777   36.256    0.205    39.745   194.328
   41   29.723   29.713   36.243    0.210    40.738   194.840
   42   29.649   29.638   36.224    0.215    41.732   195.729
   43   29.522   29.511   36.201    0.220    42.725   196.856
   44   29.387   29.377   36.178    0.225    43.719   198.290
   45   29.350   29.339   36.176    0.231    44.712   198.804
   46   29.310   29.298   36.171    0.236    45.706   198.561
   47   29.250   29.239   36.162    0.241    46.699   198.389
   48   29.142   29.131   36.156    0.246    47.693   198.420
   49   29.042   29.030   36.155    0.251    48.686   198.753
   50   29.016   29.004   36.155    0.255    49.679   199.220
   51   28.972   28.959   36.156    0.260    50.673   198.684
   52   28.947   28.935   36.156    0.265    51.666   198.524
   53   28.891   28.878   36.157    0.270    52.660   198.531
   54   28.814   28.801   36.165    0.275    53.653   198.014
   55   28.743   28.729   36.173    0.280    54.647   197.523
   56   28.729   28.716   36.179    0.285    55.640   197.518
   57   28.721   28.707   36.184    0.290    56.634   198.034
   58   28.719   28.705   36.192    0.294    57.627   198.871
   59   28.712   28.697   36.198    0.299    58.621   199.588
   60   28.679   28.664   36.195    0.304    59.614   199.770
   61   28.655   28.641   36.198    0.309    60.607   199.015
   62   28.633   28.618   36.203    0.314    61.601   197.504
   63   28.592   28.577   36.205    0.318    62.594   196.764
   64   28.529   28.513   36.206    0.323    63.588   196.635
   65   28.494   28.479   36.224    0.328    64.581   196.481
   66   28.488   28.473   36.240    0.333    65.574   198.054
   67   28.452   28.436   36.248    0.337    66.568   199.861
   68   28.340   28.323   36.249    0.342    67.561   199.193
   69   28.221   28.204   36.251    0.347    68.555   196.725
   70   28.133   28.117   36.256    0.351    69.548   192.362
   71   28.074   28.057   36.262    0.356    70.541   189.839
   72   27.995   27.978   36.278    0.360    71.535   189.973
   73   27.909   27.892   36.296    0.365    72.528   189.760
   74   27.885   27.867   36.302    0.369    73.521   190.210
   75   27.854   27.836   36.312    0.374    74.515   190.091
   76   27.762   27.744   36.323    0.378    75.508   188.649
   77   27.594   27.576   36.337    0.383    76.501   187.244
   78   27.552   27.533   36.347    0.387    77.495   185.880
   79   27.531   27.512   36.354    0.391    78.488   185.372
   80   27.501   27.482   36.357    0.396    79.481   185.408
   81   27.468   27.449   36.364    0.400    80.475   185.056
   82   27.472   27.453   36.375    0.404    81.468   184.409
   83   27.454   27.434   36.373    0.409    82.461   184.380
   84   27.428   27.408   36.377    0.413    83.455   184.525
   85   27.348   27.328   36.390    0.417    84.448   184.088
   86   27.308   27.288   36.392    0.422    85.441   183.454
   87   27.279   27.259   36.400    0.426    86.435   183.245
   88   27.259   27.239   36.413    0.430    87.428   182.911
   89   27.253   27.232   36.423    0.434    88.421   182.073
   90   27.247   27.226   36.430    0.438    89.414   181.934
   91   27.243   27.222   36.441    0.443    90.408   181.800
   92   27.235   27.214   36.461    0.447    91.401   181.900
   93   27.185   27.164   36.485    0.451    92.394   182.003
   94   27.151   27.129   36.503    0.455    93.387   181.622
   95   27.121   27.099   36.506    0.459    94.381   180.882
   96   27.085   27.063   36.508    0.463    95.374   180.144
   97   27.050   27.027   36.518    0.467    96.367   180.096
   98   27.035   27.013   36.533    0.471    97.360   180.184
   99   26.998   26.975   36.547    0.476    98.354   180.001
  100   26.944   26.921   36.558    0.480    99.347   179.777
  101   26.900   26.877   36.574    0.484    100.340   178.923
  102   26.781   26.758   36.576    0.488    101.333   178.618
  103   26.719   26.696   36.576    0.491    102.327   177.677
  104   26.705   26.681   36.578    0.495    103.320   176.823
  105   26.637   26.613   36.591    0.499    104.313   176.674
  106   26.587   26.563   36.602    0.503    105.306   176.555
  107   26.559   26.534   36.610    0.507    106.299   176.088
  108   26.499   26.475   36.626    0.511    107.293   175.764
  109   26.453   26.428   36.640    0.515    108.286   175.419
  110   26.387   26.362   36.653    0.519    109.279   174.903
  111   26.338   26.313   36.667    0.522    110.272   174.137
  112   26.319   26.294   36.673    0.526    111.265   173.898
  113   26.315   26.290   36.675    0.530    112.258   174.180
  114   26.303   26.278   36.678    0.534    113.252   174.440
  115   26.167   26.141   36.706    0.537    114.245   174.230
  116   26.045   26.019   36.726    0.541    115.238   172.623
  117   26.021   25.994   36.729    0.545    116.231   171.357
  118   26.010   25.984   36.731    0.548    117.224   171.375
  119   25.996   25.969   36.734    0.552    118.217   171.704
  120   25.962   25.936   36.740    0.555    119.211   171.844
  121   25.935   25.907   36.744    0.559    120.204   171.661
  122   25.851   25.824   36.758    0.563    121.197   171.235
  123   25.789   25.761   36.770    0.566    122.190   170.389
  124   25.737   25.710   36.780    0.570    123.183   169.856
  125   25.619   25.591   36.797    0.573    124.176   169.525
  126   25.511   25.483   36.813    0.577    125.169   168.526
  127   25.472   25.444   36.817    0.580    126.162   167.283
  128   25.388   25.360   36.828    0.583    127.155   167.003
  129   25.276   25.247   36.841    0.587    128.149   166.540
  130   25.093   25.065   36.870    0.590    129.142   165.369
  131   25.038   25.010   36.880    0.593    130.135   163.989
  132   24.944   24.916   36.892    0.596    131.128   163.800
  133   24.876   24.847   36.900    0.600    132.121   163.758
  134   24.752   24.723   36.918    0.603    133.114   163.393
  135   24.688   24.659   36.926    0.606    134.107   162.941
  136   24.620   24.590   36.935    0.609    135.100   163.183
  137   24.489   24.460   36.954    0.612    136.093   163.335
  138   24.444   24.414   36.957    0.615    137.086   163.188
  139   24.425   24.396   36.958    0.618    138.079   162.918
  140   24.379   24.349   36.964    0.621    139.072   162.752
  141   24.274   24.244   36.974    0.624    140.065   162.794
  142   24.161   24.130   36.982    0.627    141.058   162.517
  143   24.127   24.096   36.984    0.630    142.051   161.969
  144   24.094   24.063   36.986    0.633    143.044   161.782
  145   23.945   23.914   36.992    0.635    144.037   161.703
  146   23.791   23.760   36.995    0.638    145.030   160.975
  147   23.701   23.670   36.997    0.641    146.023   160.003
  148   23.600   23.568   36.998    0.644    147.016   159.820
  149   23.530   23.499   37.000    0.646    148.009   159.702
  150   23.479   23.447   36.996    0.649    149.002   159.443
  151   23.384   23.353   36.995    0.652    149.995   159.281
  152   23.256   23.224   36.993    0.654    150.988   158.658
  153   23.198   23.166   36.992    0.657    151.981   157.655
  154   23.166   23.134   36.992    0.660    152.974   157.515
  155   23.101   23.069   36.994    0.662    153.967   157.601
  156   23.069   23.037   36.994    0.665    154.960   157.247
  157   23.050   23.018   36.994    0.668    155.953   156.896
  158   23.013   22.981   36.992    0.670    156.946   156.882
  159   22.965   22.932   36.986    0.673    157.939   156.701
  160   22.895   22.862   36.985    0.675    158.932   156.336
  161   22.810   22.777   36.993    0.678    159.925   156.044
  162   22.709   22.676   36.994    0.680    160.918   156.023
  163   22.502   22.469   36.977    0.683    161.911   156.003
  164   22.325   22.292   36.959    0.685    162.904   155.462
  165   22.229   22.196   36.950    0.688    163.897   154.956
  166   22.180   22.147   36.946    0.690    164.890   154.680
  167   22.056   22.023   36.939    0.692    165.882   154.515
  168   21.950   21.917   36.931    0.695    166.875   154.257
  169   21.813   21.780   36.920    0.697    167.868   154.076
  170   21.606   21.572   36.903    0.699    168.861   154.120
  171   21.527   21.493   36.897    0.702    169.854   154.111
  172   21.521   21.488   36.897    0.704    170.847   154.145
  173   21.513   21.479   36.896    0.706    171.840   154.313
  174   21.490   21.456   36.895    0.708    172.833   154.230
  175   21.454   21.420   36.892    0.711    173.826   153.981
  176   21.401   21.367   36.887    0.713    174.818   153.892
  177   21.320   21.286   36.879    0.715    175.811   154.060
  178   21.204   21.170   36.867    0.717    176.804   154.396
  179   21.103   21.068   36.858    0.719    177.797   154.642
  180   21.034   20.999   36.852    0.722    178.790   154.654
  181   21.003   20.968   36.849    0.724    179.783   154.532
  182   20.980   20.944   36.847    0.726    180.776   154.583
  183   20.961   20.925   36.846    0.728    181.768   154.382
  184   20.938   20.902   36.844    0.730    182.761   154.308
  185   20.902   20.867   36.840    0.732    183.754   154.338
  186   20.833   20.798   36.833    0.734    184.747   154.184
  187   20.756   20.721   36.824    0.737    185.740   153.980
  188   20.587   20.551   36.805    0.739    186.732   153.908
  189   20.480   20.444   36.792    0.741    187.725   153.720
  190   20.463   20.427   36.790    0.743    188.718   153.866
  191   20.454   20.418   36.790    0.745    189.711   153.893
  192   20.418   20.381   36.785    0.747    190.704   153.970
  193   20.373   20.336   36.781    0.749    191.696   153.982
  194   20.286   20.249   36.772    0.751    192.689   153.871
  195   20.268   20.232   36.770    0.753    193.682   153.742
  196   20.195   20.158   36.761    0.755    194.675   153.938
  197   20.141   20.104   36.754    0.757    195.667   153.843
  198   20.108   20.071   36.750    0.759    196.660   153.839
  199   20.056   20.019   36.744    0.761    197.653   153.860
  200   20.014   19.977   36.738    0.763    198.646   153.783
  201   19.945   19.908   36.731    0.765    199.639   153.612
  202   19.922   19.884   36.727    0.767    200.631   153.560
  203   19.876   19.839   36.721    0.769    201.624   153.826
  204   19.834   19.797   36.716    0.771    202.617   154.165
  205   19.827   19.789   36.715    0.773    203.609   154.469
  206   19.805   19.767   36.712    0.775    204.602   154.411
  207   19.756   19.718   36.706    0.777    205.595   154.549
  208   19.691   19.653   36.697    0.779    206.588   154.743
  209   19.678   19.640   36.696    0.781    207.580   154.527
  210   19.672   19.633   36.695    0.783    208.573   154.329
  211   19.658   19.619   36.693    0.785    209.566   154.392
  212   19.644   19.605   36.691    0.786    210.558   154.439
  213   19.629   19.590   36.689    0.788    211.551   154.362
  214   19.617   19.577   36.688    0.790    212.544   154.038
  215   19.612   19.572   36.687    0.792    213.536   153.813
  216   19.603   19.563   36.686    0.794    214.529   153.632
  217   19.573   19.533   36.682    0.796    215.522   153.436
  218   19.542   19.502   36.677    0.798    216.514   153.285
  219   19.522   19.482   36.674    0.800    217.507   153.361
  220   19.493   19.452   36.670    0.802    218.500   153.604
  221   19.482   19.441   36.668    0.804    219.492   153.599
  222   19.482   19.441   36.668    0.806    220.485   153.475
  223   19.472   19.431   36.667    0.808    221.478   153.513
  224   19.447   19.406   36.663    0.810    222.470   153.586
  225   19.415   19.373   36.659    0.811    223.463   153.583
  226   19.388   19.347   36.656    0.813    224.456   153.687
  227   19.338   19.296   36.650    0.815    225.448   153.758
  228   19.325   19.283   36.647    0.817    226.441   153.949
  229   19.268   19.226   36.640    0.819    227.433   154.242
  230   19.221   19.179   36.633    0.821    228.426   154.497
  231   19.192   19.151   36.629    0.823    229.419   154.776
  232   19.113   19.071   36.618    0.825    230.411   155.010
  233   19.064   19.022   36.611    0.826    231.404   154.814
  234   19.051   19.009   36.609    0.828    232.396   154.419
  235   19.028   18.985   36.606    0.830    233.389   154.382
  236   19.013   18.970   36.604    0.832    234.382   154.339
  237   19.004   18.962   36.603    0.834    235.374   154.257
  238   18.980   18.937   36.599    0.836    236.367   154.116
  239   18.901   18.858   36.588    0.838    237.359   154.157
  240   18.843   18.800   36.579    0.839    238.352   154.222
  241   18.823   18.780   36.577    0.841    239.344   154.413
  242   18.808   18.765   36.575    0.843    240.337   154.596
  243   18.777   18.733   36.571    0.845    241.330   154.700
  244   18.753   18.709   36.567    0.847    242.322   154.734
  245   18.731   18.687   36.564    0.848    243.315   154.935
  246   18.705   18.661   36.561    0.850    244.307   155.131
  247   18.699   18.655   36.560    0.852    245.300   155.189
  248   18.694   18.650   36.559    0.854    246.292   155.188
  249   18.675   18.630   36.556    0.856    247.285   155.212
  250   18.642   18.598   36.552    0.857    248.277   155.242
  251   18.623   18.578   36.549    0.859    249.270   155.100
  252   18.596   18.551   36.545    0.861    250.262   154.948
  253   18.560   18.515   36.541    0.863    251.255   154.992
  254   18.549   18.504   36.539    0.865    252.247   155.064
  255   18.544   18.499   36.538    0.866    253.240   155.125
  256   18.538   18.493   36.537    0.868    254.232   155.116
  257   18.535   18.489   36.537    0.870    255.225   155.020
  258   18.532   18.486   36.536    0.872    256.217   154.990
  259   18.524   18.478   36.535    0.874    257.210   154.977
  260   18.519   18.473   36.534    0.875    258.202   154.947
  261   18.515   18.469   36.534    0.877    259.195   154.741
  262   18.511   18.464   36.533    0.879    260.187   154.697
  263   18.506   18.460   36.532    0.881    261.179   154.693
  264   18.485   18.438   36.528    0.883    262.172   154.780
  265   18.435   18.388   36.520    0.884    263.164   154.742
  266   18.347   18.300   36.508    0.886    264.157   154.384
  267   18.280   18.233   36.498    0.888    265.149   153.993
  268   18.264   18.217   36.496    0.890    266.142   153.896
  269   18.244   18.197   36.492    0.891    267.134   153.983
  270   18.220   18.173   36.489    0.893    268.126   154.140
  271   18.203   18.156   36.486    0.895    269.119   154.146
  272   18.179   18.131   36.483    0.897    270.111   154.081
  273   18.160   18.112   36.480    0.898    271.104   154.009
  274   18.136   18.088   36.476    0.900    272.096   153.912
  275   18.121   18.073   36.474    0.902    273.088   153.856
  276   18.105   18.057   36.471    0.904    274.081   153.831
  277   18.095   18.046   36.470    0.905    275.073   153.812
  278   18.090   18.042   36.469    0.907    276.066   153.805
  279   18.088   18.039   36.469    0.909    277.058   153.791
  280   18.088   18.039   36.469    0.910    278.050   153.739
  281   18.080   18.031   36.468    0.912    279.043   153.683
  282   18.073   18.024   36.467    0.914    280.035   153.664
  283   18.059   18.010   36.465    0.916    281.027   153.616
  284   18.044   17.995   36.463    0.917    282.020   153.553
  285   18.035   17.986   36.462    0.919    283.012   153.502
  286   18.022   17.972   36.459    0.921    284.004   153.446
  287   18.000   17.950   36.455    0.923    284.997   153.358
  288   17.949   17.899   36.448    0.924    285.989   153.293
  289   17.922   17.872   36.444    0.926    286.981   152.988
  290   17.911   17.861   36.441    0.928    287.974   152.809
  291   17.905   17.855   36.440    0.929    288.966   152.776
  292   17.897   17.846   36.439    0.931    289.958   152.625
  293   17.882   17.831   36.437    0.933    290.951   152.556
  294   17.877   17.827   36.436    0.935    291.943   152.448
  295   17.851   17.800   36.432    0.936    292.935   152.406
  296   17.820   17.769   36.428    0.938    293.928   152.283
  297   17.813   17.762   36.427    0.940    294.920   152.249
  298   17.799   17.747   36.424    0.941    295.912   152.290
  299   17.783   17.732   36.421    0.943    296.904   152.304
  300   17.766   17.715   36.419    0.945    297.897   152.344
  301   17.762   17.710   36.418    0.947    298.889   152.341
  302   17.755   17.703   36.417    0.948    299.881   152.407
  303   17.751   17.699   36.417    0.950    300.873   152.492
  304   17.742   17.690   36.415    0.952    301.866   152.496
  305   17.734   17.681   36.414    0.953    302.858   152.391
  306   17.731   17.678   36.414    0.955    303.850   152.312
  307   17.721   17.669   36.412    0.957    304.842   152.219
  308   17.716   17.663   36.411    0.958    305.835   152.207
  309   17.708   17.655   36.410    0.960    306.827   152.225
  310   17.699   17.646   36.408    0.962    307.819   152.227
  311   17.692   17.639   36.407    0.964    308.811   152.126
  312   17.688   17.635   36.406    0.965    309.804   151.936
  313   17.686   17.632   36.406    0.967    310.796   151.762
  314   17.682   17.628   36.405    0.969    311.788   151.939
  315   17.676   17.622   36.405    0.970    312.780   152.027
  316   17.669   17.615   36.403    0.972    313.772   152.037
  317   17.659   17.604   36.402    0.974    314.765   151.851
  318   17.637   17.582   36.398    0.975    315.757   151.730
  319   17.599   17.545   36.392    0.977    316.749   151.620
  320   17.596   17.541   36.392    0.979    317.741   151.471
  321   17.595   17.540   36.392    0.980    318.733   151.406
  322   17.595   17.540   36.391    0.982    319.725   151.418
  323   17.595   17.540   36.392    0.984    320.718   151.571
  324   17.594   17.539   36.391    0.986    321.710   151.575
  325   17.593   17.538   36.391    0.987    322.702   151.432
  326   17.587   17.531   36.390    0.989    323.694   151.400
  327   17.573   17.518   36.388    0.991    324.686   151.306
  328   17.557   17.501   36.385    0.992    325.678   151.410
  329   17.543   17.487   36.383    0.994    326.670   151.394
  330   17.533   17.477   36.382    0.996    327.663   151.399
  331   17.525   17.469   36.380    0.997    328.655   151.259
  332   17.507   17.450   36.377    0.999    329.647   151.254
  333   17.449   17.392   36.368    1.001    330.639   151.321
  334   17.417   17.360   36.363    1.002    331.631   151.167
  335   17.411   17.354   36.362    1.004    332.623   150.798
  336   17.402   17.344   36.360    1.006    333.615   150.588
  337   17.306   17.249   36.345    1.007    334.607   150.737
  338   17.259   17.202   36.338    1.009    335.599   150.644
  339   17.234   17.176   36.334    1.011    336.592   150.565
  340   17.181   17.124   36.326    1.012    337.584   150.493
  341   17.147   17.090   36.321    1.014    338.576   150.466
  342   17.120   17.063   36.316    1.016    339.568   150.415
  343   17.059   17.001   36.307    1.017    340.560   150.402
  344   17.010   16.952   36.298    1.019    341.552   150.025
  345   16.975   16.917   36.292    1.020    342.544   149.572
  346   16.969   16.911   36.291    1.022    343.536   149.122
  347   16.955   16.897   36.289    1.024    344.528   149.091
  348   16.941   16.883   36.287    1.025    345.520   149.165
  349   16.925   16.867   36.285    1.027    346.512   149.157
  350   16.912   16.854   36.284    1.029    347.504   149.083
  351   16.903   16.845   36.283    1.030    348.496   149.040
  352   16.895   16.837   36.282    1.032    349.488   149.134
  353   16.882   16.823   36.281    1.033    350.480   149.432
  354   16.870   16.811   36.280    1.035    351.472   149.750
  355   16.868   16.809   36.280    1.037    352.464   149.794
  356   16.867   16.808   36.280    1.038    353.456   149.732
  357   16.866   16.806   36.279    1.040    354.448   149.718
  358   16.861   16.802   36.279    1.041    355.440   149.696
  359   16.853   16.793   36.277    1.043    356.432   149.610
  360   16.808   16.749   36.270    1.045    357.424   149.478
  361   16.781   16.722   36.265    1.046    358.416   149.265
  362   16.765   16.705   36.262    1.048    359.408   149.134
  363   16.759   16.699   36.261    1.049    360.400   149.008
  364   16.751   16.691   36.260    1.051    361.392   149.003
  365   16.740   16.679   36.258    1.053    362.384   148.851
  366   16.726   16.665   36.256    1.054    363.376   148.789
  367   16.718   16.657   36.255    1.056    364.368   148.830
  368   16.714   16.653   36.254    1.057    365.360   148.910
  369   16.708   16.647   36.253    1.059    366.352   148.934
  370   16.697   16.636   36.252    1.061    367.344   148.881
  371   16.688   16.626   36.251    1.062    368.336   148.846
  372   16.674   16.612   36.249    1.064    369.328   148.799
  373   16.658   16.597   36.247    1.065    370.320   148.786
  374   16.646   16.584   36.245    1.067    371.312   148.740
  375   16.635   16.574   36.243    1.069    372.303   148.747
  376   16.619   16.558   36.240    1.070    373.295   148.720
  377   16.608   16.546   36.238    1.072    374.287   148.518
  378   16.597   16.535   36.236    1.073    375.279   148.268
  379   16.587   16.525   36.234    1.075    376.271   148.185
  380   16.581   16.518   36.233    1.077    377.263   148.229
  381   16.578   16.516   36.233    1.078    378.255   148.221
  382   16.571   16.508   36.231    1.080    379.247   148.225
  383   16.565   16.502   36.230    1.081    380.239   148.160
  384   16.556   16.493   36.229    1.083    381.230   147.981
  385   16.546   16.483   36.227    1.084    382.222   147.883
  386   16.535   16.472   36.225    1.086    383.214   147.833
  387   16.525   16.462   36.223    1.088    384.206   147.855
  388   16.516   16.452   36.222    1.089    385.198   147.797
  389   16.503   16.439   36.220    1.091    386.190   147.757
  390   16.499   16.435   36.219    1.092    387.182   147.640
  391   16.497   16.433   36.218    1.094    388.173   147.539
  392   16.493   16.429   36.217    1.096    389.165   147.568
  393   16.490   16.425   36.217    1.097    390.157   147.628
  394   16.477   16.412   36.214    1.099    391.149   147.498
  395   16.455   16.391   36.211    1.100    392.141   147.290
  396   16.448   16.383   36.210    1.102    393.133   147.152
  397   16.432   16.367   36.207    1.103    394.124   147.117
  398   16.403   16.338   36.202    1.105    395.116   147.052
  399   16.372   16.307   36.196    1.107    396.108   146.844
  400   16.316   16.251   36.186    1.108    397.100   146.490
  401   16.286   16.221   36.181    1.110    398.092   146.092
  402   16.254   16.189   36.175    1.111    399.083   145.832
  403   16.234   16.169   36.172    1.113    400.075   145.672
  404   16.225   16.160   36.171    1.114    401.067   145.574
  405   16.194   16.128   36.166    1.116    402.059   145.442
  406   16.176   16.110   36.162    1.118    403.050   145.364
  407   16.154   16.088   36.159    1.119    404.042   145.298
  408   16.060   15.995   36.143    1.121    405.034   145.274
  409   15.927   15.861   36.121    1.122    406.026   144.880
  410   15.825   15.759   36.103    1.124    407.017   144.031
  411   15.750   15.685   36.090    1.125    408.009   143.308
  412   15.707   15.642   36.082    1.127    409.001   142.835
  413   15.649   15.584   36.072    1.128    409.993   142.636
  414   15.595   15.530   36.063    1.130    410.984   142.297
  415   15.570   15.504   36.058    1.131    411.976   141.824
  416   15.542   15.476   36.054    1.133    412.968   141.551
  417   15.508   15.443   36.048    1.134    413.960   141.307
  418   15.469   15.404   36.041    1.136    414.951   141.118
  419   15.437   15.371   36.035    1.137    415.943   140.860
  420   15.415   15.349   36.031    1.139    416.935   140.367
  421   15.397   15.331   36.027    1.140    417.926   140.031
  422   15.389   15.323   36.025    1.142    418.918   139.918
  423   15.380   15.314   36.024    1.143    419.910   139.864
  424   15.332   15.266   36.016    1.145    420.901   139.882
  425   15.299   15.233   36.010    1.146    421.893   139.722
  426   15.283   15.217   36.008    1.148    422.885   139.425
  427   15.262   15.195   36.004    1.149    423.876   139.275
  428   15.217   15.150   35.997    1.150    424.868   139.192
  429   15.153   15.087   35.987    1.152    425.860   139.044
  430   15.095   15.029   35.976    1.153    426.851   138.743
  431   15.038   14.972   35.967    1.155    427.843   138.538
  432   15.016   14.950   35.963    1.156    428.835   138.271
  433   15.001   14.935   35.960    1.158    429.826   138.117
  434   14.983   14.917   35.957    1.159    430.818   138.017
  435   14.939   14.872   35.949    1.161    431.810   137.968
  436   14.922   14.855   35.946    1.162    432.801   137.818
  437   14.905   14.838   35.944    1.164    433.793   137.569
  438   14.887   14.820   35.941    1.165    434.784   137.479
  439   14.849   14.782   35.935    1.166    435.776   137.463
  440   14.803   14.736   35.927    1.168    436.768   137.448
  441   14.704   14.637   35.912    1.169    437.759   137.285
  442   14.661   14.594   35.905    1.171    438.751   136.689
  443   14.637   14.570   35.902    1.172    439.742   136.500
  444   14.612   14.545   35.899    1.173    440.734   136.500
  445   14.586   14.518   35.895    1.175    441.726   136.554
  446   14.547   14.480   35.889    1.176    442.717   136.434
  447   14.491   14.424   35.879    1.178    443.709   136.133
  448   14.432   14.365   35.870    1.179    444.700   135.895
  449   14.364   14.296   35.858    1.181    445.692   135.800
  450   14.319   14.252   35.850    1.182    446.683   135.571
  451   14.309   14.242   35.849    1.183    447.675   135.277
  452   14.307   14.239   35.849    1.185    448.667   134.928
  453   14.303   14.236   35.848    1.186    449.658   134.788
  454   14.302   14.235   35.848    1.187    450.650   134.801
  455   14.290   14.222   35.846    1.189    451.641   134.886
  456   14.105   14.038   35.816    1.190    452.633   135.186
  457   13.950   13.883   35.791    1.192    453.624   134.554
  458   13.809   13.742   35.768    1.193    454.616   133.526
  459   13.750   13.684   35.758    1.194    455.607   132.842
  460   13.679   13.612   35.746    1.196    456.599   132.543
  461   13.570   13.503   35.728    1.197    457.590   132.429
  462   13.524   13.458   35.721    1.198    458.582   132.181
  463   13.458   13.392   35.710    1.200    459.573   131.794
  464   13.409   13.343   35.703    1.201    460.565   131.349
  465   13.362   13.295   35.696    1.202    461.556   131.169
  466   13.331   13.265   35.691    1.203    462.548   131.119
  467   13.299   13.233   35.687    1.205    463.539   131.113
  468   13.250   13.184   35.680    1.206    464.531   131.055
  469   13.220   13.153   35.675    1.207    465.522   130.866
  470   13.201   13.135   35.672    1.209    466.514   130.683
  471   13.181   13.115   35.668    1.210    467.505   130.572
  472   13.163   13.097   35.665    1.211    468.497   130.445
  473   13.146   13.079   35.662    1.213    469.488   130.313
  474   13.130   13.063   35.659    1.214    470.479   130.035
  475   13.094   13.027   35.653    1.215    471.471   129.852
  476   13.029   12.962   35.642    1.216    472.462   129.747
  477   12.974   12.908   35.634    1.218    473.454   129.492
  478   12.958   12.891   35.631    1.219    474.445   128.997
  479   12.938   12.871   35.628    1.220    475.437   128.741
  480   12.921   12.854   35.625    1.222    476.428   128.685
  481   12.909   12.842   35.623    1.223    477.419   128.711
  482   12.879   12.812   35.618    1.224    478.411   128.726
  483   12.792   12.725   35.606    1.225    479.402   128.605
  484   12.766   12.700   35.601    1.227    480.394   128.268
  485   12.736   12.669   35.595    1.228    481.385   128.113
  486   12.714   12.647   35.591    1.229    482.376   128.063
  487   12.667   12.600   35.584    1.230    483.368   128.008
  488   12.624   12.557   35.577    1.232    484.359   127.717
  489   12.603   12.536   35.574    1.233    485.350   127.408
  490   12.588   12.521   35.571    1.234    486.342   127.239
  491   12.565   12.498   35.568    1.235    487.333   127.253
  492   12.545   12.478   35.565    1.237    488.325   127.236
  493   12.523   12.456   35.561    1.238    489.316   127.178
  494   12.485   12.418   35.555    1.239    490.307   127.054
  495   12.389   12.322   35.539    1.240    491.299   127.011
  496   12.255   12.188   35.519    1.242    492.290   126.830
  497   12.168   12.102   35.504    1.243    493.281   126.360
  498   12.144   12.077   35.500    1.244    494.273   125.968
  499   12.122   12.055   35.497    1.245    495.264   125.742
  500   12.081   12.014   35.491    1.247    496.255   125.729
  501   12.033   11.966   35.485    1.248    497.247   125.730
  502   12.012   11.945   35.481    1.249    498.238   125.657
  503   11.956   11.889   35.472    1.250    499.229   125.571
  504   11.906   11.839   35.465    1.251    500.220   125.383
  505   11.871   11.805   35.459    1.253    501.212   125.119
  506   11.851   11.785   35.456    1.254    502.203   124.881
  507   11.827   11.761   35.453    1.255    503.194   124.796
  508   11.797   11.730   35.448    1.256    504.186   124.692
  509   11.766   11.700   35.443    1.257    505.177   124.605
  510   11.680   11.614   35.430    1.259    506.168   124.494
  511   11.629   11.562   35.422    1.260    507.159   124.341
  512   11.579   11.513   35.414    1.261    508.151   124.236
  513   11.517   11.451   35.405    1.262    509.142   124.125
  514   11.481   11.414   35.400    1.263    510.133   123.977
  515   11.437   11.371   35.393    1.264    511.124   123.809
  516   11.387   11.321   35.385    1.266    512.116   123.632
  517   11.337   11.271   35.378    1.267    513.107   123.471
  518   11.288   11.222   35.371    1.268    514.098   123.403
  519   11.249   11.183   35.365    1.269    515.089   123.325
  520   11.205   11.139   35.359    1.270    516.081   123.148
  521   11.179   11.113   35.355    1.271    517.072   123.029
  522   11.152   11.086   35.351    1.273    518.063   122.945
  523   11.131   11.064   35.348    1.274    519.054   122.860
  524   11.110   11.044   35.346    1.275    520.045   122.789
  525   11.104   11.037   35.345    1.276    521.037   122.704
  526   11.099   11.032   35.344    1.277    522.028   122.652
  527   11.090   11.024   35.343    1.278    523.019   122.561
  528   11.070   11.004   35.340    1.279    524.010   122.532
  529   11.059   10.993   35.339    1.281    525.001   122.417
  530   11.041   10.974   35.336    1.282    525.993   122.387
  531   11.002   10.935   35.330    1.283    526.984   122.455
  532   10.966   10.899   35.325    1.284    527.975   122.432
  533   10.886   10.819   35.313    1.285    528.966   122.479
  534   10.814   10.747   35.302    1.286    529.957   122.402
  535   10.794   10.727   35.299    1.287    530.948   122.253
  536   10.794   10.728   35.299    1.288    531.940   122.003
  537   10.794   10.727   35.300    1.290    532.931   121.940
  538   10.790   10.723   35.299    1.291    533.922   121.911
  539   10.786   10.719   35.299    1.292    534.913   121.895
  540   10.782   10.715   35.298    1.293    535.904   121.799
  541   10.777   10.710   35.298    1.294    536.895   121.694
  542   10.773   10.705   35.297    1.295    537.886   121.641
  543   10.772   10.705   35.297    1.296    538.877   121.677
  544   10.772   10.704   35.297    1.297    539.869   121.783
  545   10.769   10.702   35.297    1.299    540.860   121.854
  546   10.769   10.701   35.297    1.300    541.851   121.809
  547   10.768   10.700   35.297    1.301    542.842   121.773
  548   10.750   10.682   35.294    1.302    543.833   121.699
  549   10.675   10.607   35.283    1.303    544.824   121.749
  550   10.658   10.590   35.280    1.304    545.815   121.563
  551   10.640   10.572   35.278    1.305    546.806   121.512
  552   10.605   10.537   35.273    1.306    547.797   121.504
  553   10.579   10.511   35.269    1.308    548.788   121.427
  554   10.552   10.484   35.265    1.309    549.779   121.353
  555   10.538   10.470   35.262    1.310    550.770   121.311
  556   10.505   10.437   35.258    1.311    551.762   121.263
  557   10.489   10.421   35.255    1.312    552.753   121.187
  558   10.485   10.417   35.255    1.313    553.744   121.148
  559   10.478   10.410   35.253    1.314    554.735   121.119
  560   10.465   10.397   35.252    1.315    555.726   121.048
  561   10.452   10.384   35.250    1.316    556.717   120.976
  562   10.416   10.348   35.245    1.318    557.708   120.966
  563   10.378   10.310   35.239    1.319    558.699   120.908
  564   10.360   10.291   35.237    1.320    559.690   120.894
  565   10.345   10.277   35.234    1.321    560.681   120.898
  566   10.332   10.263   35.232    1.322    561.672   120.924
  567   10.319   10.251   35.231    1.323    562.663   120.910
  568   10.313   10.245   35.230    1.324    563.654   120.881
  569   10.300   10.232   35.228    1.325    564.645   120.886
  570   10.288   10.219   35.226    1.326    565.636   120.892
  571   10.276   10.208   35.224    1.327    566.627   120.896
  572   10.246   10.177   35.220    1.329    567.618   120.885
  573   10.237   10.168   35.219    1.330    568.609   120.799
  574   10.219   10.150   35.216    1.331    569.600   120.728
  575   10.201   10.132   35.214    1.332    570.591   120.682
  576   10.202   10.133   35.214    1.333    571.582   120.658
  577   10.202   10.133   35.214    1.334    572.573   120.665
  578   10.202   10.133   35.214    1.335    573.564   120.667
  579   10.201   10.131   35.214    1.336    574.554   120.644
  580   10.201   10.132   35.214    1.337    575.545   120.626
  581   10.201   10.131   35.214    1.338    576.536   120.666
  582   10.201   10.131   35.214    1.340    577.527   120.657
  583   10.200   10.130   35.214    1.341    578.518   120.626
  584   10.198   10.128   35.214    1.342    579.509   120.635
  585   10.177   10.107   35.210    1.343    580.500   120.639
  586   10.155   10.085   35.208    1.344    581.491   120.650
  587   10.141   10.071   35.206    1.345    582.482   120.649
  588   10.124   10.054   35.203    1.346    583.473   120.630
  589   10.114   10.044   35.202    1.347    584.464   120.599
  590   10.104   10.034   35.200    1.348    585.455   120.576
  591   10.090   10.020   35.198    1.349    586.445   120.641
  592   10.069   9.998   35.195    1.350    587.436   120.635
  593   10.057   9.986   35.193    1.352    588.427   120.583
  594   10.025   9.954   35.189    1.353    589.418   120.584
  595   10.014   9.943   35.188    1.354    590.409   120.608
  596   10.007   9.936   35.187    1.355    591.400   120.587
  597   9.996   9.925   35.185    1.356    592.391   120.555
  598   9.986   9.915   35.183    1.357    593.381   120.528
  599   9.962   9.891   35.180    1.358    594.372   120.559
  600   9.944   9.873   35.178    1.359    595.363   120.549
  601   9.936   9.865   35.176    1.360    596.354   120.525
  602   9.919   9.848   35.174    1.361    597.345   120.546
  603   9.883   9.812   35.169    1.362    598.336   120.531
  604   9.876   9.805   35.168    1.363    599.327   120.472
  605   9.869   9.798   35.167    1.365    600.317   120.507
  606   9.860   9.789   35.166    1.366    601.308   120.478
  607   9.855   9.784   35.165    1.367    602.299   120.427
  608   9.844   9.772   35.164    1.368    603.290   120.369
  609   9.811   9.740   35.159    1.369    604.281   120.345
  610   9.798   9.727   35.158    1.370    605.271   120.309
  611   9.789   9.718   35.157    1.371    606.262   120.384
  612   9.778   9.707   35.155    1.372    607.253   120.406
  613   9.732   9.661   35.149    1.373    608.244   120.495
  614   9.704   9.633   35.145    1.374    609.235   120.450
  615   9.676   9.605   35.141    1.375    610.225   120.432
  616   9.643   9.572   35.137    1.376    611.216   120.385
  617   9.624   9.553   35.134    1.377    612.207   120.386
  618   9.599   9.527   35.130    1.378    613.198   120.456
  619   9.586   9.515   35.128    1.379    614.188   120.457
  620   9.577   9.505   35.127    1.381    615.179   120.338
  621   9.570   9.498   35.126    1.382    616.170   120.306
  622   9.554   9.482   35.125    1.383    617.161   120.398
  623   9.535   9.463   35.122    1.384    618.151   120.427
  624   9.498   9.426   35.117    1.385    619.142   120.494
  625   9.481   9.409   35.115    1.386    620.133   120.388
  626   9.466   9.394   35.113    1.387    621.123   120.402
  627   9.456   9.384   35.112    1.388    622.114   120.414
  628   9.444   9.372   35.110    1.389    623.105   120.418
  629   9.436   9.364   35.109    1.390    624.096   120.455
  630   9.426   9.354   35.108    1.391    625.086   120.537
  631   9.408   9.336   35.106    1.392    626.077   120.579
  632   9.385   9.313   35.103    1.393    627.068   120.518
  633   9.373   9.301   35.102    1.394    628.058   120.437
  634   9.355   9.283   35.099    1.395    629.049   120.413
  635   9.342   9.269   35.097    1.396    630.040   120.493
  636   9.304   9.232   35.093    1.397    631.030   120.537
  637   9.272   9.199   35.088    1.398    632.021   120.591
  638   9.242   9.170   35.085    1.399    633.012   120.575
  639   9.216   9.143   35.081    1.400    634.002   120.672
  640   9.207   9.135   35.080    1.401    634.993   120.799
  641   9.199   9.126   35.079    1.403    635.984   120.924
  642   9.185   9.113   35.077    1.404    636.974   120.944
  643   9.159   9.086   35.073    1.405    637.965   120.972
  644   9.145   9.072   35.071    1.406    638.956   120.957
  645   9.125   9.052   35.069    1.407    639.946   120.953
  646   9.116   9.043   35.068    1.408    640.937   120.878
  647   9.109   9.037   35.067    1.409    641.928   120.871
  648   9.094   9.022   35.066    1.410    642.918   120.889
  649   9.050   8.978   35.060    1.411    643.909   120.979
  650   9.034   8.961   35.058    1.412    644.899   120.948
  651   9.019   8.947   35.056    1.413    645.890   121.013
  652   9.004   8.931   35.055    1.414    646.881   121.085
  653   8.994   8.921   35.054    1.415    647.871   121.056
  654   8.975   8.902   35.051    1.416    648.862   121.067
  655   8.953   8.880   35.049    1.417    649.852   121.096
  656   8.927   8.855   35.046    1.418    650.843   121.198
  657   8.888   8.815   35.041    1.419    651.834   121.328
  658   8.828   8.756   35.034    1.420    652.824   121.426
  659   8.818   8.746   35.032    1.421    653.815   121.438
  660   8.814   8.741   35.031    1.422    654.805   121.509
  661   8.784   8.711   35.028    1.423    655.796   121.655
  662   8.749   8.676   35.024    1.424    656.786   121.692
  663   8.720   8.647   35.021    1.425    657.777   121.631
  664   8.692   8.619   35.018    1.426    658.767   121.650
  665   8.667   8.594   35.015    1.427    659.758   121.694
  666   8.651   8.579   35.013    1.428    660.748   121.773
  667   8.646   8.573   35.013    1.429    661.739   121.814
  668   8.630   8.558   35.011    1.430    662.730   121.847
  669   8.565   8.492   35.004    1.431    663.720   121.904
  670   8.563   8.490   35.003    1.432    664.711   121.793
  671   8.560   8.487   35.003    1.433    665.701   121.935
  672   8.553   8.480   35.002    1.434    666.692   122.128
  673   8.530   8.457   35.000    1.435    667.682   122.157
  674   8.509   8.437   34.998    1.436    668.673   122.151
  675   8.464   8.392   34.993    1.437    669.663   122.225
  676   8.423   8.350   34.988    1.438    670.654   122.301
  677   8.371   8.298   34.983    1.439    671.644   122.443
  678   8.364   8.291   34.982    1.440    672.634   122.559
  679   8.350   8.277   34.981    1.441    673.625   122.671
  680   8.338   8.265   34.979    1.442    674.615   122.786
  681   8.335   8.262   34.979    1.443    675.606   122.848
  682   8.332   8.259   34.979    1.444    676.596   122.922
  683   8.331   8.258   34.979    1.445    677.587   122.949
  684   8.330   8.257   34.979    1.446    678.577   123.017
  685   8.330   8.257   34.979    1.447    679.568   123.010
  686   8.329   8.256   34.979    1.448    680.558   122.983
  687   8.314   8.241   34.978    1.449    681.549   122.952
  688   8.296   8.223   34.976    1.450    682.539   122.930
  689   8.285   8.211   34.975    1.451    683.529   122.941
  690   8.281   8.207   34.974    1.452    684.520   122.963
  691   8.274   8.201   34.973    1.453    685.510   123.045
  692   8.273   8.200   34.973    1.454    686.501   123.079
  693   8.271   8.197   34.973    1.455    687.491   123.037
  694   8.266   8.192   34.973    1.455    688.481   123.054
  695   8.258   8.184   34.972    1.456    689.472   123.055
  696   8.252   8.178   34.971    1.457    690.462   123.133
  697   8.244   8.170   34.970    1.458    691.453   123.140
  698   8.238   8.164   34.969    1.459    692.443   123.156
  699   8.223   8.149   34.968    1.460    693.433   123.235
  700   8.210   8.136   34.966    1.461    694.424   123.228
  701   8.207   8.133   34.966    1.462    695.414   123.160
  702   8.206   8.132   34.966    1.463    696.404   123.233
  703   8.203   8.128   34.965    1.464    697.395   123.251
  704   8.202   8.127   34.965    1.465    698.385   123.292
  705   8.190   8.115   34.964    1.466    699.376   123.317
  706   8.144   8.070   34.960    1.467    700.366   123.393
  707   8.134   8.059   34.958    1.468    701.356   123.341
  708   8.132   8.057   34.958    1.469    702.347   123.447
  709   8.130   8.055   34.958    1.470    703.337   123.570
  710   8.114   8.039   34.956    1.471    704.327   123.645
  711   8.093   8.018   34.955    1.472    705.318   123.578
  712   8.080   8.005   34.953    1.473    706.308   123.574
  713   8.070   7.995   34.952    1.474    707.298   123.739
  714   8.057   7.982   34.951    1.475    708.288   123.867
  715   8.049   7.974   34.951    1.476    709.279   123.962
  716   8.040   7.965   34.950    1.477    710.269   123.991
  717   8.005   7.930   34.947    1.478    711.259   124.091
  718   7.983   7.908   34.945    1.479    712.250   124.083
  719   7.968   7.893   34.944    1.480    713.240   124.217
  720   7.932   7.857   34.941    1.481    714.230   124.422
  721   7.906   7.831   34.938    1.482    715.220   124.599
  722   7.872   7.797   34.936    1.482    716.211   124.833
  723   7.849   7.775   34.933    1.483    717.201   124.971
  724   7.829   7.754   34.932    1.484    718.191   125.116
  725   7.802   7.728   34.930    1.485    719.182   125.277
  726   7.777   7.702   34.927    1.486    720.172   125.489
  727   7.762   7.687   34.926    1.487    721.162   125.675
  728   7.745   7.670   34.924    1.488    722.152   125.821
  729   7.728   7.653   34.923    1.489    723.142   125.964
  730   7.718   7.643   34.922    1.490    724.133   126.036
  731   7.703   7.628   34.921    1.491    725.123   126.064
  732   7.686   7.611   34.919    1.492    726.113   126.126
  733   7.670   7.596   34.918    1.493    727.103   126.245
  734   7.661   7.586   34.917    1.494    728.094   126.332
  735   7.636   7.561   34.915    1.495    729.084   126.450
  736   7.609   7.534   34.914    1.495    730.074   126.501
  737   7.603   7.528   34.913    1.496    731.064   126.524
  738   7.600   7.525   34.913    1.497    732.054   126.630
  739   7.588   7.512   34.912    1.498    733.045   126.903
  740   7.571   7.496   34.911    1.499    734.035   127.052
  741   7.558   7.483   34.910    1.500    735.025   127.072
  742   7.544   7.469   34.909    1.501    736.015   127.070
  743   7.515   7.440   34.907    1.502    737.005   127.205
  744   7.496   7.421   34.905    1.503    737.995   127.269
  745   7.491   7.415   34.905    1.504    738.986   127.402
  746   7.483   7.408   34.905    1.505    739.976   127.643
  747   7.475   7.400   34.904    1.506    740.966   127.850
  748   7.469   7.393   34.904    1.506    741.956   127.890
  749   7.461   7.386   34.904    1.507    742.946   127.959
  750   7.459   7.383   34.903    1.508    743.936   128.040
  751   7.455   7.379   34.903    1.509    744.926   128.073
  752   7.449   7.373   34.903    1.510    745.917   128.095
  753   7.430   7.354   34.902    1.511    746.907   128.110
  754   7.399   7.324   34.899    1.512    747.897   128.107
  755   7.379   7.303   34.898    1.513    748.887   128.141
  756   7.370   7.295   34.897    1.514    749.877   128.347
  757   7.361   7.285   34.897    1.515    750.867   128.616
  758   7.341   7.266   34.896    1.516    751.857   128.860
  759   7.337   7.262   34.895    1.516    752.847   128.999
  760   7.336   7.260   34.895    1.517    753.837   129.058
  761   7.335   7.259   34.895    1.518    754.828   129.045
  762   7.325   7.249   34.895    1.519    755.818   129.085
  763   7.252   7.177   34.890    1.520    756.808   129.299
  764   7.226   7.150   34.889    1.521    757.798   129.354
  765   7.218   7.143   34.888    1.522    758.788   129.592
  766   7.202   7.126   34.888    1.523    759.778   130.101
  767   7.181   7.105   34.887    1.524    760.768   130.480
  768   7.151   7.076   34.887    1.524    761.758   130.700
  769   7.145   7.069   34.888    1.525    762.748   130.823
  770   7.134   7.059   34.888    1.526    763.738   131.144
  771   7.122   7.046   34.887    1.527    764.728   131.463
  772   7.118   7.042   34.887    1.528    765.718   131.715
  773   7.111   7.035   34.887    1.529    766.708   131.898
  774   7.102   7.026   34.887    1.530    767.698   132.018
  775   7.097   7.021   34.887    1.531    768.688   132.078
  776   7.091   7.015   34.887    1.531    769.678   132.176
  777   7.070   6.994   34.886    1.532    770.668   132.265
  778   7.041   6.965   34.885    1.533    771.658   132.359
  779   7.020   6.944   34.885    1.534    772.648   132.506
  780   7.001   6.925   34.883    1.535    773.638   132.816
  781   6.989   6.913   34.886    1.536    774.628   133.156
  782   6.993   6.917   34.892    1.537    775.618   133.397
  783   6.972   6.896   34.893    1.537    776.608   133.705
  784   6.961   6.884   34.892    1.538    777.598   133.930
  785   6.953   6.877   34.893    1.539    778.588   134.207
  786   6.945   6.869   34.892    1.540    779.578   134.518
  787   6.935   6.859   34.891    1.541    780.568   134.719
  788   6.927   6.850   34.892    1.542    781.558   134.857
  789   6.921   6.845   34.894    1.542    782.548   134.956
  790   6.912   6.836   34.895    1.543    783.538   135.077
  791   6.896   6.819   34.896    1.544    784.528   135.233
  792   6.878   6.802   34.895    1.545    785.518   135.422
  793   6.867   6.790   34.895    1.546    786.508   135.703
  794   6.859   6.783   34.895    1.547    787.498   135.948
  795   6.857   6.780   34.895    1.547    788.488   136.208
  796   6.857   6.780   34.895    1.548    789.477   136.368
  797   6.857   6.780   34.895    1.549    790.467   136.532
  798   6.858   6.781   34.895    1.550    791.457   136.557
  799   6.858   6.781   34.896    1.551    792.447   136.532
  800   6.860   6.782   34.898    1.552    793.437   136.530
  801   6.865   6.788   34.900    1.552    794.427   136.529
  802   6.873   6.795   34.901    1.553    795.417   136.521
  803   6.878   6.800   34.903    1.554    796.407   136.543
  804   6.894   6.816   34.907    1.555    797.397   136.525
  805   6.906   6.828   34.911    1.556    798.387   136.473
  806   6.911   6.833   34.917    1.557    799.376   136.459
  807   6.910   6.832   34.918    1.557    800.366   136.457
  808   6.907   6.828   34.919    1.558    801.356   136.502
  809   6.897   6.819   34.919    1.559    802.346   136.583
  810   6.887   6.809   34.919    1.560    803.336   136.652
  811   6.881   6.803   34.918    1.561    804.326   136.806
  812   6.875   6.796   34.918    1.562    805.316   136.994
  813   6.865   6.787   34.917    1.562    806.305   137.129
  814   6.847   6.768   34.915    1.563    807.295   137.256
  815   6.831   6.752   34.913    1.564    808.285   137.333
  816   6.806   6.727   34.910    1.565    809.275   137.443
  817   6.786   6.707   34.907    1.566    810.265   137.506
  818   6.766   6.688   34.905    1.566    811.254   137.620
  819   6.750   6.671   34.903    1.567    812.244   137.754
  820   6.724   6.646   34.900    1.568    813.234   138.008
  821   6.712   6.634   34.899    1.569    814.224   138.257
  822   6.697   6.619   34.896    1.570    815.214   138.562
  823   6.692   6.613   34.896    1.571    816.203   138.803
  824   6.657   6.578   34.892    1.571    817.193   139.061
  825   6.603   6.525   34.887    1.572    818.183   139.200
  826   6.593   6.515   34.885    1.573    819.173   139.302
  827   6.586   6.508   34.885    1.574    820.163   139.591
  828   6.579   6.501   34.885    1.575    821.152   140.126
  829   6.559   6.480   34.885    1.575    822.142   140.474
  830   6.550   6.471   34.885    1.576    823.132   140.652
  831   6.533   6.454   34.883    1.577    824.122   140.848
  832   6.514   6.436   34.882    1.578    825.111   141.061
  833   6.496   6.417   34.881    1.579    826.101   141.311
  834   6.478   6.399   34.880    1.579    827.091   141.559
  835   6.459   6.381   34.879    1.580    828.081   141.825
  836   6.443   6.365   34.879    1.581    829.070   142.137
  837   6.415   6.337   34.879    1.582    830.060   142.526
  838   6.397   6.319   34.881    1.583    831.050   142.822
  839   6.385   6.306   34.881    1.583    832.040   143.181
  840   6.381   6.303   34.881    1.584    833.029   143.570
  841   6.358   6.280   34.881    1.585    834.019   144.036
  842   6.347   6.269   34.881    1.586    835.009   144.431
  843   6.340   6.262   34.881    1.586    835.998   144.872
  844   6.337   6.258   34.881    1.587    836.988   145.160
  845   6.331   6.252   34.882    1.588    837.978   145.278
  846   6.321   6.243   34.882    1.589    838.967   145.403
  847   6.314   6.235   34.882    1.590    839.957   145.538
  848   6.305   6.227   34.882    1.590    840.947   145.786
  849   6.293   6.214   34.882    1.591    841.936   145.959
  850   6.279   6.200   34.881    1.592    842.926   146.042
  851   6.257   6.178   34.882    1.593    843.916   146.270
  852   6.249   6.170   34.883    1.593    844.905   146.402
  853   6.238   6.160   34.885    1.594    845.895   146.832
  854   6.199   6.121   34.884    1.595    846.885   147.209
  855   6.187   6.108   34.884    1.596    847.874   147.435
  856   6.178   6.100   34.884    1.596    848.864   147.816
  857   6.175   6.096   34.885    1.597    849.854   148.226
  858   6.190   6.111   34.891    1.598    850.843   148.597
  859   6.193   6.114   34.893    1.599    851.833   148.909
  860   6.215   6.136   34.900    1.599    852.822   148.722
  861   6.221   6.142   34.904    1.600    853.812   148.302
  862   6.215   6.135   34.906    1.601    854.802   147.663
  863   6.199   6.119   34.906    1.602    855.791   147.060
  864   6.184   6.104   34.906    1.602    856.781   146.532
  865   6.174   6.094   34.905    1.603    857.770   146.447
  866   6.165   6.085   34.904    1.604    858.760   146.623
  867   6.148   6.069   34.905    1.605    859.750   146.943
  868   6.143   6.064   34.906    1.605    860.739   147.169
  869   6.118   6.039   34.907    1.606    861.729   147.498
  870   6.088   6.009   34.907    1.607    862.718   147.730
  871   6.082   6.003   34.906    1.607    863.708   147.930
  872   6.071   5.991   34.907    1.608    864.698   148.276
  873   6.062   5.982   34.907    1.609    865.687   148.639
  874   6.043   5.963   34.907    1.610    866.677   148.938
  875   6.024   5.945   34.907    1.610    867.666   149.128
  876   6.013   5.934   34.907    1.611    868.656   149.308
  877   6.004   5.925   34.907    1.612    869.645   149.488
  878   5.988   5.908   34.908    1.612    870.635   149.798
  879   5.976   5.896   34.908    1.613    871.624   150.229
  880   5.954   5.874   34.909    1.614    872.614   150.775
  881   5.928   5.849   34.910    1.615    873.603   151.112
  882   5.908   5.828   34.910    1.615    874.593   151.503
  883   5.860   5.781   34.910    1.616    875.582   152.002
  884   5.850   5.770   34.910    1.617    876.572   152.762
  885   5.840   5.760   34.910    1.617    877.561   153.695
  886   5.829   5.749   34.911    1.618    878.551   154.315
  887   5.823   5.744   34.911    1.619    879.540   154.707
  888   5.814   5.735   34.911    1.619    880.530   155.096
  889   5.810   5.730   34.912    1.620    881.519   155.520
  890   5.806   5.727   34.912    1.621    882.509   155.802
  891   5.805   5.725   34.912    1.621    883.498   155.986
  892   5.802   5.722   34.912    1.622    884.488   156.074
  893   5.799   5.719   34.912    1.623    885.477   156.212
  894   5.793   5.714   34.912    1.624    886.467   156.313
  895   5.792   5.712   34.912    1.624    887.456   156.363
  896   5.790   5.710   34.912    1.625    888.446   156.466
  897   5.784   5.704   34.913    1.626    889.435   156.508
  898   5.776   5.696   34.913    1.626    890.424   156.591
  899   5.766   5.686   34.913    1.627    891.414   156.673
  900   5.763   5.683   34.913    1.628    892.403   156.762
  901   5.763   5.683   34.913    1.628    893.393   156.919
  902   5.762   5.682   34.913    1.629    894.382   157.036
  903   5.762   5.681   34.913    1.630    895.372   157.250
  904   5.755   5.674   34.914    1.630    896.361   157.411
  905   5.748   5.668   34.914    1.631    897.350   157.512
  906   5.743   5.663   34.914    1.632    898.340   157.606
  907   5.740   5.659   34.914    1.632    899.329   157.715
  908   5.737   5.656   34.914    1.633    900.319   157.818
  909   5.734   5.653   34.914    1.634    901.308   157.958
  910   5.730   5.649   34.914    1.634    902.297   158.034
  911   5.728   5.647   34.914    1.635    903.287   158.086
  912   5.720   5.639   34.914    1.636    904.276   158.186
  913   5.713   5.632   34.914    1.636    905.265   158.320
  914   5.711   5.630   34.915    1.637    906.255   158.429
  915   5.711   5.630   34.915    1.638    907.244   158.551
  916   5.711   5.630   34.915    1.638    908.234   158.699
  917   5.710   5.629   34.915    1.639    909.223   158.861
  918   5.710   5.628   34.915    1.640    910.212   158.975
  919   5.708   5.627   34.915    1.640    911.202   159.102
  920   5.700   5.619   34.915    1.641    912.191   159.142
  921   5.690   5.609   34.915    1.642    913.180   159.198
  922   5.670   5.589   34.916    1.642    914.170   159.333
  923   5.628   5.546   34.917    1.643    915.159   159.663
  924   5.610   5.529   34.917    1.644    916.148   160.021
  925   5.597   5.516   34.917    1.644    917.138   160.702
  926   5.566   5.485   34.918    1.645    918.127   161.586
  927   5.529   5.448   34.919    1.646    919.116   162.356
  928   5.517   5.436   34.919    1.646    920.105   162.993
  929   5.515   5.434   34.919    1.647    921.095   163.703
  930   5.513   5.432   34.920    1.648    922.084   164.483
  931   5.508   5.427   34.920    1.648    923.073   164.956
  932   5.507   5.425   34.920    1.649    924.063   165.215
  933   5.506   5.424   34.920    1.650    925.052   165.277
  934   5.505   5.423   34.920    1.650    926.041   165.408
  935   5.502   5.420   34.921    1.651    927.030   165.447
  936   5.498   5.417   34.921    1.652    928.020   165.450
  937   5.498   5.416   34.921    1.652    929.009   165.459
  938   5.495   5.413   34.921    1.653    929.998   165.521
  939   5.493   5.411   34.921    1.653    930.987   165.682
  940   5.490   5.408   34.921    1.654    931.977   165.743
  941   5.484   5.402   34.921    1.655    932.966   165.804
  942   5.475   5.393   34.922    1.655    933.955   165.867
  943   5.460   5.378   34.922    1.656    934.944   165.994
  944   5.448   5.366   34.923    1.657    935.934   166.159
  945   5.441   5.359   34.923    1.657    936.923   166.399
  946   5.439   5.357   34.923    1.658    937.912   166.694
  947   5.438   5.356   34.923    1.659    938.901   167.019
  948   5.433   5.351   34.923    1.659    939.890   167.365
  949   5.420   5.337   34.924    1.660    940.880   167.520
  950   5.403   5.321   34.924    1.660    941.869   167.626
  951   5.398   5.315   34.925    1.661    942.858   167.665
  952   5.381   5.298   34.925    1.662    943.847   167.902
  953   5.366   5.284   34.926    1.662    944.836   168.236
  954   5.356   5.273   34.926    1.663    945.826   168.743
  955   5.351   5.269   34.926    1.664    946.815   169.074
  956   5.349   5.266   34.926    1.664    947.804   169.399
  957   5.345   5.262   34.926    1.665    948.793   169.724
  958   5.343   5.260   34.926    1.665    949.782   169.929
  959   5.337   5.254   34.927    1.666    950.771   170.005
  960   5.331   5.249   34.927    1.667    951.761   170.059
  961   5.332   5.249   34.927    1.667    952.750   170.128
  962   5.332   5.249   34.927    1.668    953.739   170.264
  963   5.329   5.246   34.927    1.669    954.728   170.359
  964   5.327   5.244   34.927    1.669    955.717   170.404
  965   5.327   5.244   34.927    1.670    956.706   170.456
  966   5.323   5.240   34.927    1.670    957.695   170.537
  967   5.314   5.231   34.928    1.671    958.684   170.618
  968   5.293   5.210   34.928    1.672    959.674   170.678
  969   5.287   5.204   34.928    1.672    960.663   170.759
  970   5.275   5.191   34.929    1.673    961.652   171.001
  971   5.238   5.155   34.930    1.673    962.641   171.272
  972   5.220   5.137   34.930    1.674    963.630   171.623
  973   5.202   5.119   34.931    1.675    964.619   172.209
  974   5.191   5.108   34.931    1.675    965.608   172.753
  975   5.181   5.098   34.931    1.676    966.597   173.204
  976   5.177   5.094   34.932    1.676    967.586   173.613
  977   5.178   5.095   34.932    1.677    968.575   174.079
  978   5.173   5.090   34.932    1.678    969.564   174.432
  979   5.167   5.084   34.932    1.678    970.553   174.671
  980   5.164   5.081   34.933    1.679    971.542   174.746
  981   5.162   5.079   34.933    1.679    972.532   174.821
  982   5.162   5.079   34.933    1.680    973.521   174.889
  983   5.162   5.078   34.933    1.681    974.510   174.967
  984   5.160   5.076   34.933    1.681    975.499   175.088
  985   5.156   5.072   34.933    1.682    976.488   175.199
  986   5.156   5.072   34.933    1.682    977.477   175.309
  987   5.157   5.073   34.933    1.683    978.466   175.352
  988   5.157   5.073   34.933    1.684    979.455   175.373
  989   5.158   5.074   34.933    1.684    980.444   175.367
  990   5.158   5.073   34.933    1.685    981.433   175.383
  991   5.158   5.074   34.933    1.685    982.422   175.411
  992   5.156   5.072   34.933    1.686    983.411   175.448
  993   5.155   5.071   34.933    1.687    984.400   175.398
  994   5.154   5.069   34.933    1.687    985.389   175.468
  995   5.154   5.070   34.933    1.688    986.378   175.483
  996   5.154   5.070   34.933    1.688    987.367   175.540
  997   5.152   5.067   34.933    1.689    988.356   175.570
  998   5.152   5.067   34.933    1.690    989.345   175.556
  999   5.152   5.067   34.933    1.690    990.334   175.555
 1000   5.152   5.067   34.933    1.691    991.323   175.578
 1001   5.152   5.067   34.933    1.691    992.312   175.515
 1002   5.152   5.067   34.933    1.692    993.301   175.545
 1003   5.152   5.067   34.933    1.692    994.289   175.651
 1004   5.152   5.067   34.933    1.693    995.278   175.566
 1005   5.153   5.067   34.933    1.694    996.267   175.549
 1006   5.153   5.067   34.933    1.694    997.256   175.556
 1007   5.154   5.068   34.933    1.695    998.245   175.533
