 station cast   lat    long    jday   mo/da/yr   gmt
  53      1   27.333 -95.000   271    09/28/21  0937 
 
    File created by Jay Hooper - 13-Dec-2021   
            GOMECC4 Cruise Sep 2021 
             NOAA Ship Ronald H Brown
                  
 
     Primary (T,S,O) sensors - Calibrated CTD data   

   pr       te       th       sa       ht       ga       ox
dbars    deg c    deg c      psu  dyn. cm    gamma  umol/kg
    1   29.221   29.221   35.971    0.005    0.993   194.718
    2   29.221   29.221   35.971    0.010    1.987   194.744
    3   29.221   29.220   35.970    0.015    2.980   194.771
    4   29.221   29.220   35.970    0.021    3.974   194.798
    5   29.221   29.220   35.970    0.026    4.967   194.638
    6   29.222   29.220   35.970    0.031    5.960   195.246
    7   29.223   29.221   35.970    0.036    6.954   195.031
    8   29.223   29.221   35.970    0.041    7.947   195.322
    9   29.223   29.221   35.970    0.046    8.940   195.289
   10   29.221   29.218   35.970    0.051    9.934   195.156
   11   29.220   29.218   35.970    0.056    10.927   195.177
   12   29.224   29.221   35.971    0.062    11.920   195.138
   13   29.226   29.223   35.972    0.067    12.914   195.589
   14   29.227   29.223   35.972    0.072    13.907   195.461
   15   29.227   29.224   35.972    0.077    14.900   194.730
   16   29.228   29.224   35.972    0.082    15.894   195.423
   17   29.228   29.224   35.972    0.087    16.887   195.237
   18   29.228   29.223   35.972    0.092    17.880   195.113
   19   29.228   29.223   35.972    0.097    18.874   195.340
   20   29.228   29.223   35.973    0.103    19.867   195.156
   21   29.228   29.223   35.972    0.108    20.860   194.958
   22   29.228   29.223   35.972    0.113    21.854   195.427
   23   29.228   29.223   35.972    0.118    22.847   195.495
   24   29.229   29.223   35.973    0.123    23.840   195.559
   25   29.229   29.223   35.973    0.128    24.833   195.407
   26   29.229   29.223   35.974    0.133    25.827   195.364
   27   29.229   29.222   35.975    0.139    26.820   195.834
   28   29.229   29.222   35.974    0.144    27.813   195.606
   29   29.229   29.222   35.973    0.149    28.807   195.391
   30   29.229   29.222   35.976    0.154    29.800   195.512
   31   29.228   29.221   35.981    0.159    30.793   195.504
   32   29.228   29.220   35.984    0.164    31.786   195.691
   33   29.228   29.220   35.983    0.169    32.780   195.405
   34   29.225   29.217   35.986    0.174    33.773   195.211
   35   29.200   29.192   36.011    0.180    34.766   195.952
   36   29.192   29.183   36.019    0.185    35.759   196.569
   37   29.090   29.081   36.043    0.190    36.752   196.723
   38   28.923   28.914   36.073    0.195    37.746   199.500
   39   28.583   28.573   36.120    0.199    38.739   204.679
   40   27.771   27.761   36.221    0.204    39.732   218.496
   41   27.416   27.407   36.245    0.208    40.725   231.341
   42   27.086   27.076   36.253    0.213    41.719   232.764
   43   26.775   26.765   36.262    0.217    42.712   230.266
   44   26.596   26.586   36.270    0.221    43.705   229.251
   45   26.449   26.439   36.272    0.225    44.698   229.216
   46   26.275   26.265   36.287    0.229    45.691   228.628
   47   26.228   26.217   36.292    0.233    46.684   227.736
   48   26.216   26.206   36.294    0.237    47.678   227.804
   49   26.088   26.077   36.296    0.241    48.671   227.610
   50   25.904   25.893   36.303    0.245    49.664   224.696
   51   25.779   25.767   36.313    0.249    50.657   224.216
   52   25.556   25.544   36.318    0.252    51.650   223.602
   53   25.358   25.346   36.309    0.256    52.643   219.954
   54   25.299   25.287   36.308    0.260    53.637   222.177
   55   25.243   25.231   36.308    0.263    54.630   224.492
   56   25.088   25.076   36.308    0.267    55.623   222.255
   57   24.962   24.950   36.305    0.271    56.616   219.374
   58   24.822   24.809   36.297    0.274    57.609   218.058
   59   24.740   24.727   36.292    0.278    58.602   216.575
   60   24.669   24.656   36.290    0.281    59.595   214.331
   61   24.545   24.532   36.290    0.285    60.588   213.560
   62   24.466   24.453   36.310    0.288    61.582   213.991
   63   24.353   24.340   36.316    0.292    62.575   216.906
   64   24.329   24.315   36.315    0.295    63.568   218.739
   65   24.255   24.241   36.313    0.298    64.561   218.536
   66   24.145   24.131   36.311    0.302    65.554   217.498
   67   24.085   24.071   36.310    0.305    66.547   216.741
   68   24.065   24.051   36.311    0.309    67.540   216.005
   69   24.007   23.993   36.304    0.312    68.533   214.917
   70   23.939   23.924   36.301    0.315    69.526   213.395
   71   23.843   23.828   36.298    0.318    70.519   212.330
   72   23.746   23.731   36.295    0.322    71.512   211.048
   73   23.625   23.610   36.282    0.325    72.505   208.509
   74   23.563   23.547   36.277    0.328    73.498   203.606
   75   23.523   23.507   36.276    0.331    74.491   202.050
   76   23.424   23.408   36.278    0.335    75.484   201.955
   77   23.312   23.296   36.278    0.338    76.478   200.466
   78   23.161   23.145   36.280    0.341    77.471   197.307
   79   23.080   23.064   36.281    0.344    78.464   195.304
   80   22.988   22.972   36.280    0.347    79.457   195.360
   81   22.943   22.926   36.280    0.350    80.450   196.079
   82   22.907   22.890   36.280    0.353    81.443   196.122
   83   22.853   22.836   36.277    0.356    82.436   195.765
   84   22.791   22.774   36.274    0.359    83.429   195.450
   85   22.731   22.714   36.273    0.362    84.422   195.508
   86   22.694   22.676   36.276    0.365    85.415   194.954
   87   22.644   22.627   36.277    0.368    86.408   192.972
   88   22.585   22.567   36.276    0.371    87.401   190.659
   89   22.554   22.536   36.277    0.374    88.394   189.490
   90   22.512   22.494   36.275    0.377    89.386   189.107
   91   22.473   22.455   36.272    0.380    90.379   189.163
   92   22.426   22.407   36.270    0.383    91.372   189.448
   93   22.385   22.367   36.270    0.386    92.365   189.388
   94   22.352   22.333   36.272    0.389    93.358   188.533
   95   22.300   22.281   36.300    0.392    94.351   186.837
   96   22.163   22.143   36.326    0.394    95.344   179.829
   97   22.101   22.082   36.325    0.397    96.337   171.137
   98   22.081   22.061   36.327    0.400    97.330   168.338
   99   22.054   22.034   36.329    0.403    98.323   169.283
  100   22.004   21.984   36.329    0.405    99.316   170.068
  101   21.937   21.917   36.327    0.408    100.309   169.420
  102   21.882   21.861   36.327    0.411    101.302   168.729
  103   21.806   21.786   36.344    0.414    102.295   167.697
  104   21.786   21.765   36.367    0.416    103.288   163.878
  105   21.722   21.701   36.367    0.419    104.280   159.242
  106   21.629   21.608   36.360    0.422    105.273   156.951
  107   21.478   21.457   36.343    0.424    106.266   157.303
  108   21.397   21.376   36.332    0.427    107.259   159.320
  109   21.323   21.302   36.322    0.429    108.252   161.023
  110   21.275   21.254   36.321    0.432    109.245   161.298
  111   21.259   21.238   36.330    0.435    110.238   160.277
  112   21.229   21.207   36.354    0.437    111.231   157.985
  113   21.229   21.207   36.380    0.440    112.223   154.098
  114   21.142   21.120   36.377    0.442    113.216   149.482
  115   21.098   21.076   36.369    0.445    114.209   146.173
  116   21.004   20.982   36.350    0.447    115.202   147.305
  117   20.886   20.863   36.345    0.450    116.195   150.428
  118   20.865   20.842   36.359    0.452    117.188   151.832
  119   20.863   20.840   36.364    0.455    118.181   150.649
  120   20.843   20.820   36.372    0.457    119.173   148.739
  121   20.749   20.726   36.393    0.459    120.166   146.980
  122   20.694   20.671   36.404    0.462    121.159   143.708
  123   20.640   20.617   36.417    0.464    122.152   140.649
  124   20.588   20.564   36.430    0.467    123.145   138.634
  125   20.570   20.546   36.434    0.469    124.137   136.655
  126   20.554   20.530   36.439    0.471    125.130   135.630
  127   20.511   20.486   36.454    0.473    126.123   135.364
  128   20.458   20.434   36.464    0.476    127.116   133.653
  129   20.443   20.419   36.466    0.478    128.109   130.768
  130   20.411   20.386   36.469    0.480    129.101   130.042
  131   20.303   20.278   36.477    0.482    130.094   129.975
  132   20.228   20.203   36.496    0.485    131.087   128.798
  133   20.186   20.161   36.505    0.487    132.080   126.349
  134   20.163   20.137   36.507    0.489    133.072   124.880
  135   20.152   20.127   36.507    0.491    134.065   124.352
  136   20.152   20.126   36.508    0.493    135.058   124.354
  137   20.102   20.076   36.515    0.496    136.051   124.565
  138   19.923   19.897   36.521    0.498    137.043   124.056
  139   19.895   19.870   36.521    0.500    138.036   122.282
  140   19.872   19.846   36.522    0.502    139.029   121.026
  141   19.825   19.799   36.521    0.504    140.022   120.921
  142   19.778   19.752   36.521    0.506    141.014   120.976
  143   19.739   19.713   36.522    0.508    142.007   120.830
  144   19.715   19.688   36.522    0.510    143.000   120.675
  145   19.683   19.656   36.522    0.512    143.992   120.577
  146   19.612   19.585   36.521    0.514    144.985   120.349
  147   19.547   19.520   36.520    0.516    145.978   119.976
  148   19.520   19.493   36.519    0.518    146.970   119.610
  149   19.489   19.462   36.517    0.520    147.963   119.510
  150   19.426   19.399   36.515    0.522    148.956   119.662
  151   19.312   19.285   36.511    0.524    149.949   119.878
  152   19.232   19.205   36.510    0.526    150.941   120.449
  153   19.174   19.147   36.505    0.528    151.934   121.386
  154   19.070   19.042   36.494    0.530    152.927   122.110
  155   18.989   18.961   36.487    0.532    153.919   121.050
  156   18.939   18.911   36.482    0.534    154.912   118.584
  157   18.915   18.887   36.479    0.536    155.904   116.903
  158   18.899   18.871   36.478    0.537    156.897   116.246
  159   18.870   18.841   36.475    0.539    157.890   116.105
  160   18.771   18.743   36.465    0.541    158.882   116.080
  161   18.695   18.666   36.458    0.543    159.875   115.805
  162   18.648   18.619   36.453    0.545    160.868   115.473
  163   18.611   18.582   36.449    0.547    161.860   115.218
  164   18.580   18.551   36.446    0.549    162.853   115.326
  165   18.529   18.500   36.442    0.550    163.845   115.321
  166   18.458   18.429   36.434    0.552    164.838   115.226
  167   18.406   18.377   36.429    0.554    165.831   115.177
  168   18.380   18.350   36.426    0.556    166.823   115.258
  169   18.355   18.325   36.423    0.558    167.816   115.286
  170   18.302   18.272   36.418    0.559    168.808   115.188
  171   18.269   18.239   36.415    0.561    169.801   114.919
  172   18.235   18.205   36.410    0.563    170.794   115.047
  173   18.180   18.149   36.404    0.565    171.786   115.203
  174   18.154   18.124   36.401    0.566    172.779   115.007
  175   18.096   18.066   36.393    0.568    173.771   114.868
  176   17.995   17.964   36.383    0.570    174.764   115.026
  177   17.945   17.914   36.377    0.572    175.756   115.309
  178   17.915   17.884   36.375    0.573    176.749   115.590
  179   17.872   17.841   36.369    0.575    177.742   115.665
  180   17.797   17.766   36.360    0.577    178.734   115.628
  181   17.729   17.698   36.353    0.579    179.727   115.275
  182   17.704   17.672   36.349    0.580    180.719   114.854
  183   17.671   17.640   36.343    0.582    181.712   114.680
  184   17.553   17.521   36.329    0.584    182.704   114.609
  185   17.501   17.469   36.324    0.585    183.697   113.780
  186   17.477   17.445   36.320    0.587    184.689   113.255
  187   17.446   17.415   36.316    0.589    185.682   113.201
  188   17.400   17.368   36.309    0.590    186.674   113.202
  189   17.331   17.299   36.301    0.592    187.667   113.049
  190   17.302   17.269   36.297    0.594    188.659   113.076
  191   17.243   17.211   36.289    0.595    189.652   113.232
  192   17.188   17.156   36.283    0.597    190.644   113.165
  193   17.146   17.114   36.277    0.598    191.637   112.988
  194   17.084   17.052   36.269    0.600    192.629   113.065
  195   17.050   17.017   36.264    0.602    193.622   113.112
  196   17.028   16.995   36.262    0.603    194.614   113.093
  197   17.009   16.976   36.259    0.605    195.606   113.184
  198   16.989   16.956   36.255    0.606    196.599   113.171
  199   16.940   16.907   36.249    0.608    197.591   113.132
  200   16.902   16.869   36.244    0.610    198.584   113.106
  201   16.868   16.835   36.240    0.611    199.576   113.259
  202   16.839   16.806   36.237    0.613    200.569   113.396
  203   16.807   16.774   36.232    0.614    201.561   113.310
  204   16.746   16.712   36.224    0.616    202.553   113.238
  205   16.727   16.693   36.220    0.618    203.546   113.061
  206   16.693   16.659   36.215    0.619    204.538   113.051
  207   16.658   16.624   36.211    0.621    205.531   113.103
  208   16.645   16.611   36.209    0.622    206.523   113.080
  209   16.620   16.586   36.205    0.624    207.516   113.111
  210   16.570   16.536   36.198    0.625    208.508   113.094
  211   16.517   16.483   36.191    0.627    209.500   112.984
  212   16.512   16.477   36.190    0.628    210.493   112.939
  213   16.503   16.468   36.188    0.630    211.485   113.015
  214   16.445   16.410   36.179    0.632    212.477   113.111
  215   16.410   16.376   36.174    0.633    213.470   113.066
  216   16.354   16.319   36.166    0.635    214.462   113.003
  217   16.291   16.256   36.157    0.636    215.455   113.015
  218   16.266   16.231   36.155    0.638    216.447   112.949
  219   16.250   16.215   36.152    0.639    217.439   112.859
  220   16.218   16.183   36.147    0.641    218.432   112.829
  221   16.206   16.170   36.145    0.642    219.424   112.846
  222   16.180   16.144   36.140    0.644    220.416   112.884
  223   16.133   16.097   36.134    0.645    221.409   112.842
  224   16.089   16.053   36.127    0.647    222.401   112.698
  225   16.043   16.007   36.120    0.648    223.393   112.730
  226   16.008   15.972   36.116    0.650    224.386   112.817
  227   15.990   15.954   36.113    0.651    225.378   112.831
  228   15.950   15.913   36.106    0.653    226.370   112.871
  229   15.929   15.893   36.104    0.654    227.362   112.877
  230   15.926   15.890   36.103    0.656    228.355   112.826
  231   15.905   15.868   36.099    0.657    229.347   112.834
  232   15.874   15.837   36.094    0.659    230.339   112.893
  233   15.857   15.820   36.091    0.660    231.332   112.774
  234   15.820   15.783   36.085    0.662    232.324   112.722
  235   15.790   15.753   36.082    0.663    233.316   112.691
  236   15.755   15.718   36.077    0.665    234.308   112.700
  237   15.699   15.661   36.068    0.666    235.301   112.747
  238   15.653   15.616   36.062    0.668    236.293   112.682
  239   15.618   15.581   36.056    0.669    237.285   112.614
  240   15.572   15.534   36.049    0.670    238.277   112.572
  241   15.541   15.503   36.045    0.672    239.270   112.471
  242   15.529   15.491   36.043    0.673    240.262   112.412
  243   15.506   15.468   36.039    0.675    241.254   112.465
  244   15.485   15.447   36.037    0.676    242.246   112.471
  245   15.478   15.440   36.036    0.678    243.239   112.454
  246   15.447   15.408   36.030    0.679    244.231   112.326
  247   15.393   15.354   36.022    0.681    245.223   112.280
  248   15.360   15.321   36.016    0.682    246.215   112.269
  249   15.319   15.281   36.009    0.683    247.208   112.353
  250   15.247   15.208   35.999    0.685    248.200   112.396
  251   15.199   15.160   35.993    0.686    249.192   112.488
  252   15.165   15.127   35.987    0.688    250.184   112.581
  253   15.128   15.089   35.981    0.689    251.176   112.652
  254   15.095   15.056   35.976    0.690    252.168   112.753
  255   15.061   15.022   35.970    0.692    253.161   112.867
  256   15.021   14.982   35.965    0.693    254.153   112.868
  257   15.011   14.972   35.963    0.695    255.145   112.790
  258   14.991   14.952   35.959    0.696    256.137   112.825
  259   14.949   14.909   35.952    0.697    257.129   112.851
  260   14.912   14.873   35.948    0.699    258.121   112.742
  261   14.890   14.850   35.943    0.700    259.114   112.396
  262   14.826   14.787   35.934    0.702    260.106   112.177
  263   14.794   14.754   35.929    0.703    261.098   112.075
  264   14.768   14.729   35.926    0.704    262.090   112.070
  265   14.735   14.695   35.921    0.706    263.082   112.164
  266   14.700   14.660   35.916    0.707    264.074   112.204
  267   14.665   14.625   35.909    0.708    265.066   112.218
  268   14.630   14.590   35.905    0.710    266.059   112.326
  269   14.600   14.559   35.901    0.711    267.051   112.464
  270   14.579   14.539   35.898    0.713    268.043   112.685
  271   14.574   14.533   35.898    0.714    269.035   113.061
  272   14.569   14.529   35.897    0.715    270.027   113.496
  273   14.565   14.524   35.896    0.717    271.019   113.899
  274   14.560   14.519   35.895    0.718    272.011   114.192
  275   14.507   14.466   35.885    0.719    273.003   114.563
  276   14.446   14.405   35.875    0.721    273.995   115.058
  277   14.377   14.336   35.867    0.722    274.987   115.403
  278   14.352   14.311   35.863    0.723    275.979   115.167
  279   14.333   14.292   35.860    0.725    276.971   114.458
  280   14.323   14.282   35.858    0.726    277.964   113.722
  281   14.313   14.272   35.857    0.727    278.956   113.384
  282   14.287   14.245   35.852    0.729    279.948   113.306
  283   14.260   14.218   35.848    0.730    280.940   113.334
  284   14.234   14.192   35.845    0.731    281.932   113.336
  285   14.212   14.170   35.841    0.733    282.924   113.224
  286   14.191   14.149   35.837    0.734    283.916   112.977
  287   14.168   14.125   35.834    0.735    284.908   112.635
  288   14.134   14.091   35.828    0.737    285.900   112.460
  289   14.104   14.061   35.823    0.738    286.892   112.335
  290   14.069   14.026   35.818    0.739    287.884   112.144
  291   14.052   14.009   35.817    0.741    288.876   111.914
  292   14.042   13.999   35.815    0.742    289.868   111.815
  293   14.025   13.982   35.812    0.743    290.860   111.917
  294   13.973   13.930   35.802    0.745    291.852   112.104
  295   13.931   13.888   35.797    0.746    292.844   112.107
  296   13.907   13.864   35.793    0.747    293.836   111.874
  297   13.881   13.837   35.789    0.748    294.828   111.323
  298   13.859   13.816   35.785    0.750    295.820   110.708
  299   13.847   13.803   35.783    0.751    296.812   110.302
  300   13.827   13.784   35.779    0.752    297.804   110.115
  301   13.785   13.741   35.773    0.754    298.796   110.192
  302   13.736   13.693   35.767    0.755    299.788   110.299
  303   13.715   13.671   35.764    0.756    300.780   110.491
  304   13.699   13.655   35.761    0.757    301.772   110.685
  305   13.678   13.635   35.758    0.759    302.763   110.887
  306   13.653   13.609   35.754    0.760    303.755   111.005
  307   13.620   13.576   35.748    0.761    304.747   111.086
  308   13.600   13.556   35.745    0.763    305.739   111.030
  309   13.579   13.535   35.741    0.764    306.731   111.059
  310   13.534   13.490   35.734    0.765    307.723   110.932
  311   13.475   13.430   35.724    0.766    308.715   110.847
  312   13.425   13.380   35.718    0.768    309.707   110.657
  313   13.409   13.365   35.716    0.769    310.699   110.460
  314   13.389   13.345   35.712    0.770    311.691   110.429
  315   13.348   13.303   35.706    0.771    312.683   110.395
  316   13.292   13.247   35.696    0.773    313.674   110.324
  317   13.259   13.215   35.693    0.774    314.666   110.204
  318   13.255   13.210   35.692    0.775    315.658   110.191
  319   13.246   13.201   35.689    0.776    316.650   110.228
  320   13.188   13.143   35.682    0.778    317.642   110.309
  321   13.173   13.128   35.680    0.779    318.634   110.315
  322   13.162   13.117   35.678    0.780    319.626   110.321
  323   13.149   13.104   35.676    0.781    320.618   110.269
  324   13.123   13.078   35.671    0.783    321.609   110.244
  325   13.109   13.064   35.669    0.784    322.601   110.160
  326   13.067   13.022   35.662    0.785    323.593   110.185
  327   13.047   13.001   35.661    0.786    324.585   110.226
  328   13.043   12.997   35.660    0.788    325.577   110.310
  329   13.041   12.995   35.659    0.789    326.569   110.420
  330   13.017   12.971   35.654    0.790    327.560   110.538
  331   12.972   12.926   35.649    0.791    328.552   110.612
  332   12.956   12.909   35.646    0.793    329.544   110.650
  333   12.944   12.898   35.644    0.794    330.536   110.727
  334   12.929   12.883   35.642    0.795    331.528   110.822
  335   12.907   12.860   35.638    0.796    332.519   110.901
  336   12.886   12.839   35.635    0.797    333.511   110.949
  337   12.868   12.821   35.632    0.799    334.503   111.011
  338   12.857   12.810   35.630    0.800    335.495   111.163
  339   12.840   12.793   35.626    0.801    336.487   111.256
  340   12.796   12.749   35.620    0.802    337.478   111.314
  341   12.763   12.717   35.616    0.804    338.470   111.278
  342   12.742   12.695   35.612    0.805    339.462   111.310
  343   12.719   12.672   35.607    0.806    340.454   111.316
  344   12.699   12.652   35.604    0.807    341.445   111.436
  345   12.647   12.600   35.595    0.808    342.437   111.691
  346   12.598   12.551   35.589    0.810    343.429   111.823
  347   12.573   12.526   35.583    0.811    344.421   112.072
  348   12.526   12.479   35.576    0.812    345.412   112.528
  349   12.503   12.456   35.574    0.813    346.404   113.189
  350   12.501   12.453   35.573    0.814    347.396   113.711
  351   12.471   12.424   35.568    0.816    348.387   114.102
  352   12.449   12.401   35.565    0.817    349.379   114.170
  353   12.430   12.383   35.563    0.818    350.371   114.124
  354   12.419   12.371   35.562    0.819    351.363   114.072
  355   12.413   12.365   35.561    0.820    352.354   114.069
  356   12.396   12.348   35.558    0.822    353.346   114.103
  357   12.383   12.335   35.556    0.823    354.338   113.957
  358   12.374   12.326   35.554    0.824    355.329   113.856
  359   12.357   12.309   35.551    0.825    356.321   113.798
  360   12.310   12.262   35.543    0.826    357.313   113.734
  361   12.259   12.211   35.537    0.828    358.304   113.549
  362   12.232   12.184   35.533    0.829    359.296   113.131
  363   12.212   12.164   35.529    0.830    360.288   112.826
  364   12.197   12.149   35.527    0.831    361.279   112.672
  365   12.190   12.142   35.525    0.832    362.271   112.718
  366   12.136   12.087   35.515    0.833    363.263   112.817
  367   12.099   12.050   35.511    0.835    364.254   112.953
  368   12.069   12.020   35.507    0.836    365.246   113.211
  369   12.041   11.992   35.502    0.837    366.238   113.508
  370   12.021   11.972   35.499    0.838    367.229   113.658
  371   12.000   11.951   35.496    0.839    368.221   113.700
  372   11.976   11.926   35.492    0.840    369.212   113.647
  373   11.936   11.887   35.486    0.842    370.204   113.611
  374   11.913   11.863   35.483    0.843    371.196   113.564
  375   11.889   11.840   35.479    0.844    372.187   113.506
  376   11.869   11.819   35.477    0.845    373.179   113.392
  377   11.844   11.794   35.474    0.846    374.170   113.222
  378   11.829   11.779   35.472    0.847    375.162   113.036
  379   11.817   11.767   35.470    0.849    376.154   112.958
  380   11.776   11.726   35.462    0.850    377.145   112.911
  381   11.737   11.687   35.459    0.851    378.137   112.899
  382   11.730   11.680   35.458    0.852    379.128   112.803
  383   11.708   11.658   35.453    0.853    380.120   112.708
  384   11.669   11.619   35.448    0.854    381.112   112.578
  385   11.659   11.609   35.447    0.855    382.103   112.348
  386   11.656   11.606   35.447    0.857    383.095   112.193
  387   11.652   11.602   35.446    0.858    384.086   112.047
  388   11.634   11.584   35.443    0.859    385.078   111.991
  389   11.611   11.561   35.440    0.860    386.069   111.870
  390   11.604   11.553   35.440    0.861    387.061   111.748
  391   11.605   11.555   35.440    0.862    388.052   111.614
  392   11.603   11.553   35.440    0.863    389.044   111.497
  393   11.576   11.525   35.435    0.865    390.035   111.410
  394   11.546   11.495   35.431    0.866    391.027   111.390
  395   11.533   11.482   35.430    0.867    392.018   111.305
  396   11.521   11.470   35.428    0.868    393.010   111.049
  397   11.495   11.444   35.425    0.869    394.001   110.668
  398   11.482   11.431   35.423    0.870    394.993   110.167
  399   11.460   11.409   35.419    0.871    395.984   109.880
  400   11.429   11.378   35.414    0.872    396.976   109.800
  401   11.384   11.333   35.406    0.874    397.967   109.786
  402   11.328   11.277   35.398    0.875    398.959   109.852
  403   11.297   11.246   35.393    0.876    399.950   109.968
  404   11.240   11.189   35.384    0.877    400.942   110.174
  405   11.221   11.170   35.382    0.878    401.933   110.475
  406   11.202   11.150   35.378    0.879    402.925   110.963
  407   11.183   11.131   35.377    0.880    403.916   111.418
  408   11.179   11.128   35.377    0.881    404.908   111.677
  409   11.164   11.112   35.373    0.882    405.899   111.769
  410   11.131   11.079   35.369    0.884    406.890   111.792
  411   11.106   11.055   35.366    0.885    407.882   111.896
  412   11.082   11.031   35.362    0.886    408.873   112.147
  413   11.066   11.014   35.361    0.887    409.865   112.396
  414   11.063   11.011   35.361    0.888    410.856   112.358
  415   11.058   11.006   35.360    0.889    411.848   111.892
  416   11.041   10.989   35.357    0.890    412.839   111.125
  417   11.024   10.972   35.355    0.891    413.830   110.407
  418   11.007   10.954   35.353    0.892    414.822   109.992
  419   10.998   10.945   35.352    0.893    415.813   109.928
  420   10.993   10.940   35.351    0.895    416.805   109.971
  421   10.986   10.933   35.349    0.896    417.796   110.088
  422   10.964   10.912   35.346    0.897    418.787   110.233
  423   10.940   10.888   35.342    0.898    419.779   110.322
  424   10.905   10.852   35.338    0.899    420.770   110.322
  425   10.888   10.835   35.336    0.900    421.761   110.207
  426   10.875   10.822   35.334    0.901    422.753   110.202
  427   10.847   10.794   35.329    0.902    423.744   110.255
  428   10.810   10.757   35.323    0.903    424.736   110.340
  429   10.782   10.729   35.319    0.904    425.727   110.365
  430   10.769   10.716   35.317    0.905    426.718   110.436
  431   10.749   10.696   35.314    0.907    427.710   110.568
  432   10.733   10.680   35.312    0.908    428.701   110.762
  433   10.712   10.659   35.308    0.909    429.692   110.986
  434   10.689   10.636   35.305    0.910    430.684   111.213
  435   10.667   10.614   35.302    0.911    431.675   111.384
  436   10.648   10.595   35.300    0.912    432.666   111.569
  437   10.633   10.580   35.298    0.913    433.657   111.781
  438   10.616   10.563   35.295    0.914    434.649   112.021
  439   10.598   10.544   35.292    0.915    435.640   112.167
  440   10.577   10.524   35.289    0.916    436.631   112.221
  441   10.573   10.520   35.289    0.917    437.623   112.180
  442   10.571   10.517   35.289    0.918    438.614   112.123
  443   10.568   10.514   35.288    0.920    439.605   112.162
  444   10.545   10.491   35.283    0.921    440.597   112.242
  445   10.491   10.437   35.277    0.922    441.588   112.371
  446   10.476   10.422   35.276    0.923    442.579   112.298
  447   10.460   10.406   35.274    0.924    443.570   112.215
  448   10.443   10.389   35.271    0.925    444.562   112.175
  449   10.430   10.375   35.269    0.926    445.553   112.228
  450   10.400   10.346   35.264    0.927    446.544   112.317
  451   10.359   10.304   35.260    0.928    447.535   112.325
  452   10.352   10.298   35.259    0.929    448.527   112.278
  453   10.343   10.288   35.257    0.930    449.518   112.362
  454   10.321   10.266   35.255    0.931    450.509   112.410
  455   10.304   10.250   35.252    0.932    451.500   112.516
  456   10.292   10.237   35.250    0.933    452.491   112.565
  457   10.277   10.222   35.248    0.934    453.483   112.584
  458   10.260   10.205   35.246    0.935    454.474   112.571
  459   10.243   10.188   35.242    0.937    455.465   112.597
  460   10.180   10.125   35.233    0.938    456.456   112.700
  461   10.144   10.089   35.229    0.939    457.447   112.726
  462   10.128   10.073   35.227    0.940    458.439   112.684
  463   10.114   10.059   35.225    0.941    459.430   112.720
  464   10.105   10.049   35.224    0.942    460.421   112.768
  465   10.087   10.031   35.221    0.943    461.412   112.776
  466   10.069   10.014   35.218    0.944    462.403   112.733
  467   10.049   9.994   35.215    0.945    463.395   112.739
  468   10.023   9.967   35.211    0.946    464.386   112.836
  469   10.002   9.947   35.209    0.947    465.377   113.020
  470   9.969   9.914   35.204    0.948    466.368   113.151
  471   9.942   9.886   35.201    0.949    467.359   113.230
  472   9.916   9.861   35.198    0.950    468.350   113.204
  473   9.894   9.839   35.195    0.951    469.341   113.308
  474   9.880   9.824   35.193    0.952    470.333   113.376
  475   9.877   9.821   35.193    0.953    471.324   113.468
  476   9.874   9.818   35.192    0.954    472.315   113.558
  477   9.862   9.806   35.191    0.955    473.306   113.641
  478   9.851   9.795   35.189    0.956    474.297   113.633
  479   9.831   9.775   35.186    0.957    475.288   113.603
  480   9.796   9.740   35.181    0.958    476.279   113.611
  481   9.755   9.699   35.177    0.959    477.270   113.656
  482   9.744   9.688   35.175    0.960    478.261   113.632
  483   9.728   9.672   35.172    0.961    479.253   113.626
  484   9.694   9.638   35.169    0.962    480.244   113.623
  485   9.674   9.618   35.166    0.963    481.235   113.614
  486   9.652   9.596   35.164    0.964    482.226   113.525
  487   9.641   9.585   35.162    0.965    483.217   113.470
  488   9.629   9.573   35.161    0.966    484.208   113.535
  489   9.620   9.564   35.160    0.967    485.199   113.606
  490   9.610   9.554   35.159    0.969    486.190   113.690
  491   9.599   9.543   35.158    0.970    487.181   113.718
  492   9.584   9.527   35.156    0.971    488.172   113.725
  493   9.573   9.516   35.154    0.972    489.163   113.666
  494   9.563   9.506   35.154    0.973    490.154   113.552
  495   9.556   9.499   35.153    0.974    491.145   113.474
  496   9.538   9.481   35.151    0.975    492.136   113.419
  497   9.526   9.469   35.149    0.976    493.127   113.314
  498   9.506   9.449   35.146    0.977    494.118   113.285
  499   9.491   9.434   35.145    0.978    495.109   113.199
  500   9.479   9.422   35.144    0.979    496.100   113.158
  501   9.474   9.417   35.143    0.980    497.091   113.181
  502   9.471   9.413   35.142    0.981    498.082   113.203
  503   9.447   9.390   35.139    0.982    499.073   113.243
  504   9.432   9.374   35.137    0.983    500.064   113.263
  505   9.427   9.370   35.137    0.984    501.055   113.303
  506   9.422   9.364   35.136    0.985    502.046   113.419
  507   9.404   9.346   35.133    0.986    503.037   113.528
  508   9.377   9.320   35.129    0.987    504.028   113.621
  509   9.354   9.296   35.126    0.988    505.019   113.654
  510   9.325   9.267   35.123    0.989    506.010   113.773
  511   9.313   9.256   35.122    0.990    507.001   113.832
  512   9.296   9.238   35.119    0.991    507.992   113.911
  513   9.266   9.208   35.115    0.992    508.983   114.054
  514   9.247   9.189   35.114    0.993    509.974   114.130
  515   9.240   9.182   35.113    0.994    510.965   114.198
  516   9.235   9.177   35.112    0.995    511.956   114.225
  517   9.218   9.159   35.110    0.996    512.947   114.280
  518   9.206   9.148   35.108    0.997    513.938   114.262
  519   9.197   9.139   35.107    0.998    514.929   114.260
  520   9.169   9.110   35.103    0.999    515.920   114.306
  521   9.118   9.060   35.097    1.000    516.911   114.327
  522   9.084   9.026   35.093    1.001    517.901   114.400
  523   9.065   9.007   35.091    1.002    518.892   114.496
  524   9.042   8.984   35.088    1.003    519.883   114.663
  525   9.020   8.962   35.086    1.003    520.874   114.909
  526   9.011   8.953   35.085    1.004    521.865   115.055
  527   8.999   8.941   35.083    1.005    522.856   115.162
  528   8.986   8.927   35.082    1.006    523.847   115.154
  529   8.980   8.921   35.082    1.007    524.838   115.197
  530   8.977   8.918   35.081    1.008    525.828   115.175
  531   8.976   8.917   35.081    1.009    526.819   115.154
  532   8.975   8.916   35.082    1.010    527.810   115.181
  533   8.973   8.914   35.081    1.011    528.801   115.165
  534   8.966   8.907   35.081    1.012    529.792   115.197
  535   8.962   8.903   35.080    1.013    530.783   115.169
  536   8.959   8.900   35.080    1.014    531.774   115.152
  537   8.957   8.898   35.080    1.015    532.764   115.104
  538   8.953   8.893   35.079    1.016    533.755   115.055
  539   8.932   8.873   35.077    1.017    534.746   115.108
  540   8.918   8.859   35.076    1.018    535.737   115.123
  541   8.894   8.834   35.072    1.019    536.728   115.131
  542   8.869   8.809   35.070    1.020    537.719   115.096
  543   8.848   8.789   35.068    1.021    538.709   115.085
  544   8.842   8.783   35.068    1.022    539.700   115.136
  545   8.839   8.779   35.067    1.023    540.691   115.224
  546   8.835   8.775   35.067    1.024    541.682   115.294
  547   8.828   8.768   35.066    1.025    542.672   115.322
  548   8.805   8.745   35.063    1.026    543.663   115.356
  549   8.786   8.726   35.061    1.027    544.654   115.316
  550   8.776   8.716   35.060    1.028    545.645   115.301
  551   8.767   8.707   35.059    1.029    546.636   115.332
  552   8.733   8.673   35.055    1.030    547.626   115.439
  553   8.714   8.653   35.054    1.031    548.617   115.464
  554   8.703   8.642   35.052    1.032    549.608   115.532
  555   8.677   8.617   35.049    1.033    550.599   115.571
  556   8.656   8.596   35.047    1.034    551.589   115.600
  557   8.641   8.581   35.045    1.035    552.580   115.668
  558   8.618   8.558   35.043    1.035    553.571   115.808
  559   8.604   8.543   35.042    1.036    554.562   115.883
  560   8.587   8.527   35.040    1.037    555.552   115.900
  561   8.567   8.507   35.038    1.038    556.543   115.960
  562   8.545   8.484   35.035    1.039    557.534   116.084
  563   8.525   8.464   35.034    1.040    558.524   116.175
  564   8.513   8.452   35.033    1.041    559.515   116.268
  565   8.506   8.445   35.032    1.042    560.506   116.359
  566   8.492   8.431   35.030    1.043    561.497   116.490
  567   8.460   8.400   35.027    1.044    562.487   116.594
  568   8.427   8.366   35.024    1.045    563.478   116.587
  569   8.418   8.357   35.024    1.046    564.469   116.622
  570   8.409   8.348   35.023    1.047    565.459   116.721
  571   8.403   8.342   35.022    1.048    566.450   116.856
  572   8.402   8.341   35.022    1.049    567.441   116.915
  573   8.400   8.339   35.022    1.050    568.431   116.894
  574   8.396   8.335   35.022    1.051    569.422   116.909
  575   8.394   8.333   35.022    1.051    570.413   116.911
  576   8.388   8.327   35.021    1.052    571.403   116.978
  577   8.382   8.321   35.020    1.053    572.394   116.982
  578   8.372   8.310   35.018    1.054    573.385   116.972
  579   8.330   8.268   35.013    1.055    574.375   117.083
  580   8.318   8.256   35.013    1.056    575.366   117.126
  581   8.311   8.250   35.012    1.057    576.356   117.279
  582   8.295   8.233   35.010    1.058    577.347   117.461
  583   8.275   8.213   35.009    1.059    578.338   117.602
  584   8.257   8.196   35.007    1.060    579.328   117.701
  585   8.237   8.175   35.005    1.061    580.319   117.704
  586   8.212   8.151   35.002    1.062    581.309   117.776
  587   8.198   8.136   35.001    1.063    582.300   117.761
  588   8.183   8.122   35.000    1.064    583.291   117.844
  589   8.173   8.111   34.999    1.064    584.281   117.970
  590   8.164   8.102   34.998    1.065    585.272   118.094
  591   8.152   8.090   34.997    1.066    586.262   118.223
  592   8.143   8.081   34.996    1.067    587.253   118.266
  593   8.135   8.073   34.996    1.068    588.244   118.370
  594   8.127   8.065   34.995    1.069    589.234   118.443
  595   8.121   8.059   34.994    1.070    590.225   118.463
  596   8.113   8.050   34.994    1.071    591.215   118.478
  597   8.106   8.044   34.993    1.072    592.206   118.492
  598   8.101   8.038   34.993    1.073    593.196   118.566
  599   8.089   8.027   34.991    1.074    594.187   118.679
  600   8.057   7.995   34.988    1.075    595.177   118.715
  601   8.037   7.974   34.987    1.075    596.168   118.741
  602   8.028   7.965   34.986    1.076    597.158   118.762
  603   8.011   7.949   34.984    1.077    598.149   118.999
  604   7.978   7.915   34.981    1.078    599.140   119.215
  605   7.962   7.900   34.981    1.079    600.130   119.319
  606   7.953   7.890   34.979    1.080    601.121   119.380
  607   7.933   7.870   34.978    1.081    602.111   119.523
  608   7.931   7.868   34.979    1.082    603.102   119.635
  609   7.929   7.866   34.979    1.083    604.092   119.707
  610   7.926   7.863   34.979    1.084    605.083   119.712
  611   7.920   7.857   34.978    1.084    606.073   119.723
  612   7.910   7.847   34.977    1.085    607.063   119.690
  613   7.895   7.832   34.976    1.086    608.054   119.700
  614   7.891   7.828   34.976    1.087    609.044   119.759
  615   7.879   7.816   34.975    1.088    610.035   119.846
  616   7.864   7.801   34.974    1.089    611.025   119.901
  617   7.854   7.791   34.973    1.090    612.016   119.924
  618   7.846   7.783   34.973    1.091    613.006   119.982
  619   7.839   7.775   34.971    1.092    613.997   120.153
  620   7.807   7.743   34.967    1.093    614.987   120.301
  621   7.789   7.725   34.967    1.093    615.978   120.413
  622   7.784   7.721   34.966    1.094    616.968   120.481
  623   7.780   7.716   34.966    1.095    617.958   120.834
  624   7.768   7.704   34.965    1.096    618.949   121.024
  625   7.760   7.696   34.965    1.097    619.939   121.153
  626   7.754   7.690   34.964    1.098    620.930   121.073
  627   7.743   7.679   34.963    1.099    621.920   121.128
  628   7.726   7.662   34.962    1.100    622.910   121.192
  629   7.718   7.654   34.962    1.101    623.901   121.295
  630   7.711   7.647   34.962    1.101    624.891   121.397
  631   7.707   7.643   34.962    1.102    625.882   121.448
  632   7.698   7.633   34.961    1.103    626.872   121.510
  633   7.688   7.624   34.960    1.104    627.862   121.541
  634   7.686   7.622   34.960    1.105    628.853   121.586
  635   7.677   7.612   34.959    1.106    629.843   121.636
  636   7.657   7.592   34.958    1.107    630.834   121.755
  637   7.651   7.586   34.958    1.108    631.824   121.811
  638   7.642   7.577   34.957    1.108    632.814   121.900
  639   7.635   7.571   34.957    1.109    633.805   121.958
  640   7.615   7.550   34.955    1.110    634.795   122.044
  641   7.606   7.542   34.955    1.111    635.785   122.111
  642   7.601   7.536   34.954    1.112    636.776   122.301
  643   7.594   7.529   34.953    1.113    637.766   122.435
  644   7.586   7.521   34.953    1.114    638.756   122.481
  645   7.579   7.514   34.952    1.115    639.747   122.549
  646   7.571   7.506   34.951    1.115    640.737   122.661
  647   7.565   7.500   34.951    1.116    641.727   122.758
  648   7.563   7.497   34.951    1.117    642.718   122.821
  649   7.560   7.494   34.951    1.118    643.708   122.947
  650   7.553   7.487   34.950    1.119    644.698   123.003
  651   7.528   7.463   34.948    1.120    645.688   123.092
  652   7.510   7.444   34.948    1.121    646.679   123.091
  653   7.487   7.422   34.946    1.122    647.669   123.175
  654   7.478   7.412   34.945    1.122    648.659   123.328
  655   7.451   7.385   34.943    1.123    649.650   123.557
  656   7.445   7.379   34.943    1.124    650.640   123.772
  657   7.439   7.374   34.943    1.125    651.630   124.006
  658   7.431   7.365   34.942    1.126    652.620   124.182
  659   7.411   7.345   34.941    1.127    653.611   124.357
  660   7.398   7.333   34.940    1.128    654.601   124.419
  661   7.395   7.329   34.940    1.128    655.591   124.496
  662   7.391   7.325   34.940    1.129    656.581   124.640
  663   7.386   7.320   34.940    1.130    657.572   124.805
  664   7.382   7.315   34.939    1.131    658.562   124.861
  665   7.378   7.312   34.939    1.132    659.552   124.963
  666   7.375   7.309   34.939    1.133    660.542   125.000
  667   7.373   7.306   34.939    1.134    661.533   125.070
  668   7.369   7.302   34.938    1.134    662.523   125.160
  669   7.355   7.289   34.937    1.135    663.513   125.286
  670   7.343   7.276   34.937    1.136    664.503   125.333
  671   7.339   7.272   34.937    1.137    665.493   125.393
  672   7.333   7.266   34.936    1.138    666.484   125.509
  673   7.322   7.255   34.936    1.139    667.474   125.676
  674   7.313   7.246   34.936    1.140    668.464   125.707
  675   7.300   7.233   34.935    1.140    669.454   125.769
  676   7.290   7.223   34.935    1.141    670.444   125.844
  677   7.281   7.214   34.934    1.142    671.434   125.953
  678   7.276   7.209   34.934    1.143    672.425   125.998
  679   7.271   7.204   34.934    1.144    673.415   126.066
  680   7.261   7.194   34.933    1.145    674.405   126.180
  681   7.244   7.177   34.933    1.146    675.395   126.310
  682   7.234   7.167   34.933    1.146    676.385   126.429
  683   7.231   7.164   34.933    1.147    677.375   126.516
  684   7.223   7.156   34.933    1.148    678.366   126.605
  685   7.211   7.143   34.932    1.149    679.356   126.687
  686   7.198   7.130   34.931    1.150    680.346   126.709
  687   7.187   7.119   34.931    1.151    681.336   126.792
  688   7.176   7.108   34.930    1.151    682.326   126.925
  689   7.170   7.103   34.930    1.152    683.316   127.051
  690   7.165   7.097   34.929    1.153    684.306   127.288
  691   7.158   7.090   34.929    1.154    685.296   127.425
  692   7.149   7.081   34.928    1.155    686.286   127.570
  693   7.138   7.071   34.928    1.156    687.277   127.636
  694   7.132   7.064   34.928    1.156    688.267   127.696
  695   7.122   7.054   34.927    1.157    689.257   127.836
  696   7.109   7.041   34.927    1.158    690.247   127.945
  697   7.104   7.036   34.927    1.159    691.237   128.050
  698   7.096   7.028   34.926    1.160    692.227   128.172
  699   7.083   7.014   34.926    1.161    693.217   128.331
  700   7.069   7.000   34.926    1.161    694.207   128.461
  701   7.060   6.991   34.926    1.162    695.197   128.546
  702   7.050   6.982   34.925    1.163    696.187   128.688
  703   7.040   6.971   34.924    1.164    697.177   128.847
  704   7.030   6.962   34.924    1.165    698.167   129.028
  705   7.024   6.956   34.924    1.165    699.157   129.122
  706   7.012   6.944   34.923    1.166    700.147   129.242
  707   7.005   6.936   34.922    1.167    701.137   129.386
  708   6.998   6.930   34.922    1.168    702.127   129.536
  709   6.989   6.920   34.921    1.169    703.117   129.699
  710   6.979   6.911   34.921    1.170    704.107   129.851
  711   6.972   6.903   34.921    1.170    705.097   130.023
  712   6.972   6.903   34.922    1.171    706.087   130.140
  713   6.964   6.895   34.921    1.172    707.077   130.326
  714   6.954   6.885   34.920    1.173    708.067   130.347
  715   6.948   6.879   34.920    1.174    709.057   130.358
  716   6.941   6.872   34.919    1.174    710.047   130.475
  717   6.927   6.858   34.918    1.175    711.037   130.596
  718   6.921   6.852   34.918    1.176    712.027   130.787
  719   6.918   6.849   34.918    1.177    713.017   130.983
  720   6.916   6.846   34.918    1.178    714.007   131.152
  721   6.906   6.837   34.918    1.179    714.997   131.333
  722   6.890   6.820   34.916    1.179    715.987   131.406
  723   6.885   6.815   34.917    1.180    716.977   131.475
  724   6.883   6.814   34.917    1.181    717.967   131.566
  725   6.881   6.811   34.917    1.182    718.957   131.706
  726   6.871   6.801   34.916    1.183    719.947   131.827
  727   6.864   6.794   34.916    1.183    720.937   131.902
  728   6.859   6.789   34.916    1.184    721.927   132.017
  729   6.855   6.785   34.915    1.185    722.917   132.078
  730   6.845   6.775   34.915    1.186    723.907   132.213
  731   6.834   6.764   34.915    1.187    724.897   132.311
  732   6.834   6.763   34.918    1.187    725.887   132.352
  733   6.830   6.760   34.918    1.188    726.876   132.441
  734   6.825   6.755   34.917    1.189    727.866   132.447
  735   6.811   6.741   34.916    1.190    728.856   132.474
  736   6.800   6.729   34.916    1.191    729.846   132.472
  737   6.789   6.718   34.915    1.191    730.836   132.560
  738   6.785   6.714   34.915    1.192    731.826   132.772
  739   6.776   6.706   34.914    1.193    732.816   132.922
  740   6.768   6.698   34.914    1.194    733.806   133.125
  741   6.767   6.696   34.914    1.195    734.796   133.326
  742   6.766   6.695   34.914    1.195    735.785   133.550
  743   6.764   6.694   34.914    1.196    736.775   133.692
  744   6.759   6.688   34.914    1.197    737.765   133.829
  745   6.751   6.679   34.914    1.198    738.755   133.868
  746   6.743   6.672   34.914    1.199    739.745   133.844
  747   6.725   6.654   34.913    1.199    740.735   133.908
  748   6.703   6.632   34.913    1.200    741.725   134.011
  749   6.689   6.618   34.912    1.201    742.714   134.168
  750   6.683   6.612   34.912    1.202    743.704   134.321
  751   6.678   6.607   34.912    1.203    744.694   134.619
  752   6.671   6.600   34.912    1.203    745.684   134.967
  753   6.667   6.595   34.912    1.204    746.674   135.082
  754   6.665   6.594   34.912    1.205    747.663   135.122
  755   6.661   6.590   34.912    1.206    748.653   135.162
  756   6.651   6.579   34.912    1.207    749.643   135.280
  757   6.639   6.567   34.911    1.207    750.633   135.437
  758   6.628   6.556   34.911    1.208    751.623   135.524
  759   6.618   6.546   34.911    1.209    752.612   135.652
  760   6.600   6.528   34.910    1.210    753.602   135.826
  761   6.589   6.517   34.910    1.210    754.592   136.056
  762   6.580   6.508   34.910    1.211    755.582   136.240
  763   6.579   6.507   34.911    1.212    756.572   136.486
  764   6.566   6.495   34.911    1.213    757.561   136.749
  765   6.552   6.480   34.911    1.214    758.551   136.889
  766   6.538   6.466   34.911    1.214    759.541   136.973
  767   6.530   6.458   34.911    1.215    760.531   137.103
  768   6.523   6.451   34.911    1.216    761.520   137.299
  769   6.520   6.448   34.911    1.217    762.510   137.506
  770   6.517   6.445   34.911    1.217    763.500   137.635
  771   6.513   6.440   34.911    1.218    764.489   137.797
  772   6.507   6.434   34.911    1.219    765.479   137.880
  773   6.498   6.425   34.910    1.220    766.469   137.925
  774   6.484   6.411   34.910    1.220    767.459   137.979
  775   6.481   6.409   34.910    1.221    768.448   138.019
  776   6.473   6.400   34.911    1.222    769.438   138.248
  777   6.456   6.383   34.911    1.223    770.428   138.529
  778   6.445   6.373   34.911    1.223    771.417   138.688
  779   6.443   6.370   34.911    1.224    772.407   138.772
  780   6.441   6.369   34.911    1.225    773.397   138.922
  781   6.438   6.365   34.911    1.226    774.386   139.110
  782   6.434   6.361   34.911    1.227    775.376   139.295
  783   6.427   6.354   34.911    1.227    776.366   139.332
  784   6.421   6.348   34.912    1.228    777.355   139.319
  785   6.420   6.346   34.911    1.229    778.345   139.400
  786   6.420   6.346   34.912    1.230    779.335   139.523
  787   6.415   6.342   34.912    1.230    780.324   139.588
  788   6.412   6.338   34.912    1.231    781.314   139.597
  789   6.397   6.324   34.912    1.232    782.304   139.677
  790   6.392   6.318   34.912    1.233    783.293   139.757
  791   6.388   6.315   34.912    1.233    784.283   139.862
  792   6.381   6.308   34.912    1.234    785.273   139.962
  793   6.378   6.304   34.912    1.235    786.262   140.077
  794   6.373   6.299   34.912    1.236    787.252   140.209
  795   6.367   6.294   34.912    1.236    788.242   140.267
  796   6.358   6.284   34.912    1.237    789.231   140.362
  797   6.350   6.276   34.912    1.238    790.221   140.402
  798   6.348   6.274   34.912    1.239    791.210   140.565
  799   6.344   6.270   34.912    1.239    792.200   140.730
  800   6.341   6.267   34.912    1.240    793.190   140.880
  801   6.340   6.266   34.912    1.241    794.179   140.947
  802   6.338   6.263   34.912    1.242    795.169   141.053
  803   6.335   6.261   34.912    1.242    796.158   141.161
  804   6.332   6.258   34.912    1.243    797.148   141.254
  805   6.328   6.254   34.912    1.244    798.137   141.271
  806   6.326   6.251   34.912    1.245    799.127   141.282
  807   6.323   6.249   34.912    1.245    800.117   141.302
  808   6.320   6.245   34.912    1.246    801.106   141.336
  809   6.319   6.244   34.912    1.247    802.096   141.424
  810   6.319   6.244   34.912    1.248    803.085   141.433
  811   6.318   6.243   34.912    1.248    804.075   141.553
  812   6.303   6.227   34.911    1.249    805.064   141.616
  813   6.291   6.216   34.912    1.250    806.054   141.687
  814   6.291   6.216   34.912    1.250    807.043   141.756
  815   6.287   6.211   34.911    1.251    808.033   141.951
  816   6.265   6.190   34.911    1.252    809.022   142.139
  817   6.258   6.183   34.911    1.253    810.012   142.238
  818   6.254   6.179   34.911    1.253    811.001   142.421
  819   6.251   6.176   34.911    1.254    811.991   142.632
  820   6.248   6.172   34.911    1.255    812.980   142.817
  821   6.245   6.169   34.911    1.256    813.970   142.863
  822   6.243   6.167   34.911    1.256    814.959   142.952
  823   6.237   6.161   34.911    1.257    815.949   143.101
  824   6.231   6.155   34.911    1.258    816.938   143.161
  825   6.217   6.141   34.911    1.259    817.928   143.229
  826   6.211   6.135   34.911    1.259    818.917   143.318
  827   6.206   6.130   34.911    1.260    819.907   143.513
  828   6.203   6.127   34.911    1.261    820.896   143.724
  829   6.199   6.123   34.910    1.262    821.886   143.899
  830   6.196   6.120   34.910    1.262    822.875   144.080
  831   6.189   6.113   34.910    1.263    823.865   144.236
  832   6.184   6.107   34.910    1.264    824.854   144.351
  833   6.182   6.106   34.910    1.264    825.843   144.392
  834   6.179   6.103   34.910    1.265    826.833   144.570
  835   6.175   6.098   34.910    1.266    827.822   144.658
  836   6.172   6.096   34.910    1.267    828.812   144.738
  837   6.171   6.095   34.910    1.267    829.801   144.844
  838   6.170   6.093   34.910    1.268    830.790   144.927
  839   6.169   6.092   34.910    1.269    831.780   145.033
  840   6.164   6.087   34.910    1.270    832.769   145.074
  841   6.159   6.082   34.909    1.270    833.759   145.088
  842   6.155   6.078   34.909    1.271    834.748   145.084
  843   6.147   6.070   34.909    1.272    835.737   145.202
  844   6.141   6.064   34.909    1.272    836.727   145.327
  845   6.139   6.062   34.909    1.273    837.716   145.512
  846   6.134   6.056   34.909    1.274    838.706   145.701
  847   6.130   6.053   34.909    1.275    839.695   145.827
  848   6.128   6.051   34.909    1.275    840.684   145.958
  849   6.124   6.047   34.909    1.276    841.674   146.009
  850   6.122   6.044   34.910    1.277    842.663   146.083
  851   6.118   6.040   34.909    1.278    843.652   146.086
  852   6.111   6.033   34.909    1.278    844.642   146.211
  853   6.104   6.026   34.909    1.279    845.631   146.302
  854   6.094   6.016   34.909    1.280    846.620   146.423
  855   6.085   6.007   34.909    1.280    847.610   146.555
  856   6.074   5.996   34.909    1.281    848.599   146.655
  857   6.067   5.989   34.908    1.282    849.588   146.880
  858   6.063   5.985   34.908    1.283    850.578   147.151
  859   6.054   5.976   34.908    1.283    851.567   147.444
  860   6.041   5.963   34.908    1.284    852.556   147.633
  861   6.034   5.956   34.908    1.285    853.546   147.824
  862   6.028   5.950   34.908    1.285    854.535   148.043
  863   6.021   5.943   34.909    1.286    855.524   148.327
  864   6.007   5.928   34.909    1.287    856.514   148.532
  865   5.998   5.920   34.909    1.288    857.503   148.706
  866   5.992   5.913   34.909    1.288    858.492   148.892
  867   5.987   5.909   34.909    1.289    859.481   149.089
  868   5.985   5.906   34.909    1.290    860.471   149.363
  869   5.981   5.903   34.909    1.290    861.460   149.556
  870   5.979   5.900   34.909    1.291    862.449   149.680
  871   5.976   5.897   34.909    1.292    863.438   149.726
  872   5.974   5.895   34.909    1.293    864.428   149.769
  873   5.967   5.888   34.909    1.293    865.417   149.888
  874   5.962   5.883   34.909    1.294    866.406   150.019
  875   5.957   5.878   34.909    1.295    867.395   150.088
  876   5.947   5.868   34.909    1.295    868.385   150.237
  877   5.940   5.861   34.909    1.296    869.374   150.408
  878   5.932   5.853   34.909    1.297    870.363   150.588
  879   5.920   5.841   34.909    1.297    871.352   150.753
  880   5.918   5.839   34.910    1.298    872.342   150.880
  881   5.914   5.834   34.909    1.299    873.331   151.107
  882   5.910   5.830   34.910    1.300    874.320   151.368
  883   5.905   5.825   34.910    1.300    875.309   151.570
  884   5.896   5.816   34.910    1.301    876.298   151.688
  885   5.892   5.812   34.910    1.302    877.288   151.797
  886   5.884   5.805   34.910    1.302    878.277   151.913
  887   5.876   5.796   34.911    1.303    879.266   152.086
  888   5.871   5.791   34.911    1.304    880.255   152.232
  889   5.862   5.782   34.911    1.304    881.244   152.322
  890   5.856   5.776   34.911    1.305    882.233   152.422
  891   5.850   5.771   34.911    1.306    883.223   152.677
  892   5.845   5.765   34.911    1.307    884.212   152.906
  893   5.842   5.762   34.911    1.307    885.201   153.068
  894   5.840   5.760   34.911    1.308    886.190   153.174
  895   5.837   5.757   34.911    1.309    887.179   153.335
  896   5.834   5.754   34.911    1.309    888.168   153.385
  897   5.821   5.741   34.911    1.310    889.157   153.503
  898   5.818   5.737   34.912    1.311    890.147   153.597
  899   5.816   5.735   34.912    1.311    891.136   153.786
  900   5.806   5.726   34.911    1.312    892.125   153.949
  901   5.795   5.714   34.912    1.313    893.114   154.082
  902   5.792   5.712   34.912    1.313    894.103   154.150
  903   5.791   5.710   34.912    1.314    895.092   154.347
  904   5.787   5.707   34.912    1.315    896.081   154.565
  905   5.785   5.704   34.912    1.315    897.070   154.721
  906   5.782   5.701   34.912    1.316    898.059   154.866
  907   5.781   5.700   34.912    1.317    899.049   154.935
  908   5.780   5.699   34.912    1.318    900.038   155.031
  909   5.780   5.699   34.913    1.318    901.027   155.054
  910   5.780   5.699   34.913    1.319    902.016   155.108
  911   5.780   5.699   34.913    1.320    903.005   155.074
  912   5.779   5.698   34.913    1.320    903.994   155.056
  913   5.778   5.697   34.913    1.321    904.983   155.050
  914   5.778   5.697   34.913    1.322    905.972   155.056
  915   5.778   5.697   34.913    1.322    906.961   155.067
  916   5.776   5.694   34.913    1.323    907.950   155.113
  917   5.771   5.689   34.913    1.324    908.939   155.131
  918   5.767   5.685   34.913    1.324    909.928   155.215
  919   5.764   5.682   34.913    1.325    910.917   155.324
  920   5.760   5.678   34.913    1.326    911.906   155.439
  921   5.751   5.669   34.913    1.326    912.895   155.550
  922   5.742   5.660   34.913    1.327    913.884   155.627
  923   5.734   5.652   34.913    1.328    914.873   155.758
  924   5.725   5.643   34.914    1.328    915.862   155.993
  925   5.721   5.639   34.914    1.329    916.851   156.216
  926   5.717   5.634   34.914    1.330    917.840   156.352
  927   5.713   5.630   34.914    1.330    918.829   156.548
  928   5.709   5.627   34.914    1.331    919.818   156.671
  929   5.706   5.623   34.914    1.332    920.807   156.754
  930   5.703   5.621   34.915    1.332    921.796   156.857
  931   5.700   5.618   34.915    1.333    922.785   157.022
  932   5.696   5.613   34.915    1.334    923.774   157.169
  933   5.694   5.611   34.915    1.335    924.763   157.233
  934   5.691   5.608   34.915    1.335    925.752   157.265
  935   5.689   5.606   34.915    1.336    926.741   157.364
  936   5.688   5.605   34.915    1.337    927.730   157.431
  937   5.685   5.602   34.915    1.337    928.719   157.441
  938   5.680   5.596   34.915    1.338    929.708   157.518
  939   5.674   5.591   34.915    1.339    930.697   157.650
  940   5.671   5.587   34.915    1.339    931.686   157.774
  941   5.670   5.587   34.916    1.340    932.675   157.961
  942   5.667   5.584   34.916    1.341    933.664   158.080
  943   5.658   5.574   34.916    1.341    934.653   158.144
  944   5.642   5.558   34.916    1.342    935.642   158.243
  945   5.635   5.551   34.916    1.343    936.630   158.318
  946   5.629   5.545   34.916    1.343    937.619   158.533
  947   5.625   5.541   34.916    1.344    938.608   158.758
  948   5.624   5.540   34.916    1.345    939.597   158.976
  949   5.623   5.540   34.916    1.345    940.586   159.159
  950   5.623   5.539   34.916    1.346    941.575   159.374
  951   5.621   5.537   34.916    1.347    942.564   159.478
  952   5.619   5.535   34.917    1.347    943.553   159.447
  953   5.616   5.532   34.917    1.348    944.542   159.456
  954   5.612   5.528   34.917    1.349    945.530   159.497
  955   5.611   5.526   34.917    1.349    946.519   159.627
  956   5.609   5.525   34.917    1.350    947.508   159.639
  957   5.608   5.523   34.917    1.351    948.497   159.677
  958   5.606   5.521   34.917    1.351    949.486   159.724
  959   5.605   5.521   34.917    1.352    950.475   159.837
  960   5.604   5.519   34.917    1.353    951.464   159.915
  961   5.602   5.517   34.917    1.353    952.452   159.978
  962   5.601   5.516   34.917    1.354    953.441   159.969
  963   5.600   5.515   34.917    1.354    954.430   160.019
  964   5.597   5.512   34.917    1.355    955.419   160.041
  965   5.594   5.509   34.918    1.356    956.408   160.102
  966   5.593   5.508   34.918    1.356    957.396   160.141
  967   5.589   5.504   34.918    1.357    958.385   160.206
  968   5.589   5.503   34.918    1.358    959.374   160.294
  969   5.588   5.503   34.918    1.358    960.363   160.362
  970   5.588   5.502   34.918    1.359    961.352   160.394
  971   5.585   5.500   34.918    1.360    962.340   160.423
  972   5.577   5.492   34.918    1.360    963.329   160.496
  973   5.572   5.487   34.918    1.361    964.318   160.544
  974   5.570   5.484   34.918    1.362    965.307   160.595
  975   5.569   5.483   34.918    1.362    966.296   160.674
  976   5.564   5.478   34.918    1.363    967.284   160.848
  977   5.562   5.476   34.918    1.364    968.273   160.946
  978   5.560   5.474   34.918    1.364    969.262   161.044
  979   5.552   5.466   34.918    1.365    970.251   161.161
  980   5.548   5.461   34.919    1.366    971.239   161.269
  981   5.547   5.461   34.919    1.366    972.228   161.434
  982   5.547   5.461   34.919    1.367    973.217   161.551
  983   5.541   5.454   34.919    1.368    974.206   161.738
  984   5.537   5.451   34.919    1.368    975.194   161.693
  985   5.536   5.450   34.919    1.369    976.183   161.711
  986   5.534   5.447   34.919    1.370    977.172   161.781
  987   5.531   5.444   34.919    1.370    978.160   161.888
  988   5.530   5.443   34.919    1.371    979.149   162.025
  989   5.528   5.441   34.919    1.372    980.138   162.091
  990   5.526   5.439   34.919    1.372    981.127   162.115
  991   5.523   5.436   34.919    1.373    982.115   162.136
  992   5.519   5.432   34.919    1.374    983.104   162.176
  993   5.511   5.424   34.919    1.374    984.093   162.314
  994   5.495   5.407   34.920    1.375    985.081   162.395
  995   5.485   5.398   34.920    1.376    986.070   162.506
  996   5.476   5.389   34.921    1.376    987.059   162.672
  997   5.473   5.385   34.921    1.377    988.047   162.931
  998   5.471   5.384   34.921    1.377    989.036   163.268
  999   5.470   5.383   34.921    1.378    990.025   163.508
 1000   5.468   5.381   34.921    1.379    991.013   163.700
 1001   5.460   5.373   34.921    1.379    992.002   163.800
 1002   5.458   5.370   34.922    1.380    992.991   163.883
 1003   5.454   5.366   34.922    1.381    993.979   163.857
 1004   5.448   5.361   34.922    1.381    994.968   163.916
 1005   5.441   5.353   34.922    1.382    995.956   163.911
 1006   5.428   5.340   34.922    1.383    996.945   164.022
 1007   5.418   5.331   34.923    1.383    997.934   164.112
 1008   5.411   5.324   34.923    1.384    998.922   164.334
 1009   5.401   5.313   34.923    1.385    999.911   164.623
 1010   5.383   5.295   34.924    1.385    1000.900   164.888
 1011   5.375   5.287   34.924    1.386    1001.888   165.157
 1012   5.361   5.273   34.924    1.386    1002.877   165.519
 1013   5.350   5.262   34.925    1.387    1003.865   165.960
 1014   5.337   5.249   34.925    1.388    1004.854   166.363
 1015   5.333   5.245   34.925    1.388    1005.842   166.655
 1016   5.327   5.239   34.926    1.389    1006.831   166.892
 1017   5.325   5.237   34.926    1.390    1007.820   167.166
 1018   5.322   5.234   34.926    1.390    1008.808   167.518
 1019   5.313   5.225   34.926    1.391    1009.797   167.794
 1020   5.299   5.211   34.927    1.391    1010.785   167.942
 1021   5.294   5.206   34.927    1.392    1011.774   168.060
 1022   5.292   5.203   34.927    1.393    1012.762   168.185
 1023   5.290   5.202   34.927    1.393    1013.751   168.509
 1024   5.288   5.199   34.927    1.394    1014.740   168.690
 1025   5.286   5.198   34.927    1.395    1015.728   168.884
 1026   5.286   5.197   34.927    1.395    1016.717   168.963
 1027   5.284   5.196   34.927    1.396    1017.705   168.951
 1028   5.283   5.194   34.928    1.396    1018.694   168.930
 1029   5.278   5.189   34.928    1.397    1019.682   169.059
 1030   5.271   5.182   34.928    1.398    1020.671   169.182
 1031   5.255   5.166   34.928    1.398    1021.659   169.287
 1032   5.246   5.158   34.929    1.399    1022.648   169.352
 1033   5.236   5.147   34.929    1.399    1023.636   169.596
 1034   5.219   5.130   34.929    1.400    1024.625   169.883
 1035   5.207   5.119   34.930    1.401    1025.613   170.137
 1036   5.206   5.117   34.930    1.401    1026.602   170.481
 1037   5.202   5.113   34.930    1.402    1027.590   170.961
 1038   5.200   5.111   34.930    1.402    1028.579   171.251
 1039   5.187   5.098   34.930    1.403    1029.567   171.460
 1040   5.171   5.082   34.931    1.404    1030.556   171.594
 1041   5.159   5.070   34.932    1.404    1031.544   171.781
 1042   5.155   5.066   34.932    1.405    1032.532   172.141
 1043   5.150   5.061   34.932    1.406    1033.521   172.448
 1044   5.145   5.056   34.932    1.406    1034.509   172.777
 1045   5.142   5.053   34.932    1.407    1035.498   173.014
 1046   5.141   5.052   34.932    1.407    1036.486   173.208
 1047   5.140   5.050   34.933    1.408    1037.475   173.365
 1048   5.138   5.048   34.933    1.408    1038.463   173.578
 1049   5.135   5.046   34.933    1.409    1039.452   173.699
 1050   5.130   5.040   34.933    1.410    1040.440   173.720
 1051   5.128   5.038   34.933    1.410    1041.428   173.763
 1052   5.127   5.037   34.933    1.411    1042.417   173.857
 1053   5.126   5.036   34.933    1.411    1043.405   173.940
 1054   5.126   5.036   34.933    1.412    1044.394   174.126
 1055   5.112   5.022   34.933    1.413    1045.382   174.211
 1056   5.099   5.009   34.934    1.413    1046.370   174.222
 1057   5.093   5.003   34.934    1.414    1047.359   174.377
 1058   5.086   4.996   34.934    1.414    1048.347   174.620
 1059   5.057   4.967   34.935    1.415    1049.335   174.992
 1060   5.037   4.947   34.936    1.416    1050.324   175.333
 1061   5.031   4.942   34.936    1.416    1051.312   175.825
 1062   5.009   4.919   34.937    1.417    1052.301   176.475
 1063   5.002   4.912   34.937    1.417    1053.289   176.975
 1064   5.001   4.911   34.938    1.418    1054.277   177.339
 1065   4.999   4.909   34.937    1.419    1055.266   177.792
 1066   4.993   4.903   34.937    1.419    1056.254   178.095
 1067   4.909   4.819   34.940    1.420    1057.242   178.959
 1068   4.846   4.757   34.942    1.420    1058.231   179.707
 1069   4.828   4.739   34.943    1.421    1059.219   180.508
 1070   4.819   4.730   34.943    1.421    1060.207   181.858
 1071   4.815   4.726   34.944    1.422    1061.196   183.010
 1072   4.812   4.723   34.944    1.422    1062.184   183.598
 1073   4.806   4.717   34.944    1.423    1063.172   183.973
 1074   4.781   4.692   34.945    1.424    1064.161   184.398
 1075   4.758   4.669   34.946    1.424    1065.149   184.904
 1076   4.738   4.649   34.947    1.425    1066.137   185.516
 1077   4.730   4.641   34.948    1.425    1067.125   186.218
 1078   4.730   4.641   34.948    1.426    1068.114   187.023
 1079   4.729   4.640   34.948    1.426    1069.102   187.701
 1080   4.726   4.637   34.948    1.427    1070.090   188.075
 1081   4.720   4.631   34.948    1.427    1071.079   188.225
 1082   4.718   4.629   34.949    1.428    1072.067   188.286
 1083   4.718   4.629   34.949    1.428    1073.055   188.420
 1084   4.717   4.628   34.949    1.429    1074.043   188.537
 1085   4.716   4.627   34.949    1.429    1075.032   188.695
 1086   4.716   4.626   34.949    1.430    1076.020   188.744
 1087   4.716   4.626   34.949    1.430    1077.008   188.801
 1088   4.716   4.626   34.949    1.431    1077.996   188.832
 1089   4.716   4.626   34.949    1.432    1078.985   188.830
 1090   4.716   4.626   34.949    1.432    1079.973   188.816
 1091   4.715   4.625   34.949    1.433    1080.961   188.878
 1092   4.715   4.625   34.949    1.433    1081.949   188.894
 1093   4.713   4.622   34.949    1.434    1082.937   188.898
 1094   4.706   4.616   34.949    1.434    1083.926   188.896
 1095   4.704   4.614   34.949    1.435    1084.914   188.944
 1096   4.703   4.613   34.949    1.435    1085.902   189.091
 1097   4.701   4.610   34.949    1.436    1086.890   189.215
 1098   4.698   4.608   34.949    1.436    1087.879   189.311
 1099   4.696   4.605   34.950    1.437    1088.867   189.410
 1100   4.694   4.604   34.950    1.437    1089.855   189.516
 1101   4.693   4.603   34.950    1.438    1090.843   189.657
 1102   4.688   4.597   34.950    1.439    1091.831   189.772
 1103   4.681   4.590   34.950    1.439    1092.819   189.891
 1104   4.676   4.585   34.950    1.440    1093.808   190.031
 1105   4.674   4.583   34.950    1.440    1094.796   190.327
 1106   4.671   4.580   34.950    1.441    1095.784   190.503
 1107   4.669   4.578   34.950    1.441    1096.772   190.702
 1108   4.666   4.575   34.951    1.442    1097.760   191.126
