 station cast   lat    long    jday   mo/da/yr   gmt
  87      1   19.609 -93.501   281    10/08/21  1321 
 
    File created by Jay Hooper - 13-Dec-2021   
            GOMECC4 Cruise Sep 2021 
             NOAA Ship Ronald H Brown
                  
 
     Primary (T,S,O) sensors - Calibrated CTD data   

   pr       te       th       sa       ht       ga       ox
dbars    deg c    deg c      psu  dyn. cm    gamma  umol/kg
    1   29.405   29.405   34.934    0.006    0.994   192.532
    2   29.405   29.404   34.934    0.012    1.988   192.558
    3   29.405   29.404   34.934    0.018    2.982   192.585
    4   29.405   29.404   34.933    0.024    3.976   192.611
    5   29.405   29.404   34.933    0.030    4.970   192.822
    6   29.408   29.406   34.939    0.036    5.963   192.297
    7   29.423   29.422   34.953    0.041    6.957   192.750
    8   29.437   29.435   34.963    0.047    7.951   192.726
    9   29.453   29.450   34.976    0.053    8.945   192.677
   10   29.470   29.467   34.995    0.059    9.939   192.637
   11   29.483   29.480   35.018    0.065    10.933   192.976
   12   29.468   29.465   35.023    0.071    11.927   192.849
   13   29.491   29.488   35.045    0.077    12.920   193.027
   14   29.544   29.541   35.083    0.083    13.914   192.660
   15   29.589   29.586   35.119    0.089    14.908   192.425
   16   29.559   29.555   35.382    0.094    15.902   192.196
   17   29.526   29.521   35.549    0.100    16.896   193.093
   18   29.509   29.504   35.594    0.105    17.890   193.413
   19   29.462   29.457   35.674    0.111    18.884   193.308
   20   29.356   29.351   35.722    0.116    19.877   193.816
   21   29.288   29.283   35.743    0.121    20.871   194.427
   22   29.151   29.146   35.793    0.127    21.865   194.657
   23   28.991   28.986   35.879    0.132    22.859   195.315
   24   28.807   28.801   35.936    0.137    23.853   196.512
   25   28.210   28.204   36.084    0.142    24.846   197.654
   26   27.649   27.643   36.162    0.146    25.840   197.330
   27   27.545   27.539   36.177    0.151    26.834   198.206
   28   27.459   27.452   36.199    0.155    27.828   198.650
   29   27.006   27.000   36.258    0.159    28.822   198.626
   30   26.135   26.128   36.253    0.163    29.815   199.424
   31   25.425   25.418   36.257    0.167    30.809   198.765
   32   24.669   24.662   36.271    0.170    31.803   197.745
   33   24.510   24.503   36.276    0.174    32.797   196.147
   34   23.959   23.952   36.291    0.177    33.790   195.952
   35   23.642   23.635   36.297    0.180    34.784   193.046
   36   23.525   23.518   36.301    0.184    35.778   191.327
   37   23.375   23.368   36.304    0.187    36.772   190.728
   38   23.160   23.152   36.304    0.190    37.765   190.167
   39   22.884   22.876   36.303    0.193    38.759   188.317
   40   22.574   22.566   36.301    0.196    39.753   186.586
   41   22.351   22.343   36.292    0.199    40.746   184.435
   42   22.054   22.045   36.277    0.201    41.740   185.581
   43   21.830   21.822   36.268    0.204    42.734   186.667
   44   21.764   21.756   36.270    0.207    43.728   184.790
   45   21.755   21.746   36.272    0.210    44.721   183.588
   46   21.637   21.628   36.271    0.212    45.715   183.704
   47   21.447   21.438   36.277    0.215    46.709   179.990
   48   21.352   21.343   36.321    0.218    47.702   173.095
   49   21.280   21.271   36.342    0.220    48.696   163.869
   50   21.235   21.225   36.352    0.223    49.690   155.093
   51   21.206   21.196   36.357    0.225    50.683   154.150
   52   21.103   21.093   36.357    0.228    51.677   155.260
   53   21.011   21.001   36.362    0.230    52.671   154.564
   54   20.966   20.956   36.363    0.233    53.664   153.116
   55   20.927   20.917   36.374    0.235    54.658   152.680
   56   20.894   20.883   36.402    0.237    55.652   148.459
   57   20.812   20.801   36.418    0.240    56.645   142.149
   58   20.731   20.720   36.432    0.242    57.639   138.365
   59   20.692   20.681   36.437    0.244    58.633   134.978
   60   20.691   20.680   36.436    0.247    59.626   134.637
   61   20.665   20.654   36.440    0.249    60.620   135.343
   62   20.594   20.582   36.453    0.251    61.613   134.783
   63   20.518   20.506   36.474    0.254    62.607   131.920
   64   20.426   20.414   36.482    0.256    63.601   126.064
   65   20.323   20.310   36.477    0.258    64.594   122.686
   66   20.282   20.270   36.480    0.260    65.588   121.441
   67   20.254   20.241   36.483    0.262    66.582   120.693
   68   20.225   20.212   36.482    0.265    67.575   120.184
   69   20.195   20.182   36.482    0.267    68.569   121.268
   70   20.143   20.130   36.493    0.269    69.562   121.430
   71   20.090   20.077   36.501    0.271    70.556   117.989
   72   20.034   20.021   36.504    0.273    71.549   114.477
   73   19.937   19.923   36.505    0.275    72.543   113.773
   74   19.886   19.873   36.505    0.277    73.537   113.054
   75   19.823   19.809   36.503    0.279    74.530   112.915
   76   19.747   19.733   36.500    0.281    75.524   113.153
   77   19.684   19.670   36.499    0.284    76.517   113.090
   78   19.605   19.591   36.498    0.286    77.511   112.996
   79   19.557   19.542   36.497    0.288    78.504   112.292
   80   19.519   19.505   36.497    0.290    79.498   111.681
   81   19.486   19.471   36.496    0.292    80.491   111.529
   82   19.459   19.444   36.496    0.294    81.485   111.919
   83   19.434   19.419   36.496    0.295    82.478   112.045
   84   19.416   19.400   36.496    0.297    83.472   111.945
   85   19.323   19.308   36.492    0.299    84.465   111.885
   86   19.227   19.211   36.488    0.301    85.459   110.993
   87   19.173   19.157   36.485    0.303    86.452   109.678
   88   19.102   19.086   36.481    0.305    87.446   109.584
   89   19.050   19.034   36.478    0.307    88.439   109.858
   90   18.971   18.955   36.472    0.309    89.433   109.947
   91   18.945   18.929   36.470    0.311    90.426   109.813
   92   18.910   18.894   36.468    0.313    91.420   109.773
   93   18.869   18.852   36.464    0.315    92.413   109.701
   94   18.827   18.810   36.461    0.316    93.407   109.743
   95   18.808   18.791   36.459    0.318    94.400   109.656
   96   18.753   18.736   36.455    0.320    95.394   109.696
   97   18.695   18.678   36.450    0.322    96.387   109.719
   98   18.660   18.643   36.447    0.324    97.381   109.852
   99   18.656   18.639   36.446    0.326    98.374   110.125
  100   18.569   18.551   36.438    0.327    99.367   110.134
  101   18.442   18.424   36.427    0.329    100.361   110.178
  102   18.371   18.353   36.420    0.331    101.354   110.653
  103   18.317   18.299   36.414    0.333    102.348   111.174
  104   18.280   18.262   36.410    0.335    103.341   111.281
  105   18.265   18.247   36.409    0.336    104.335   111.341
  106   18.242   18.223   36.407    0.338    105.328   111.274
  107   18.169   18.150   36.399    0.340    106.321   111.127
  108   18.123   18.105   36.394    0.342    107.315   110.963
  109   18.047   18.028   36.386    0.343    108.308   111.021
  110   17.944   17.925   36.373    0.345    109.302   111.286
  111   17.781   17.762   36.354    0.347    110.295   111.482
  112   17.683   17.663   36.342    0.348    111.288   111.619
  113   17.659   17.639   36.339    0.350    112.282   111.692
  114   17.637   17.618   36.337    0.352    113.275   111.709
  115   17.614   17.594   36.334    0.353    114.268   111.606
  116   17.570   17.550   36.328    0.355    115.262   111.519
  117   17.512   17.492   36.320    0.357    116.255   111.405
  118   17.495   17.475   36.318    0.358    117.248   111.186
  119   17.472   17.452   36.314    0.360    118.242   111.166
  120   17.421   17.400   36.308    0.362    119.235   111.284
  121   17.339   17.318   36.298    0.363    120.228   111.272
  122   17.317   17.296   36.296    0.365    121.222   111.121
  123   17.312   17.291   36.295    0.366    122.215   111.202
  124   17.302   17.281   36.294    0.368    123.208   111.178
  125   17.270   17.249   36.291    0.370    124.202   111.071
  126   17.213   17.192   36.284    0.371    125.195   111.047
  127   17.134   17.112   36.274    0.373    126.188   111.221
  128   17.110   17.089   36.270    0.375    127.182   111.319
  129   17.078   17.057   36.266    0.376    128.175   111.412
  130   17.002   16.980   36.256    0.378    129.168   111.707
  131   16.940   16.918   36.248    0.379    130.162   111.999
  132   16.914   16.892   36.245    0.381    131.155   112.115
  133   16.899   16.877   36.242    0.382    132.148   112.156
  134   16.883   16.860   36.240    0.384    133.141   112.162
  135   16.832   16.809   36.233    0.386    134.135   112.139
  136   16.782   16.760   36.226    0.387    135.128   112.056
  137   16.729   16.707   36.220    0.389    136.121   112.093
  138   16.706   16.683   36.217    0.390    137.114   112.102
  139   16.676   16.653   36.213    0.392    138.108   112.113
  140   16.635   16.612   36.208    0.393    139.101   112.176
  141   16.594   16.571   36.201    0.395    140.094   112.069
  142   16.561   16.537   36.197    0.396    141.087   111.993
  143   16.544   16.521   36.194    0.398    142.081   112.074
  144   16.515   16.492   36.190    0.399    143.074   112.184
  145   16.485   16.461   36.186    0.401    144.067   112.187
  146   16.467   16.443   36.183    0.402    145.060   112.040
  147   16.456   16.432   36.181    0.404    146.054   111.865
  148   16.419   16.395   36.175    0.406    147.047   111.932
  149   16.336   16.311   36.164    0.407    148.040   112.299
  150   16.246   16.222   36.152    0.409    149.033   112.556
  151   16.228   16.203   36.149    0.410    150.026   112.662
  152   16.175   16.151   36.141    0.412    151.019   112.807
  153   16.123   16.098   36.134    0.413    152.013   112.792
  154   16.106   16.082   36.132    0.414    153.006   112.603
  155   16.104   16.079   36.132    0.416    153.999   112.740
  156   16.093   16.068   36.130    0.417    154.992   112.923
  157   16.083   16.057   36.129    0.419    155.985   112.930
  158   16.073   16.048   36.127    0.420    156.979   112.922
  159   16.032   16.007   36.121    0.422    157.972   112.998
  160   16.012   15.986   36.118    0.423    158.965   112.946
  161   15.976   15.951   36.112    0.425    159.958   112.829
  162   15.954   15.928   36.108    0.426    160.951   112.692
  163   15.949   15.923   36.108    0.428    161.944   112.626
  164   15.941   15.914   36.107    0.429    162.937   112.755
  165   15.921   15.895   36.104    0.431    163.930   112.874
  166   15.900   15.873   36.101    0.432    164.924   112.842
  167   15.882   15.856   36.098    0.434    165.917   112.838
  168   15.858   15.831   36.095    0.435    166.910   112.923
  169   15.838   15.811   36.092    0.437    167.903   112.797
  170   15.814   15.787   36.090    0.438    168.896   112.648
  171   15.795   15.767   36.086    0.439    169.889   112.650
  172   15.777   15.750   36.083    0.441    170.882   112.752
  173   15.771   15.743   36.082    0.442    171.875   112.648
  174   15.751   15.724   36.079    0.444    172.868   112.490
  175   15.704   15.677   36.072    0.445    173.861   112.554
  176   15.682   15.654   36.068    0.447    174.855   112.626
  177   15.622   15.595   36.059    0.448    175.848   112.612
  178   15.548   15.520   36.048    0.450    176.841   112.543
  179   15.500   15.472   36.040    0.451    177.834   112.344
  180   15.477   15.449   36.037    0.452    178.827   112.039
  181   15.421   15.393   36.028    0.454    179.820   111.996
  182   15.365   15.337   36.019    0.455    180.813   112.089
  183   15.339   15.311   36.014    0.457    181.806   112.155
  184   15.303   15.275   36.009    0.458    182.799   112.204
  185   15.268   15.239   36.003    0.459    183.792   112.209
  186   15.210   15.181   35.994    0.461    184.785   112.166
  187   15.171   15.143   35.988    0.462    185.778   112.076
  188   15.151   15.122   35.984    0.464    186.771   111.983
  189   15.114   15.085   35.979    0.465    187.764   111.956
  190   15.085   15.055   35.975    0.466    188.757   111.965
  191   15.042   15.013   35.969    0.468    189.750   111.901
  192   14.984   14.954   35.961    0.469    190.743   111.867
  193   14.937   14.908   35.954    0.470    191.736   111.866
  194   14.918   14.888   35.951    0.472    192.729   111.902
  195   14.912   14.882   35.951    0.473    193.722   111.903
  196   14.897   14.867   35.949    0.475    194.715   111.962
  197   14.868   14.839   35.944    0.476    195.708   112.050
  198   14.856   14.826   35.942    0.477    196.701   112.015
  199   14.839   14.808   35.939    0.479    197.694   112.023
  200   14.740   14.710   35.924    0.480    198.687   112.062
  201   14.715   14.685   35.920    0.481    199.680   112.024
  202   14.661   14.630   35.912    0.483    200.673   112.259
  203   14.632   14.602   35.908    0.484    201.666   112.410
  204   14.623   14.592   35.907    0.485    202.659   112.438
  205   14.606   14.575   35.904    0.487    203.652   112.359
  206   14.573   14.542   35.899    0.488    204.644   112.258
  207   14.503   14.472   35.888    0.489    205.637   112.134
  208   14.458   14.427   35.881    0.491    206.630   111.901
  209   14.430   14.399   35.876    0.492    207.623   111.536
  210   14.401   14.369   35.871    0.493    208.616   111.169
  211   14.363   14.332   35.865    0.495    209.609   110.891
  212   14.345   14.314   35.863    0.496    210.602   110.626
  213   14.310   14.278   35.857    0.497    211.595   110.520
  214   14.268   14.236   35.850    0.499    212.588   110.541
  215   14.248   14.216   35.847    0.500    213.581   110.543
  216   14.226   14.195   35.844    0.501    214.573   110.581
  217   14.196   14.164   35.839    0.503    215.566   110.546
  218   14.127   14.096   35.828    0.504    216.559   110.574
  219   14.081   14.049   35.821    0.505    217.552   110.512
  220   14.049   14.017   35.816    0.506    218.545   110.458
  221   13.997   13.965   35.808    0.508    219.538   110.477
  222   13.974   13.942   35.804    0.509    220.531   110.466
  223   13.934   13.901   35.798    0.510    221.523   110.355
  224   13.892   13.860   35.792    0.512    222.516   110.206
  225   13.877   13.845   35.789    0.513    223.509   110.183
  226   13.839   13.807   35.784    0.514    224.502   110.282
  227   13.785   13.752   35.776    0.515    225.495   110.224
  228   13.767   13.735   35.773    0.517    226.488   110.122
  229   13.725   13.692   35.766    0.518    227.480   110.246
  230   13.645   13.612   35.754    0.519    228.473   110.289
  231   13.603   13.570   35.747    0.520    229.466   110.161
  232   13.600   13.567   35.747    0.522    230.459   110.200
  233   13.596   13.563   35.746    0.523    231.452   110.256
  234   13.588   13.554   35.745    0.524    232.444   110.288
  235   13.576   13.542   35.743    0.526    233.437   110.244
  236   13.553   13.520   35.740    0.527    234.430   110.181
  237   13.529   13.495   35.736    0.528    235.423   110.170
  238   13.497   13.464   35.731    0.529    236.416   110.132
  239   13.481   13.447   35.727    0.531    237.408   110.004
  240   13.447   13.413   35.723    0.532    238.401   109.990
  241   13.421   13.387   35.720    0.533    239.394   109.941
  242   13.406   13.372   35.718    0.534    240.387   109.863
  243   13.388   13.354   35.715    0.535    241.379   109.824
  244   13.373   13.339   35.713    0.537    242.372   109.761
  245   13.358   13.323   35.711    0.538    243.365   109.761
  246   13.333   13.298   35.707    0.539    244.358   109.760
  247   13.315   13.281   35.704    0.540    245.350   109.721
  248   13.298   13.263   35.701    0.542    246.343   109.652
  249   13.289   13.254   35.699    0.543    247.336   109.616
  250   13.267   13.232   35.696    0.544    248.328   109.618
  251   13.238   13.203   35.691    0.545    249.321   109.724
  252   13.185   13.150   35.683    0.547    250.314   109.689
  253   13.168   13.133   35.680    0.548    251.307   109.619
  254   13.136   13.101   35.676    0.549    252.299   109.514
  255   13.107   13.071   35.672    0.550    253.292   109.504
  256   13.084   13.049   35.668    0.551    254.285   109.491
  257   13.072   13.037   35.666    0.553    255.277   109.495
  258   13.047   13.011   35.662    0.554    256.270   109.363
  259   13.021   12.985   35.657    0.555    257.263   109.256
  260   13.000   12.964   35.653    0.556    258.255   109.124
  261   12.939   12.902   35.645    0.558    259.248   109.133
  262   12.906   12.870   35.640    0.559    260.241   109.115
  263   12.892   12.856   35.638    0.560    261.233   109.096
  264   12.886   12.850   35.637    0.561    262.226   108.993
  265   12.874   12.838   35.636    0.562    263.219   108.952
  266   12.864   12.827   35.634    0.564    264.211   108.949
  267   12.852   12.815   35.632    0.565    265.204   108.965
  268   12.837   12.800   35.630    0.566    266.197   108.946
  269   12.832   12.795   35.629    0.567    267.189   108.922
  270   12.820   12.783   35.627    0.568    268.182   108.891
  271   12.791   12.754   35.623    0.570    269.174   108.875
  272   12.775   12.738   35.621    0.571    270.167   108.828
  273   12.752   12.715   35.617    0.572    271.160   108.769
  274   12.706   12.669   35.611    0.573    272.152   108.810
  275   12.695   12.658   35.609    0.574    273.145   108.790
  276   12.693   12.655   35.609    0.576    274.137   108.769
  277   12.690   12.652   35.608    0.577    275.130   108.755
  278   12.674   12.636   35.606    0.578    276.123   108.796
  279   12.648   12.610   35.602    0.579    277.115   108.798
  280   12.640   12.602   35.600    0.580    278.108   108.731
  281   12.631   12.592   35.599    0.581    279.100   108.674
  282   12.620   12.581   35.597    0.583    280.093   108.667
  283   12.600   12.562   35.594    0.584    281.085   108.666
  284   12.592   12.554   35.593    0.585    282.078   108.669
  285   12.584   12.545   35.591    0.586    283.071   108.599
  286   12.547   12.508   35.585    0.587    284.063   108.669
  287   12.531   12.492   35.583    0.589    285.056   108.606
  288   12.505   12.466   35.579    0.590    286.048   108.620
  289   12.473   12.434   35.575    0.591    287.041   108.523
  290   12.448   12.409   35.571    0.592    288.033   108.540
  291   12.407   12.368   35.564    0.593    289.026   108.594
  292   12.388   12.349   35.561    0.594    290.018   108.582
  293   12.372   12.333   35.559    0.596    291.011   108.551
  294   12.341   12.302   35.554    0.597    292.003   108.528
  295   12.263   12.224   35.542    0.598    292.996   108.559
  296   12.251   12.211   35.540    0.599    293.988   108.421
  297   12.231   12.191   35.537    0.600    294.981   108.365
  298   12.220   12.180   35.536    0.601    295.973   108.368
  299   12.209   12.169   35.534    0.603    296.966   108.366
  300   12.193   12.153   35.532    0.604    297.958   108.302
  301   12.169   12.129   35.528    0.605    298.951   108.264
  302   12.120   12.080   35.521    0.606    299.943   108.255
  303   12.107   12.067   35.519    0.607    300.936   108.181
  304   12.083   12.043   35.515    0.608    301.928   108.213
  305   12.050   12.010   35.510    0.609    302.921   108.196
  306   12.022   11.982   35.506    0.611    303.913   108.171
  307   11.991   11.950   35.501    0.612    304.905   108.125
  308   11.932   11.892   35.493    0.613    305.898   108.078
  309   11.902   11.862   35.489    0.614    306.890   108.070
  310   11.873   11.833   35.484    0.615    307.883   108.059
  311   11.845   11.804   35.480    0.616    308.875   108.123
  312   11.833   11.792   35.478    0.617    309.868   108.090
  313   11.810   11.770   35.474    0.619    310.860   108.024
  314   11.784   11.743   35.470    0.620    311.852   107.913
  315   11.731   11.690   35.463    0.621    312.845   107.896
  316   11.680   11.639   35.456    0.622    313.837   107.934
  317   11.658   11.617   35.451    0.623    314.830   107.877
  318   11.629   11.588   35.447    0.624    315.822   107.921
  319   11.607   11.566   35.444    0.625    316.814   107.909
  320   11.582   11.540   35.441    0.626    317.807   107.898
  321   11.547   11.506   35.437    0.628    318.799   107.879
  322   11.511   11.469   35.431    0.629    319.791   107.805
  323   11.482   11.440   35.427    0.630    320.784   107.842
  324   11.474   11.433   35.425    0.631    321.776   107.762
  325   11.454   11.412   35.423    0.632    322.769   107.750
  326   11.436   11.394   35.421    0.633    323.761   107.681
  327   11.413   11.371   35.417    0.634    324.753   107.682
  328   11.384   11.342   35.413    0.635    325.746   107.721
  329   11.350   11.308   35.408    0.636    326.738   107.744
  330   11.325   11.283   35.404    0.638    327.730   107.706
  331   11.308   11.266   35.402    0.639    328.723   107.611
  332   11.300   11.258   35.401    0.640    329.715   107.585
  333   11.284   11.242   35.398    0.641    330.707   107.660
  334   11.271   11.229   35.397    0.642    331.700   107.734
  335   11.257   11.215   35.395    0.643    332.692   107.744
  336   11.248   11.206   35.393    0.644    333.684   107.684
  337   11.242   11.199   35.392    0.645    334.677   107.624
  338   11.231   11.188   35.391    0.646    335.669   107.645
  339   11.196   11.153   35.385    0.647    336.661   107.720
  340   11.130   11.087   35.376    0.648    337.653   107.730
  341   11.114   11.071   35.373    0.650    338.646   107.637
  342   11.095   11.052   35.370    0.651    339.638   107.632
  343   11.086   11.043   35.369    0.652    340.630   107.614
  344   11.069   11.026   35.367    0.653    341.622   107.634
  345   11.034   10.991   35.362    0.654    342.615   107.627
  346   11.004   10.960   35.358    0.655    343.607   107.607
  347   10.978   10.935   35.354    0.656    344.599   107.578
  348   10.973   10.930   35.353    0.657    345.591   107.543
  349   10.966   10.923   35.352    0.658    346.584   107.591
  350   10.922   10.879   35.346    0.659    347.576   107.624
  351   10.881   10.838   35.341    0.660    348.568   107.592
  352   10.840   10.797   35.335    0.661    349.560   107.541
  353   10.823   10.780   35.333    0.662    350.553   107.472
  354   10.801   10.757   35.329    0.664    351.545   107.496
  355   10.780   10.736   35.326    0.665    352.537   107.525
  356   10.767   10.724   35.324    0.666    353.529   107.577
  357   10.753   10.709   35.322    0.667    354.522   107.542
  358   10.710   10.666   35.316    0.668    355.514   107.511
  359   10.692   10.648   35.314    0.669    356.506   107.542
  360   10.677   10.633   35.311    0.670    357.498   107.588
  361   10.643   10.599   35.307    0.671    358.490   107.646
  362   10.585   10.541   35.299    0.672    359.482   107.654
  363   10.568   10.524   35.296    0.673    360.475   107.662
  364   10.555   10.511   35.294    0.674    361.467   107.721
  365   10.536   10.491   35.292    0.675    362.459   107.787
  366   10.517   10.472   35.289    0.676    363.451   107.780
  367   10.504   10.460   35.288    0.677    364.443   107.781
  368   10.495   10.450   35.287    0.678    365.435   107.783
  369   10.477   10.433   35.285    0.679    366.428   107.777
  370   10.453   10.408   35.281    0.680    367.420   107.717
  371   10.418   10.373   35.276    0.681    368.412   107.699
  372   10.387   10.343   35.273    0.682    369.404   107.681
  373   10.354   10.310   35.268    0.683    370.396   107.686
  374   10.331   10.286   35.265    0.685    371.388   107.678
  375   10.316   10.272   35.262    0.686    372.380   107.687
  376   10.300   10.255   35.260    0.687    373.373   107.714
  377   10.278   10.233   35.257    0.688    374.365   107.743
  378   10.254   10.209   35.254    0.689    375.357   107.782
  379   10.233   10.188   35.250    0.690    376.349   107.795
  380   10.211   10.165   35.248    0.691    377.341   107.883
  381   10.198   10.152   35.246    0.692    378.333   107.966
  382   10.187   10.141   35.244    0.693    379.325   108.033
  383   10.174   10.129   35.243    0.694    380.317   108.092
  384   10.162   10.116   35.241    0.695    381.309   108.112
  385   10.153   10.107   35.240    0.696    382.301   108.098
  386   10.151   10.105   35.239    0.697    383.293   108.095
  387   10.149   10.103   35.239    0.698    384.285   108.079
  388   10.149   10.103   35.239    0.699    385.278   108.085
  389   10.149   10.103   35.239    0.700    386.270   108.089
  390   10.151   10.104   35.240    0.701    387.262   108.111
  391   10.152   10.105   35.240    0.702    388.254   108.120
  392   10.150   10.104   35.240    0.703    389.246   108.072
  393   10.144   10.097   35.239    0.704    390.238   108.058
  394   10.133   10.086   35.237    0.705    391.230   108.124
  395   10.119   10.072   35.235    0.706    392.222   108.110
  396   10.109   10.062   35.234    0.707    393.214   108.107
  397   10.097   10.050   35.232    0.708    394.206   108.102
  398   10.083   10.036   35.231    0.709    395.198   108.123
  399   10.071   10.024   35.229    0.710    396.190   108.198
  400   10.044   9.997   35.226    0.711    397.182   108.288
  401   10.032   9.984   35.224    0.712    398.174   108.293
  402   10.025   9.978   35.223    0.713    399.166   108.298
  403   10.019   9.971   35.222    0.714    400.158   108.349
  404   10.015   9.967   35.221    0.715    401.150   108.402
  405   10.008   9.960   35.220    0.716    402.142   108.477
  406   10.003   9.955   35.219    0.717    403.134   108.482
  407   9.988   9.941   35.218    0.718    404.126   108.495
  408   9.967   9.919   35.215    0.719    405.118   108.414
  409   9.956   9.908   35.213    0.720    406.110   108.372
  410   9.927   9.879   35.210    0.721    407.102   108.440
  411   9.911   9.862   35.207    0.722    408.094   108.490
  412   9.903   9.854   35.206    0.723    409.085   108.575
  413   9.896   9.848   35.205    0.724    410.077   108.649
  414   9.880   9.832   35.203    0.725    411.069   108.673
  415   9.840   9.792   35.199    0.726    412.061   108.653
  416   9.811   9.763   35.195    0.727    413.053   108.559
  417   9.800   9.752   35.194    0.728    414.045   108.531
  418   9.786   9.737   35.192    0.729    415.037   108.639
  419   9.769   9.721   35.190    0.730    416.029   108.704
  420   9.761   9.713   35.189    0.731    417.021   108.707
  421   9.758   9.710   35.188    0.732    418.013   108.700
  422   9.755   9.706   35.188    0.733    419.005   108.698
  423   9.749   9.700   35.187    0.734    419.996   108.749
  424   9.739   9.690   35.186    0.735    420.988   108.714
  425   9.724   9.675   35.183    0.736    421.980   108.730
  426   9.697   9.648   35.180    0.737    422.972   108.743
  427   9.688   9.639   35.179    0.738    423.964   108.792
  428   9.678   9.629   35.178    0.739    424.956   108.867
  429   9.665   9.616   35.176    0.740    425.948   108.870
  430   9.648   9.599   35.174    0.741    426.940   108.873
  431   9.639   9.590   35.173    0.742    427.931   108.907
  432   9.636   9.586   35.173    0.743    428.923   108.958
  433   9.633   9.584   35.172    0.744    429.915   108.965
  434   9.631   9.581   35.172    0.745    430.907   108.973
  435   9.625   9.575   35.172    0.746    431.899   108.974
  436   9.610   9.560   35.170    0.747    432.891   108.965
  437   9.593   9.543   35.168    0.748    433.882   108.876
  438   9.584   9.534   35.167    0.749    434.874   108.797
  439   9.543   9.492   35.163    0.750    435.866   108.874
  440   9.508   9.457   35.158    0.751    436.858   108.905
  441   9.499   9.449   35.157    0.752    437.850   108.903
  442   9.499   9.448   35.156    0.753    438.842   108.928
  443   9.496   9.445   35.156    0.754    439.833   109.005
  444   9.490   9.439   35.156    0.755    440.825   109.087
  445   9.471   9.420   35.153    0.756    441.817   109.110
  446   9.448   9.398   35.151    0.757    442.809   109.074
  447   9.426   9.375   35.148    0.758    443.800   109.076
  448   9.392   9.342   35.144    0.759    444.792   109.169
  449   9.377   9.326   35.142    0.760    445.784   109.197
  450   9.359   9.309   35.140    0.761    446.776   109.324
  451   9.335   9.284   35.137    0.762    447.767   109.300
  452   9.312   9.261   35.134    0.763    448.759   109.381
  453   9.291   9.240   35.132    0.764    449.751   109.516
  454   9.254   9.203   35.128    0.765    450.743   109.622
  455   9.240   9.189   35.126    0.766    451.734   109.633
  456   9.237   9.186   35.130    0.767    452.726   109.611
  457   9.179   9.128   35.123    0.768    453.718   109.686
  458   9.152   9.101   35.120    0.769    454.710   109.652
  459   9.138   9.086   35.118    0.770    455.701   109.721
  460   9.128   9.076   35.117    0.771    456.693   109.809
  461   9.125   9.073   35.116    0.772    457.685   109.990
  462   9.123   9.071   35.116    0.773    458.677   110.071
  463   9.117   9.066   35.116    0.774    459.668   110.055
  464   9.114   9.062   35.115    0.775    460.660   110.084
  465   9.111   9.060   35.115    0.776    461.652   110.117
  466   9.110   9.058   35.116    0.777    462.643   110.143
  467   9.109   9.057   35.115    0.778    463.635   110.189
  468   9.107   9.055   35.115    0.779    464.627   110.190
  469   9.098   9.045   35.114    0.780    465.618   110.175
  470   9.061   9.008   35.111    0.781    466.610   110.153
  471   9.043   8.991   35.109    0.782    467.602   110.154
  472   9.035   8.983   35.109    0.782    468.593   110.183
  473   9.030   8.978   35.108    0.783    469.585   110.297
  474   9.018   8.966   35.107    0.784    470.577   110.421
  475   9.006   8.953   35.105    0.785    471.568   110.449
  476   8.984   8.931   35.103    0.786    472.560   110.446
  477   8.975   8.922   35.102    0.787    473.552   110.416
  478   8.954   8.901   35.100    0.788    474.543   110.482
  479   8.939   8.886   35.098    0.789    475.535   110.525
  480   8.934   8.881   35.098    0.790    476.526   110.626
  481   8.933   8.880   35.098    0.791    477.518   110.691
  482   8.931   8.878   35.097    0.792    478.510   110.739
  483   8.924   8.871   35.097    0.793    479.501   110.712
  484   8.920   8.867   35.096    0.794    480.493   110.760
  485   8.890   8.837   35.092    0.795    481.484   110.824
  486   8.849   8.796   35.088    0.796    482.476   110.852
  487   8.838   8.784   35.086    0.797    483.468   110.852
  488   8.805   8.752   35.083    0.798    484.459   111.018
  489   8.750   8.697   35.077    0.799    485.451   111.269
  490   8.683   8.630   35.070    0.800    486.442   111.460
  491   8.634   8.581   35.065    0.800    487.434   111.675
  492   8.591   8.538   35.060    0.801    488.425   112.019
  493   8.553   8.500   35.056    0.802    489.417   112.430
  494   8.542   8.489   35.054    0.803    490.409   112.751
  495   8.531   8.478   35.053    0.804    491.400   112.990
  496   8.515   8.462   35.051    0.805    492.392   113.177
  497   8.503   8.450   35.050    0.806    493.383   113.284
  498   8.479   8.426   35.047    0.807    494.375   113.409
  499   8.465   8.412   35.046    0.808    495.366   113.391
  500   8.462   8.408   35.045    0.809    496.358   113.444
  501   8.456   8.402   35.045    0.810    497.349   113.470
  502   8.454   8.401   35.045    0.811    498.341   113.566
  503   8.453   8.399   35.045    0.811    499.332   113.603
  504   8.448   8.394   35.045    0.812    500.324   113.601
  505   8.445   8.392   35.044    0.813    501.315   113.617
  506   8.442   8.388   35.044    0.814    502.307   113.634
  507   8.439   8.385   35.044    0.815    503.298   113.619
  508   8.435   8.381   35.043    0.816    504.290   113.645
  509   8.430   8.375   35.042    0.817    505.281   113.685
  510   8.417   8.363   35.041    0.818    506.273   113.693
  511   8.408   8.353   35.040    0.819    507.264   113.763
  512   8.393   8.338   35.039    0.820    508.256   113.865
  513   8.384   8.330   35.039    0.821    509.247   113.906
  514   8.378   8.323   35.039    0.821    510.239   113.984
  515   8.371   8.316   35.039    0.822    511.230   114.131
  516   8.368   8.313   35.039    0.823    512.221   114.207
  517   8.368   8.313   35.039    0.824    513.213   114.230
  518   8.364   8.309   35.039    0.825    514.204   114.236
  519   8.354   8.299   35.039    0.826    515.196   114.267
  520   8.346   8.291   35.038    0.827    516.187   114.292
  521   8.342   8.287   35.038    0.828    517.179   114.339
  522   8.293   8.238   35.033    0.829    518.170   114.518
  523   8.271   8.216   35.030    0.830    519.161   114.507
  524   8.257   8.202   35.028    0.831    520.153   114.676
  525   8.241   8.185   35.026    0.831    521.144   114.923
  526   8.238   8.183   35.026    0.832    522.136   115.162
  527   8.238   8.182   35.026    0.833    523.127   115.278
  528   8.233   8.178   35.026    0.834    524.119   115.319
  529   8.232   8.177   35.026    0.835    525.110   115.306
  530   8.233   8.177   35.026    0.836    526.101   115.284
  531   8.230   8.175   35.026    0.837    527.093   115.309
  532   8.214   8.158   35.024    0.838    528.084   115.335
  533   8.137   8.082   35.016    0.839    529.075   115.466
  534   8.111   8.056   35.013    0.840    530.067   115.453
  535   8.106   8.051   35.012    0.840    531.058   115.643
  536   8.100   8.044   35.012    0.841    532.049   115.978
  537   8.101   8.045   35.012    0.842    533.041   116.264
  538   8.100   8.044   35.012    0.843    534.032   116.351
  539   8.099   8.043   35.012    0.844    535.023   116.443
  540   8.098   8.042   35.012    0.845    536.015   116.408
  541   8.098   8.041   35.012    0.846    537.006   116.352
  542   8.094   8.038   35.012    0.847    537.997   116.307
  543   8.093   8.036   35.012    0.848    538.989   116.298
  544   8.092   8.035   35.012    0.848    539.980   116.340
  545   8.090   8.033   35.012    0.849    540.971   116.380
  546   8.085   8.029   35.012    0.850    541.963   116.371
  547   8.083   8.027   35.012    0.851    542.954   116.348
  548   8.080   8.023   35.011    0.852    543.945   116.397
  549   8.077   8.020   35.011    0.853    544.937   116.436
  550   8.075   8.017   35.011    0.854    545.928   116.518
  551   8.065   8.008   35.010    0.855    546.919   116.562
  552   8.057   8.000   35.009    0.856    547.910   116.568
  553   8.051   7.993   35.009    0.856    548.902   116.618
  554   8.047   7.989   35.008    0.857    549.893   116.649
  555   8.042   7.984   35.008    0.858    550.884   116.674
  556   8.035   7.977   35.006    0.859    551.876   116.706
  557   8.016   7.958   35.005    0.860    552.867   116.777
  558   7.995   7.937   35.003    0.861    553.858   116.874
  559   7.976   7.919   35.001    0.862    554.849   116.951
  560   7.962   7.904   35.000    0.863    555.841   117.063
  561   7.950   7.892   34.999    0.863    556.832   117.211
  562   7.941   7.883   34.998    0.864    557.823   117.399
  563   7.928   7.870   34.996    0.865    558.814   117.514
  564   7.919   7.861   34.995    0.866    559.805   117.586
  565   7.902   7.844   34.994    0.867    560.797   117.684
  566   7.890   7.831   34.993    0.868    561.788   117.777
  567   7.885   7.827   34.994    0.869    562.779   117.949
  568   7.885   7.827   34.994    0.870    563.770   118.009
  569   7.886   7.827   34.994    0.871    564.761   118.113
  570   7.887   7.828   34.994    0.871    565.753   118.190
  571   7.888   7.829   34.995    0.872    566.744   118.210
  572   7.888   7.829   34.995    0.873    567.735   118.210
  573   7.887   7.828   34.995    0.874    568.726   118.178
  574   7.887   7.828   34.995    0.875    569.717   118.146
  575   7.887   7.828   34.995    0.876    570.709   118.138
  576   7.886   7.827   34.995    0.877    571.700   118.140
  577   7.874   7.815   34.993    0.878    572.691   118.167
  578   7.858   7.799   34.992    0.878    573.682   118.253
  579   7.848   7.789   34.991    0.879    574.673   118.287
  580   7.828   7.768   34.989    0.880    575.664   118.398
  581   7.819   7.760   34.988    0.881    576.655   118.411
  582   7.813   7.753   34.988    0.882    577.647   118.494
  583   7.804   7.744   34.987    0.883    578.638   118.644
  584   7.791   7.731   34.985    0.884    579.629   118.824
  585   7.752   7.693   34.983    0.885    580.620   118.945
  586   7.726   7.667   34.982    0.885    581.611   119.009
  587   7.707   7.648   34.981    0.886    582.602   119.098
  588   7.698   7.638   34.980    0.887    583.593   119.452
  589   7.682   7.622   34.979    0.888    584.584   119.863
  590   7.667   7.607   34.978    0.889    585.575   120.141
  591   7.660   7.601   34.977    0.890    586.567   120.310
  592   7.646   7.586   34.976    0.891    587.558   120.396
  593   7.631   7.571   34.975    0.891    588.549   120.430
  594   7.613   7.553   34.974    0.892    589.540   120.578
  595   7.585   7.525   34.972    0.893    590.531   120.719
  596   7.550   7.491   34.969    0.894    591.522   120.885
  597   7.538   7.478   34.968    0.895    592.513   121.033
  598   7.537   7.477   34.968    0.896    593.504   121.362
  599   7.534   7.473   34.968    0.896    594.495   121.621
  600   7.528   7.468   34.968    0.897    595.486   121.880
  601   7.521   7.461   34.967    0.898    596.477   121.916
  602   7.520   7.460   34.967    0.899    597.468   121.908
  603   7.518   7.457   34.967    0.900    598.459   121.945
  604   7.516   7.456   34.967    0.901    599.450   121.990
  605   7.515   7.455   34.967    0.902    600.441   122.062
  606   7.514   7.454   34.967    0.902    601.432   122.058
  607   7.514   7.453   34.967    0.903    602.423   122.094
  608   7.514   7.453   34.967    0.904    603.414   122.121
  609   7.513   7.452   34.967    0.905    604.405   122.042
  610   7.511   7.450   34.967    0.906    605.396   122.029
  611   7.512   7.451   34.967    0.907    606.387   122.027
  612   7.516   7.454   34.967    0.907    607.378   122.141
  613   7.513   7.451   34.967    0.908    608.369   122.178
  614   7.508   7.447   34.967    0.909    609.360   122.070
  615   7.499   7.438   34.966    0.910    610.351   122.137
  616   7.489   7.427   34.966    0.911    611.342   122.148
  617   7.475   7.414   34.964    0.912    612.333   122.255
  618   7.464   7.402   34.963    0.913    613.324   122.403
  619   7.433   7.372   34.960    0.913    614.315   122.541
  620   7.403   7.341   34.957    0.914    615.306   122.661
  621   7.390   7.328   34.956    0.915    616.297   122.735
  622   7.389   7.327   34.956    0.916    617.288   122.929
  623   7.388   7.326   34.956    0.917    618.279   123.292
  624   7.386   7.324   34.956    0.918    619.270   123.434
  625   7.383   7.321   34.955    0.918    620.261   123.478
  626   7.375   7.313   34.955    0.919    621.252   123.466
  627   7.369   7.306   34.954    0.920    622.243   123.359
  628   7.362   7.299   34.954    0.921    623.234   123.397
  629   7.358   7.295   34.953    0.922    624.225   123.476
  630   7.347   7.285   34.953    0.923    625.215   123.631
  631   7.343   7.280   34.952    0.923    626.206   123.774
  632   7.334   7.271   34.952    0.924    627.197   123.877
  633   7.325   7.263   34.951    0.925    628.188   123.938
  634   7.315   7.252   34.951    0.926    629.179   123.989
  635   7.308   7.245   34.950    0.927    630.170   124.049
  636   7.308   7.245   34.950    0.928    631.161   124.162
  637   7.304   7.242   34.950    0.928    632.152   124.245
  638   7.303   7.240   34.950    0.929    633.143   124.386
  639   7.301   7.237   34.950    0.930    634.133   124.470
  640   7.298   7.235   34.950    0.931    635.124   124.542
  641   7.291   7.228   34.950    0.932    636.115   124.515
  642   7.261   7.198   34.947    0.933    637.106   124.586
  643   7.246   7.183   34.946    0.933    638.097   124.612
  644   7.241   7.177   34.946    0.934    639.088   124.724
  645   7.232   7.169   34.946    0.935    640.078   124.927
  646   7.222   7.158   34.945    0.936    641.069   125.095
  647   7.208   7.144   34.944    0.937    642.060   125.280
  648   7.198   7.134   34.944    0.938    643.051   125.402
  649   7.196   7.132   34.944    0.938    644.042   125.578
  650   7.195   7.132   34.944    0.939    645.033   125.729
  651   7.192   7.128   34.944    0.940    646.023   125.788
  652   7.176   7.112   34.943    0.941    647.014   125.830
  653   7.159   7.095   34.942    0.942    648.005   125.939
  654   7.142   7.078   34.941    0.943    648.996   126.115
  655   7.119   7.055   34.940    0.943    649.987   126.363
  656   7.098   7.034   34.939    0.944    650.977   126.522
  657   7.091   7.027   34.939    0.945    651.968   126.774
  658   7.079   7.015   34.938    0.946    652.959   127.055
  659   7.062   6.998   34.937    0.947    653.950   127.320
  660   7.055   6.991   34.937    0.947    654.940   127.489
  661   7.043   6.979   34.936    0.948    655.931   127.621
  662   7.035   6.970   34.936    0.949    656.922   127.797
  663   7.029   6.965   34.936    0.950    657.913   127.935
  664   7.015   6.951   34.935    0.951    658.903   128.073
  665   6.995   6.931   34.934    0.951    659.894   128.237
  666   6.982   6.918   34.933    0.952    660.885   128.461
  667   6.982   6.917   34.933    0.953    661.876   128.725
  668   6.981   6.917   34.933    0.954    662.866   128.876
  669   6.979   6.915   34.933    0.955    663.857   128.968
  670   6.978   6.913   34.933    0.955    664.848   128.996
  671   6.976   6.911   34.933    0.956    665.839   129.086
  672   6.967   6.902   34.933    0.957    666.829   129.113
  673   6.961   6.896   34.933    0.958    667.820   129.146
  674   6.956   6.891   34.933    0.959    668.811   129.164
  675   6.953   6.888   34.933    0.959    669.801   129.216
  676   6.949   6.883   34.933    0.960    670.792   129.362
  677   6.943   6.878   34.932    0.961    671.783   129.482
  678   6.940   6.874   34.932    0.962    672.773   129.504
  679   6.935   6.869   34.932    0.963    673.764   129.545
  680   6.931   6.866   34.932    0.963    674.755   129.648
  681   6.930   6.864   34.932    0.964    675.745   129.745
  682   6.927   6.862   34.932    0.965    676.736   129.812
  683   6.921   6.855   34.931    0.966    677.727   129.864
  684   6.916   6.850   34.931    0.967    678.717   129.855
  685   6.904   6.838   34.931    0.967    679.708   129.937
  686   6.880   6.814   34.930    0.968    680.699   130.062
  687   6.865   6.799   34.929    0.969    681.689   130.173
  688   6.838   6.773   34.929    0.970    682.680   130.410
  689   6.829   6.763   34.928    0.971    683.671   130.640
  690   6.828   6.762   34.928    0.971    684.661   130.936
  691   6.822   6.756   34.928    0.972    685.652   131.256
  692   6.811   6.745   34.928    0.973    686.642   131.519
  693   6.804   6.738   34.927    0.974    687.633   131.640
  694   6.799   6.733   34.927    0.975    688.624   131.738
  695   6.789   6.722   34.927    0.975    689.614   131.803
  696   6.763   6.697   34.926    0.976    690.605   131.895
  697   6.747   6.681   34.925    0.977    691.595   132.034
  698   6.737   6.671   34.925    0.978    692.586   132.301
  699   6.726   6.659   34.925    0.978    693.577   132.638
  700   6.724   6.657   34.925    0.979    694.567   132.831
  701   6.723   6.656   34.925    0.980    695.558   133.051
  702   6.717   6.650   34.925    0.981    696.548   133.260
  703   6.710   6.643   34.925    0.982    697.539   133.358
  704   6.701   6.634   34.924    0.982    698.529   133.369
  705   6.695   6.628   34.924    0.983    699.520   133.393
  706   6.692   6.626   34.924    0.984    700.511   133.457
  707   6.690   6.623   34.924    0.985    701.501   133.602
  708   6.684   6.617   34.924    0.985    702.492   133.691
  709   6.678   6.611   34.924    0.986    703.482   133.759
  710   6.677   6.610   34.924    0.987    704.473   133.799
  711   6.677   6.609   34.924    0.988    705.463   133.880
  712   6.677   6.609   34.924    0.989    706.454   133.945
  713   6.677   6.609   34.924    0.989    707.444   134.037
  714   6.676   6.608   34.924    0.990    708.435   134.039
  715   6.673   6.605   34.924    0.991    709.425   134.065
  716   6.668   6.600   34.924    0.992    710.416   134.109
  717   6.658   6.590   34.924    0.992    711.406   134.188
  718   6.646   6.578   34.923    0.993    712.397   134.210
  719   6.637   6.569   34.923    0.994    713.387   134.300
  720   6.628   6.560   34.923    0.995    714.378   134.461
  721   6.624   6.556   34.923    0.995    715.368   134.634
  722   6.623   6.555   34.923    0.996    716.359   134.747
  723   6.622   6.554   34.923    0.997    717.349   134.875
  724   6.621   6.553   34.923    0.998    718.340   134.973
  725   6.619   6.551   34.923    0.999    719.330   135.063
  726   6.616   6.548   34.923    0.999    720.321   135.111
  727   6.614   6.545   34.923    1.000    721.311   135.092
  728   6.608   6.539   34.923    1.001    722.301   135.056
  729   6.606   6.537   34.923    1.002    723.292   135.093
  730   6.601   6.533   34.922    1.002    724.282   135.150
  731   6.600   6.531   34.923    1.003    725.273   135.230
  732   6.598   6.529   34.922    1.004    726.263   135.424
  733   6.595   6.526   34.922    1.005    727.254   135.431
  734   6.593   6.524   34.922    1.005    728.244   135.477
  735   6.588   6.519   34.922    1.006    729.234   135.460
  736   6.582   6.513   34.922    1.007    730.225   135.532
  737   6.579   6.510   34.922    1.008    731.215   135.598
  738   6.575   6.505   34.922    1.008    732.206   135.722
  739   6.574   6.504   34.922    1.009    733.196   135.806
  740   6.572   6.502   34.922    1.010    734.186   135.877
  741   6.570   6.500   34.922    1.011    735.177   135.969
  742   6.567   6.497   34.922    1.012    736.167   135.974
  743   6.565   6.496   34.922    1.012    737.158   136.044
  744   6.565   6.495   34.922    1.013    738.148   136.073
  745   6.557   6.487   34.922    1.014    739.138   136.090
  746   6.545   6.475   34.922    1.015    740.129   136.125
  747   6.528   6.458   34.921    1.015    741.119   136.265
  748   6.501   6.431   34.921    1.016    742.109   136.397
  749   6.482   6.412   34.921    1.017    743.100   136.531
  750   6.481   6.411   34.920    1.018    744.090   136.719
  751   6.479   6.409   34.920    1.018    745.080   137.120
  752   6.479   6.409   34.920    1.019    746.071   137.551
  753   6.479   6.408   34.921    1.020    747.061   137.671
  754   6.476   6.405   34.921    1.021    748.051   137.718
  755   6.469   6.399   34.921    1.021    749.042   137.735
  756   6.455   6.385   34.920    1.022    750.032   137.841
  757   6.435   6.364   34.920    1.023    751.022   137.910
  758   6.432   6.361   34.920    1.024    752.013   138.011
  759   6.428   6.357   34.920    1.024    753.003   138.166
  760   6.427   6.357   34.920    1.025    753.993   138.348
  761   6.423   6.352   34.920    1.026    754.983   138.686
  762   6.414   6.343   34.920    1.027    755.974   138.813
  763   6.406   6.335   34.920    1.027    756.964   138.893
  764   6.397   6.326   34.920    1.028    757.954   138.971
  765   6.392   6.321   34.920    1.029    758.945   139.110
  766   6.388   6.317   34.920    1.030    759.935   139.247
  767   6.379   6.308   34.919    1.030    760.925   139.338
  768   6.360   6.289   34.919    1.031    761.915   139.460
  769   6.351   6.280   34.919    1.032    762.906   139.578
  770   6.350   6.278   34.919    1.033    763.896   139.758
  771   6.349   6.278   34.919    1.033    764.886   140.043
  772   6.348   6.276   34.919    1.034    765.876   140.229
  773   6.344   6.273   34.919    1.035    766.867   140.328
  774   6.338   6.266   34.919    1.035    767.857   140.404
  775   6.330   6.258   34.919    1.036    768.847   140.423
  776   6.318   6.246   34.919    1.037    769.837   140.508
  777   6.310   6.238   34.919    1.038    770.827   140.618
  778   6.299   6.227   34.919    1.038    771.818   140.722
  779   6.289   6.217   34.918    1.039    772.808   140.889
  780   6.286   6.214   34.918    1.040    773.798   141.158
  781   6.278   6.206   34.918    1.041    774.788   141.436
  782   6.259   6.187   34.918    1.041    775.778   141.612
  783   6.241   6.169   34.918    1.042    776.769   141.724
  784   6.234   6.162   34.918    1.043    777.759   141.935
  785   6.231   6.159   34.918    1.044    778.749   142.238
  786   6.228   6.156   34.918    1.044    779.739   142.557
  787   6.215   6.143   34.918    1.045    780.729   142.793
  788   6.205   6.133   34.918    1.046    781.719   142.834
  789   6.202   6.130   34.918    1.046    782.710   142.954
  790   6.200   6.128   34.918    1.047    783.700   143.181
  791   6.190   6.117   34.918    1.048    784.690   143.379
  792   6.181   6.109   34.918    1.049    785.680   143.541
  793   6.173   6.100   34.918    1.049    786.670   143.707
  794   6.169   6.096   34.918    1.050    787.660   143.870
  795   6.162   6.090   34.918    1.051    788.650   143.971
  796   6.157   6.084   34.918    1.051    789.641   144.106
  797   6.152   6.080   34.918    1.052    790.631   144.246
  798   6.130   6.057   34.918    1.053    791.621   144.427
  799   6.112   6.039   34.918    1.054    792.611   144.642
  800   6.093   6.020   34.918    1.054    793.601   144.879
  801   6.083   6.011   34.918    1.055    794.591   145.204
  802   6.082   6.009   34.918    1.056    795.581   145.558
  803   6.081   6.008   34.918    1.056    796.571   145.885
  804   6.081   6.008   34.918    1.057    797.561   146.203
  805   6.079   6.006   34.918    1.058    798.551   146.256
  806   6.076   6.003   34.918    1.059    799.542   146.323
  807   6.064   5.991   34.918    1.059    800.532   146.339
  808   6.045   5.972   34.918    1.060    801.522   146.439
  809   6.035   5.962   34.918    1.061    802.512   146.516
  810   6.034   5.961   34.918    1.061    803.502   146.721
  811   6.033   5.960   34.918    1.062    804.492   147.017
  812   6.034   5.960   34.918    1.063    805.482   147.147
  813   6.031   5.957   34.918    1.063    806.472   147.262
  814   6.021   5.947   34.918    1.064    807.462   147.304
  815   6.015   5.942   34.918    1.065    808.452   147.293
  816   6.013   5.940   34.918    1.066    809.442   147.385
  817   6.013   5.940   34.918    1.066    810.432   147.497
  818   6.014   5.940   34.918    1.067    811.422   147.589
  819   6.013   5.939   34.918    1.068    812.412   147.726
  820   6.013   5.938   34.918    1.068    813.402   147.789
  821   6.013   5.938   34.918    1.069    814.392   147.784
  822   6.013   5.939   34.918    1.070    815.382   147.850
  823   6.014   5.939   34.918    1.070    816.372   147.851
  824   6.014   5.940   34.918    1.071    817.362   147.906
  825   6.014   5.939   34.918    1.072    818.352   147.925
  826   6.012   5.938   34.918    1.073    819.342   147.893
  827   6.012   5.937   34.918    1.073    820.332   147.841
  828   6.012   5.937   34.918    1.074    821.322   147.824
  829   6.012   5.937   34.918    1.075    822.312   147.759
  830   6.012   5.937   34.918    1.075    823.302   147.839
  831   6.012   5.937   34.918    1.076    824.292   147.951
  832   6.014   5.938   34.918    1.077    825.282   147.944
  833   6.013   5.938   34.918    1.077    826.272   147.953
  834   6.012   5.936   34.918    1.078    827.262   147.959
  835   6.005   5.929   34.918    1.079    828.252   147.933
  836   5.993   5.918   34.918    1.080    829.242   147.922
  837   5.989   5.914   34.918    1.080    830.232   147.897
  838   5.983   5.907   34.918    1.081    831.221   148.028
  839   5.979   5.903   34.918    1.082    832.211   148.235
  840   5.975   5.899   34.918    1.082    833.201   148.419
  841   5.969   5.893   34.918    1.083    834.191   148.601
  842   5.966   5.890   34.918    1.084    835.181   148.714
  843   5.961   5.885   34.918    1.084    836.171   148.817
  844   5.957   5.881   34.918    1.085    837.161   148.899
  845   5.955   5.879   34.918    1.086    838.151   149.009
  846   5.951   5.875   34.918    1.087    839.141   149.082
  847   5.949   5.873   34.918    1.087    840.131   149.155
  848   5.945   5.869   34.918    1.088    841.120   149.240
  849   5.943   5.867   34.918    1.089    842.110   149.302
  850   5.942   5.866   34.918    1.089    843.100   149.364
  851   5.938   5.861   34.918    1.090    844.090   149.439
  852   5.928   5.851   34.918    1.091    845.080   149.539
  853   5.919   5.843   34.918    1.091    846.070   149.576
  854   5.898   5.822   34.919    1.092    847.060   149.674
  855   5.865   5.788   34.919    1.093    848.049   149.895
  856   5.859   5.783   34.919    1.093    849.039   150.203
  857   5.858   5.781   34.919    1.094    850.029   150.616
  858   5.858   5.781   34.919    1.095    851.019   151.052
  859   5.858   5.781   34.919    1.095    852.009   151.400
  860   5.857   5.780   34.919    1.096    852.999   151.517
  861   5.851   5.774   34.919    1.097    853.988   151.562
  862   5.851   5.774   34.919    1.098    854.978   151.612
  863   5.851   5.774   34.919    1.098    855.968   151.644
  864   5.851   5.773   34.919    1.099    856.958   151.695
  865   5.851   5.773   34.919    1.100    857.948   151.751
  866   5.850   5.772   34.919    1.100    858.937   151.749
  867   5.848   5.771   34.919    1.101    859.927   151.796
  868   5.847   5.769   34.919    1.102    860.917   151.842
  869   5.847   5.769   34.919    1.102    861.907   151.859
  870   5.846   5.768   34.919    1.103    862.897   151.848
  871   5.843   5.765   34.919    1.104    863.886   151.842
  872   5.841   5.763   34.919    1.104    864.876   151.844
  873   5.840   5.762   34.919    1.105    865.866   151.862
  874   5.838   5.760   34.919    1.106    866.856   151.948
  875   5.836   5.758   34.919    1.106    867.845   151.985
  876   5.835   5.757   34.919    1.107    868.835   152.035
  877   5.834   5.756   34.919    1.108    869.825   152.117
  878   5.833   5.754   34.919    1.108    870.815   152.156
  879   5.820   5.742   34.919    1.109    871.804   152.207
  880   5.812   5.734   34.920    1.110    872.794   152.245
  881   5.811   5.732   34.920    1.110    873.784   152.290
  882   5.809   5.730   34.920    1.111    874.774   152.419
  883   5.807   5.728   34.920    1.112    875.763   152.548
  884   5.804   5.725   34.920    1.113    876.753   152.706
  885   5.804   5.725   34.920    1.113    877.743   152.803
  886   5.801   5.722   34.920    1.114    878.732   152.888
  887   5.798   5.719   34.920    1.115    879.722   152.934
  888   5.797   5.718   34.920    1.115    880.712   152.985
  889   5.796   5.717   34.920    1.116    881.701   153.050
  890   5.794   5.714   34.920    1.117    882.691   153.096
  891   5.790   5.711   34.920    1.117    883.681   153.115
  892   5.787   5.708   34.920    1.118    884.670   153.146
  893   5.786   5.707   34.920    1.119    885.660   153.187
  894   5.785   5.706   34.920    1.119    886.650   153.242
  895   5.784   5.704   34.920    1.120    887.639   153.275
  896   5.784   5.704   34.920    1.121    888.629   153.325
  897   5.784   5.704   34.920    1.121    889.619   153.429
  898   5.784   5.704   34.920    1.122    890.608   153.496
  899   5.784   5.703   34.920    1.123    891.598   153.523
  900   5.784   5.703   34.920    1.123    892.588   153.510
  901   5.783   5.703   34.920    1.124    893.577   153.510
  902   5.783   5.703   34.920    1.125    894.567   153.519
  903   5.783   5.703   34.920    1.125    895.557   153.519
  904   5.783   5.702   34.920    1.126    896.546   153.508
  905   5.783   5.702   34.920    1.127    897.536   153.390
  906   5.783   5.702   34.920    1.127    898.525   153.348
  907   5.783   5.702   34.920    1.128    899.515   153.398
  908   5.783   5.702   34.920    1.129    900.505   153.446
  909   5.780   5.699   34.920    1.129    901.494   153.508
  910   5.778   5.696   34.920    1.130    902.484   153.518
  911   5.775   5.694   34.920    1.131    903.473   153.514
  912   5.772   5.691   34.920    1.131    904.463   153.526
  913   5.770   5.688   34.920    1.132    905.452   153.554
  914   5.769   5.687   34.920    1.133    906.442   153.662
  915   5.767   5.686   34.920    1.134    907.432   153.758
  916   5.765   5.683   34.920    1.134    908.421   153.816
  917   5.765   5.683   34.920    1.135    909.411   153.800
  918   5.765   5.683   34.920    1.136    910.400   153.821
  919   5.765   5.683   34.920    1.136    911.390   153.850
  920   5.765   5.683   34.920    1.137    912.379   153.886
  921   5.765   5.683   34.920    1.138    913.369   153.919
  922   5.765   5.683   34.920    1.138    914.358   154.000
  923   5.765   5.683   34.920    1.139    915.348   153.970
  924   5.765   5.683   34.920    1.140    916.337   153.935
  925   5.765   5.683   34.920    1.140    917.327   153.910
  926   5.765   5.682   34.920    1.141    918.317   153.943
  927   5.765   5.683   34.920    1.142    919.306   153.976
  928   5.764   5.682   34.920    1.142    920.296   153.998
  929   5.765   5.682   34.920    1.143    921.285   153.999
  930   5.764   5.681   34.920    1.144    922.275   154.017
  931   5.763   5.680   34.920    1.144    923.264   154.004
  932   5.763   5.680   34.920    1.145    924.253   153.985
  933   5.763   5.680   34.920    1.146    925.243   153.991
  934   5.763   5.679   34.920    1.146    926.232   153.981
  935   5.763   5.679   34.920    1.147    927.222   153.987
  936   5.762   5.679   34.921    1.148    928.211   154.017
  937   5.763   5.679   34.920    1.148    929.201   154.032
  938   5.762   5.678   34.920    1.149    930.190   154.097
  939   5.762   5.678   34.920    1.150    931.180   154.105
  940   5.761   5.678   34.920    1.150    932.169   154.126
  941   5.761   5.677   34.920    1.151    933.159   154.103
  942   5.762   5.678   34.920    1.152    934.148   154.113
  943   5.762   5.678   34.920    1.153    935.137   154.109
  944   5.762   5.678   34.920    1.153    936.127   154.102
  945   5.762   5.678   34.920    1.154    937.116   154.083
  946   5.762   5.678   34.920    1.155    938.106   154.090
  947   5.762   5.677   34.920    1.155    939.095   154.086
  948   5.761   5.676   34.920    1.156    940.085   154.084
  949   5.761   5.676   34.920    1.157    941.074   154.121
  950   5.762   5.677   34.920    1.157    942.063   154.123
  951   5.762   5.677   34.920    1.158    943.053   154.147
  952   5.762   5.677   34.920    1.159    944.042   154.112
  953   5.762   5.676   34.920    1.159    945.032   154.115
  954   5.762   5.676   34.920    1.160    946.021   154.119
  955   5.761   5.676   34.920    1.161    947.010   154.101
  956   5.761   5.675   34.921    1.161    948.000   154.074
  957   5.761   5.675   34.921    1.162    948.989   154.094
  958   5.761   5.675   34.920    1.163    949.978   154.066
  959   5.761   5.675   34.920    1.163    950.968   154.120
  960   5.761   5.675   34.921    1.164    951.957   154.152
  961   5.760   5.675   34.921    1.165    952.946   154.207
  962   5.761   5.675   34.920    1.165    953.936   154.154
  963   5.760   5.674   34.920    1.166    954.925   154.191
  964   5.760   5.674   34.920    1.167    955.914   154.194
  965   5.760   5.674   34.920    1.167    956.904   154.164
  966   5.761   5.674   34.920    1.168    957.893   154.096
  967   5.761   5.674   34.921    1.169    958.882   154.123
  968   5.761   5.674   34.920    1.170    959.872   154.152
  969   5.761   5.674   34.920    1.170    960.861   154.146
  970   5.761   5.674   34.920    1.171    961.850   154.169
  971   5.761   5.674   34.920    1.172    962.840   154.179
  972   5.761   5.674   34.921    1.172    963.829   154.194
  973   5.761   5.674   34.920    1.173    964.818   154.178
  974   5.761   5.674   34.920    1.174    965.808   154.232
  975   5.761   5.674   34.920    1.174    966.797   154.236
  976   5.762   5.674   34.920    1.175    967.786   154.187
  977   5.761   5.674   34.920    1.176    968.775   154.186
  978   5.761   5.673   34.921    1.176    969.765   154.204
  979   5.760   5.673   34.920    1.177    970.754   154.223
  980   5.760   5.672   34.921    1.178    971.743   154.242
  981   5.760   5.672   34.921    1.178    972.732   154.252
  982   5.761   5.673   34.920    1.179    973.722   154.158
  983   5.761   5.672   34.920    1.180    974.711   154.166
  984   5.760   5.672   34.920    1.180    975.700   154.191
  985   5.760   5.671   34.920    1.181    976.689   154.233
  986   5.760   5.671   34.920    1.182    977.679   154.243
  987   5.760   5.671   34.921    1.183    978.668   154.255
  988   5.759   5.671   34.921    1.183    979.657   154.262
  989   5.759   5.671   34.920    1.184    980.646   154.264
  990   5.760   5.671   34.920    1.185    981.636   154.236
  991   5.759   5.670   34.920    1.185    982.625   154.310
  992   5.759   5.670   34.920    1.186    983.614   154.267
  993   5.759   5.670   34.921    1.187    984.603   154.222
  994   5.759   5.670   34.921    1.187    985.592   154.195
  995   5.759   5.670   34.921    1.188    986.581   154.211
  996   5.759   5.670   34.921    1.189    987.571   154.275
  997   5.759   5.669   34.921    1.189    988.560   154.300
  998   5.759   5.669   34.920    1.190    989.549   154.305
  999   5.759   5.669   34.921    1.191    990.538   154.299
 1000   5.759   5.669   34.921    1.191    991.527   154.221
 1001   5.759   5.669   34.920    1.192    992.517   154.195
 1002   5.759   5.669   34.921    1.193    993.506   154.185
 1003   5.759   5.669   34.921    1.193    994.495   154.240
 1004   5.759   5.669   34.921    1.194    995.484   154.271
 1005   5.759   5.669   34.921    1.195    996.473   154.306
 1006   5.759   5.669   34.921    1.196    997.462   154.261
 1007   5.759   5.669   34.921    1.196    998.451   154.212
 1008   5.759   5.669   34.920    1.197    999.441   154.272
 1009   5.759   5.669   34.921    1.198    1000.430   154.324
 1010   5.759   5.669   34.921    1.198    1001.419   154.284
 1011   5.759   5.668   34.920    1.199    1002.408   154.234
 1012   5.758   5.667   34.921    1.200    1003.397   154.252
 1013   5.758   5.667   34.921    1.200    1004.386   154.312
 1014   5.758   5.667   34.921    1.201    1005.375   154.340
 1015   5.758   5.666   34.920    1.202    1006.364   154.328
 1016   5.757   5.666   34.921    1.202    1007.353   154.354
 1017   5.757   5.666   34.920    1.203    1008.342   154.319
 1018   5.758   5.666   34.921    1.204    1009.332   154.364
 1019   5.757   5.666   34.920    1.204    1010.321   154.413
 1020   5.757   5.666   34.920    1.205    1011.310   154.257
 1021   5.757   5.665   34.921    1.206    1012.299   154.276
 1022   5.754   5.663   34.921    1.207    1013.288   154.344
 1023   5.754   5.662   34.921    1.207    1014.277   154.387
 1024   5.754   5.662   34.921    1.208    1015.266   154.404
 1025   5.753   5.661   34.921    1.209    1016.255   154.413
 1026   5.754   5.661   34.921    1.209    1017.244   154.460
 1027   5.754   5.661   34.921    1.210    1018.233   154.452
 1028   5.754   5.661   34.921    1.211    1019.222   154.449
 1029   5.754   5.661   34.921    1.211    1020.211   154.435
 1030   5.754   5.661   34.921    1.212    1021.200   154.409
 1031   5.754   5.661   34.921    1.213    1022.189   154.378
 1032   5.754   5.661   34.921    1.213    1023.178   154.373
 1033   5.754   5.661   34.921    1.214    1024.167   154.423
 1034   5.754   5.661   34.921    1.215    1025.156   154.451
 1035   5.754   5.661   34.921    1.216    1026.145   154.423
 1036   5.754   5.661   34.921    1.216    1027.134   154.451
 1037   5.754   5.661   34.921    1.217    1028.123   154.449
 1038   5.755   5.661   34.921    1.218    1029.112   154.382
 1039   5.754   5.661   34.921    1.218    1030.101   154.327
 1040   5.755   5.661   34.921    1.219    1031.090   154.351
 1041   5.755   5.661   34.921    1.220    1032.079   154.412
 1042   5.755   5.661   34.921    1.220    1033.068   154.442
 1043   5.755   5.661   34.921    1.221    1034.057   154.383
 1044   5.755   5.661   34.921    1.222    1035.046   154.318
 1045   5.755   5.661   34.921    1.222    1036.035   154.367
 1046   5.755   5.660   34.921    1.223    1037.024   154.430
 1047   5.754   5.660   34.921    1.224    1038.013   154.550
 1048   5.754   5.659   34.921    1.224    1039.002   154.558
 1049   5.753   5.659   34.921    1.225    1039.991   154.470
 1050   5.753   5.658   34.921    1.226    1040.980   154.483
 1051   5.752   5.658   34.921    1.227    1041.969   154.510
 1052   5.752   5.658   34.921    1.227    1042.957   154.476
 1053   5.752   5.658   34.921    1.228    1043.946   154.470
 1054   5.752   5.658   34.921    1.229    1044.935   154.520
 1055   5.752   5.657   34.921    1.229    1045.924   154.553
 1056   5.752   5.657   34.921    1.230    1046.913   154.479
 1057   5.751   5.656   34.921    1.231    1047.902   154.376
 1058   5.751   5.656   34.921    1.231    1048.891   154.401
 1059   5.751   5.656   34.921    1.232    1049.880   154.431
 1060   5.751   5.655   34.921    1.233    1050.869   154.492
 1061   5.750   5.654   34.921    1.233    1051.858   154.536
 1062   5.749   5.654   34.921    1.234    1052.846   154.561
 1063   5.749   5.654   34.921    1.235    1053.835   154.543
 1064   5.750   5.654   34.921    1.236    1054.824   154.582
 1065   5.750   5.654   34.921    1.236    1055.813   154.598
 1066   5.751   5.654   34.921    1.237    1056.802   154.606
 1067   5.750   5.654   34.921    1.238    1057.791   154.605
 1068   5.750   5.654   34.921    1.238    1058.780   154.571
 1069   5.749   5.653   34.921    1.239    1059.768   154.565
 1070   5.748   5.651   34.921    1.240    1060.757   154.543
 1071   5.748   5.652   34.921    1.240    1061.746   154.534
 1072   5.748   5.652   34.921    1.241    1062.735   154.547
 1073   5.748   5.651   34.921    1.242    1063.724   154.606
 1074   5.748   5.651   34.921    1.243    1064.713   154.609
 1075   5.748   5.652   34.921    1.243    1065.701   154.579
 1076   5.749   5.652   34.921    1.244    1066.690   154.520
 1077   5.749   5.652   34.921    1.245    1067.679   154.582
 1078   5.750   5.653   34.921    1.245    1068.668   154.579
 1079   5.750   5.652   34.920    1.246    1069.657   154.546
