 station cast   lat    long    jday   mo/da/yr   gmt
  68      1   26.059 -95.550   276    10/03/21  0700 
 
    File created by Jay Hooper - 13-Dec-2021   
            GOMECC4 Cruise Sep 2021 
             NOAA Ship Ronald H Brown
                  
 
     Primary (T,S,O) sensors - Calibrated CTD data   

   pr       te       th       sa       ht       ga       ox
dbars    deg c    deg c      psu  dyn. cm    gamma  umol/kg
    1   29.194   29.194   35.570    0.005    0.993   194.948
    2   29.194   29.194   35.570    0.011    1.987   194.974
    3   29.194   29.194   35.569    0.016    2.980   195.001
    4   29.194   29.193   35.569    0.022    3.974   195.028
    5   29.194   29.193   35.569    0.027    4.967   194.928
    6   29.194   29.192   35.569    0.032    5.961   195.364
    7   29.194   29.192   35.569    0.038    6.954   195.051
    8   29.194   29.192   35.570    0.043    7.948   195.000
    9   29.194   29.192   35.570    0.049    8.941   194.964
   10   29.190   29.188   35.570    0.054    9.935   195.278
   11   29.192   29.189   35.570    0.059    10.928   195.167
   12   29.195   29.192   35.571    0.065    11.922   195.098
   13   29.193   29.190   35.570    0.070    12.915   195.144
   14   29.190   29.186   35.568    0.076    13.908   195.185
   15   29.190   29.187   35.568    0.081    14.902   195.306
   16   29.189   29.185   35.574    0.087    15.895   195.269
   17   29.186   29.182   35.581    0.092    16.889   195.105
   18   29.184   29.180   35.583    0.097    17.882   194.872
   19   29.185   29.180   35.592    0.103    18.876   195.002
   20   29.196   29.192   35.606    0.108    19.869   195.123
   21   29.197   29.192   35.610    0.113    20.862   195.072
   22   29.191   29.186   35.614    0.119    21.856   195.233
   23   29.194   29.188   35.620    0.124    22.849   194.991
   24   29.192   29.187   35.624    0.130    23.842   195.433
   25   29.187   29.181   35.628    0.135    24.836   195.293
   26   29.189   29.183   35.631    0.140    25.829   195.210
   27   29.203   29.197   35.654    0.146    26.823   195.025
   28   29.220   29.214   35.685    0.151    27.816   195.661
   29   29.238   29.231   35.711    0.156    28.809   196.326
   30   29.259   29.252   35.758    0.162    29.803   196.399
   31   29.197   29.190   35.798    0.167    30.796   197.107
   32   29.220   29.213   35.959    0.172    31.789   199.224
   33   29.127   29.119   36.073    0.177    32.783   199.861
   34   28.508   28.500   36.031    0.182    33.776   201.426
   35   27.720   27.711   36.011    0.187    34.769   209.860
   36   27.170   27.161   36.033    0.191    35.763   217.522
   37   27.010   27.002   36.048    0.195    36.756   217.804
   38   26.901   26.892   36.057    0.200    37.749   216.094
   39   26.698   26.689   36.089    0.204    38.743   216.116
   40   26.495   26.486   36.137    0.208    39.736   218.709
   41   26.472   26.462   36.154    0.212    40.729   220.810
   42   26.083   26.073   36.239    0.216    41.722   221.624
   43   25.859   25.850   36.277    0.220    42.716   224.177
   44   25.718   25.708   36.288    0.224    43.709   226.182
   45   25.573   25.563   36.298    0.228    44.702   226.291
   46   25.457   25.447   36.299    0.232    45.696   225.911
   47   25.313   25.303   36.298    0.235    46.689   224.591
   48   25.118   25.108   36.298    0.239    47.682   223.580
   49   24.934   24.923   36.304    0.243    48.675   224.178
   50   24.704   24.693   36.303    0.246    49.669   223.283
   51   24.576   24.565   36.302    0.250    50.662   221.547
   52   24.454   24.442   36.300    0.253    51.655   220.508
   53   24.352   24.340   36.301    0.256    52.648   219.694
   54   24.265   24.254   36.301    0.260    53.642   219.243
   55   24.209   24.198   36.300    0.263    54.635   218.605
   56   24.151   24.139   36.299    0.267    55.628   217.784
   57   24.104   24.092   36.299    0.270    56.621   217.513
   58   24.064   24.052   36.297    0.273    57.615   217.260
   59   24.028   24.016   36.297    0.277    58.608   216.702
   60   23.971   23.958   36.295    0.280    59.601   216.038
   61   23.923   23.910   36.293    0.283    60.594   215.493
   62   23.793   23.780   36.288    0.286    61.587   215.019
   63   23.710   23.697   36.282    0.290    62.581   213.795
   64   23.636   23.622   36.269    0.293    63.574   213.386
   65   23.481   23.468   36.252    0.296    64.567   213.908
   66   23.333   23.319   36.239    0.299    65.560   214.040
   67   23.284   23.270   36.238    0.303    66.553   213.781
   68   23.232   23.218   36.249    0.306    67.546   213.393
   69   23.194   23.180   36.249    0.309    68.540   212.286
   70   23.154   23.139   36.262    0.312    69.533   210.924
   71   22.979   22.964   36.249    0.315    70.526   209.396
   72   22.857   22.843   36.246    0.318    71.519   207.904
   73   22.805   22.790   36.246    0.321    72.512   206.581
   74   22.710   22.695   36.242    0.324    73.505   205.920
   75   22.675   22.659   36.245    0.327    74.498   205.406
   76   22.663   22.648   36.254    0.330    75.492   204.805
   77   22.653   22.637   36.268    0.333    76.485   203.171
   78   22.583   22.567   36.263    0.336    77.478   200.058
   79   22.540   22.524   36.260    0.339    78.471   197.313
   80   22.475   22.459   36.257    0.342    79.464   197.588
   81   22.425   22.409   36.255    0.345    80.457   198.237
   82   22.401   22.384   36.254    0.348    81.450   197.401
   83   22.389   22.372   36.253    0.351    82.443   196.336
   84   22.368   22.351   36.253    0.354    83.436   196.027
   85   22.309   22.291   36.256    0.357    84.430   195.506
   86   22.264   22.247   36.256    0.360    85.423   192.943
   87   22.206   22.188   36.255    0.362    86.416   190.253
   88   22.162   22.145   36.255    0.365    87.409   188.549
   89   22.118   22.100   36.255    0.368    88.402   188.170
   90   22.051   22.033   36.251    0.371    89.395   187.950
   91   21.994   21.976   36.251    0.374    90.388   187.434
   92   21.967   21.949   36.251    0.377    91.381   186.771
   93   21.910   21.891   36.250    0.379    92.374   186.469
   94   21.761   21.742   36.246    0.382    93.367   187.013
   95   21.607   21.588   36.243    0.385    94.360   189.432
   96   21.507   21.488   36.246    0.388    95.353   189.859
   97   21.439   21.420   36.250    0.390    96.346   186.927
   98   21.416   21.397   36.253    0.393    97.339   181.807
   99   21.411   21.392   36.260    0.396    98.332   178.138
  100   21.382   21.362   36.271    0.398    99.325   176.998
  101   21.339   21.319   36.275    0.401    100.318   174.867
  102   21.299   21.279   36.272    0.403    101.311   171.990
  103   21.231   21.211   36.266    0.406    102.304   170.328
  104   21.142   21.122   36.260    0.409    103.297   169.548
  105   21.043   21.023   36.255    0.411    104.290   167.949
  106   20.955   20.934   36.247    0.414    105.283   165.488
  107   20.922   20.902   36.274    0.416    106.276   163.751
  108   20.861   20.840   36.300    0.419    107.269   161.583
  109   20.820   20.799   36.310    0.421    108.262   158.554
  110   20.800   20.779   36.321    0.424    109.255   155.484
  111   20.795   20.774   36.330    0.426    110.248   154.265
  112   20.811   20.789   36.358    0.429    111.241   155.104
  113   20.786   20.765   36.368    0.431    112.234   153.739
  114   20.762   20.740   36.367    0.433    113.227   148.147
  115   20.731   20.709   36.376    0.436    114.220   144.703
  116   20.694   20.671   36.384    0.438    115.213   144.354
  117   20.626   20.604   36.392    0.441    116.206   143.634
  118   20.561   20.539   36.403    0.443    117.199   142.146
  119   20.513   20.490   36.425    0.445    118.192   140.069
  120   20.491   20.468   36.440    0.448    119.185   137.389
  121   20.441   20.418   36.453    0.450    120.177   135.019
  122   20.355   20.332   36.477    0.452    121.170   132.495
  123   20.296   20.273   36.484    0.454    122.163   127.754
  124   20.218   20.195   36.490    0.456    123.156   123.933
  125   20.209   20.186   36.492    0.459    124.149   122.109
  126   20.201   20.178   36.496    0.461    125.142   121.690
  127   20.166   20.142   36.500    0.463    126.135   121.009
  128   20.124   20.100   36.505    0.465    127.128   120.047
  129   20.050   20.026   36.509    0.467    128.121   118.808
  130   19.968   19.944   36.511    0.469    129.113   117.205
  131   19.930   19.906   36.511    0.472    130.106   115.722
  132   19.911   19.887   36.511    0.474    131.099   114.998
  133   19.869   19.845   36.511    0.476    132.092   114.984
  134   19.824   19.799   36.512    0.478    133.085   114.831
  135   19.783   19.758   36.513    0.480    134.078   114.535
  136   19.718   19.692   36.509    0.482    135.071   114.393
  137   19.669   19.643   36.510    0.484    136.063   114.025
  138   19.649   19.624   36.508    0.486    137.056   113.648
  139   19.593   19.567   36.504    0.488    138.049   113.574
  140   19.532   19.506   36.500    0.490    139.042   113.701
  141   19.505   19.480   36.498    0.492    140.035   114.344
  142   19.483   19.457   36.498    0.494    141.028   115.330
  143   19.468   19.442   36.497    0.496    142.020   115.785
  144   19.442   19.416   36.495    0.498    143.013   115.943
  145   19.363   19.337   36.491    0.500    144.006   116.553
  146   19.193   19.167   36.476    0.502    144.999   117.221
  147   19.143   19.117   36.468    0.504    145.992   119.642
  148   19.085   19.058   36.467    0.506    146.984   124.193
  149   19.024   18.998   36.466    0.508    147.977   126.752
  150   18.981   18.954   36.463    0.510    148.970   125.085
  151   18.959   18.932   36.462    0.512    149.963   123.866
  152   18.929   18.902   36.461    0.514    150.955   123.903
  153   18.875   18.847   36.456    0.515    151.948   124.057
  154   18.730   18.703   36.441    0.517    152.941   122.801
  155   18.687   18.659   36.437    0.519    153.934   119.312
  156   18.668   18.640   36.435    0.521    154.926   116.286
  157   18.575   18.547   36.428    0.523    155.919   115.369
  158   18.533   18.505   36.432    0.525    156.912   115.216
  159   18.482   18.454   36.430    0.527    157.905   115.164
  160   18.437   18.408   36.426    0.528    158.897   114.304
  161   18.342   18.313   36.417    0.530    159.890   112.955
  162   18.287   18.259   36.412    0.532    160.883   112.514
  163   18.247   18.218   36.408    0.534    161.876   112.886
  164   18.195   18.166   36.403    0.535    162.868   112.779
  165   18.139   18.110   36.397    0.537    163.861   112.202
  166   18.090   18.061   36.391    0.539    164.854   112.155
  167   18.019   17.990   36.384    0.541    165.846   112.307
  168   17.944   17.915   36.377    0.542    166.839   112.846
  169   17.854   17.825   36.367    0.544    167.832   114.088
  170   17.790   17.761   36.361    0.546    168.824   115.311
  171   17.726   17.697   36.353    0.548    169.817   116.216
  172   17.647   17.618   36.344    0.549    170.810   117.283
  173   17.597   17.567   36.338    0.551    171.802   118.010
  174   17.544   17.514   36.332    0.553    172.795   117.917
  175   17.520   17.490   36.328    0.554    173.788   117.563
  176   17.484   17.454   36.323    0.556    174.780   117.288
  177   17.427   17.397   36.315    0.558    175.773   117.033
  178   17.351   17.321   36.305    0.559    176.766   116.692
  179   17.297   17.266   36.298    0.561    177.758   116.419
  180   17.212   17.182   36.288    0.563    178.751   116.423
  181   17.165   17.134   36.281    0.564    179.744   116.454
  182   17.098   17.067   36.272    0.566    180.736   116.611
  183   17.029   16.998   36.262    0.567    181.729   116.751
  184   16.961   16.930   36.254    0.569    182.721   116.829
  185   16.941   16.910   36.251    0.571    183.714   116.989
  186   16.925   16.894   36.249    0.572    184.707   117.410
  187   16.884   16.853   36.244    0.574    185.699   117.716
  188   16.819   16.788   36.235    0.575    186.692   117.667
  189   16.755   16.724   36.225    0.577    187.684   117.301
  190   16.673   16.642   36.213    0.578    188.677   116.889
  191   16.642   16.610   36.209    0.580    189.670   116.704
  192   16.595   16.563   36.203    0.582    190.662   116.750
  193   16.527   16.495   36.194    0.583    191.655   116.841
  194   16.513   16.482   36.192    0.585    192.647   116.741
  195   16.508   16.476   36.191    0.586    193.640   116.758
  196   16.465   16.433   36.184    0.588    194.632   116.768
  197   16.380   16.348   36.174    0.589    195.625   116.710
  198   16.356   16.324   36.170    0.591    196.617   116.574
  199   16.332   16.300   36.165    0.592    197.610   116.679
  200   16.289   16.257   36.159    0.594    198.602   116.821
  201   16.221   16.189   36.149    0.595    199.595   116.753
  202   16.174   16.142   36.142    0.597    200.588   116.682
  203   16.125   16.093   36.136    0.598    201.580   116.623
  204   16.066   16.034   36.127    0.600    202.573   116.657
  205   16.026   15.993   36.120    0.601    203.565   116.623
  206   15.980   15.947   36.113    0.603    204.558   116.572
  207   15.960   15.927   36.110    0.604    205.550   116.520
  208   15.956   15.923   36.110    0.606    206.543   116.532
  209   15.931   15.897   36.107    0.607    207.535   116.584
  210   15.909   15.876   36.104    0.609    208.528   116.458
  211   15.865   15.831   36.097    0.610    209.520   116.400
  212   15.825   15.791   36.092    0.612    210.513   116.287
  213   15.765   15.731   36.083    0.613    211.505   116.239
  214   15.715   15.681   36.075    0.615    212.497   116.216
  215   15.678   15.644   36.069    0.616    213.490   116.111
  216   15.658   15.624   36.065    0.617    214.482   115.924
  217   15.614   15.580   36.058    0.619    215.475   115.827
  218   15.577   15.542   36.053    0.620    216.467   115.745
  219   15.560   15.525   36.050    0.622    217.460   115.683
  220   15.516   15.482   36.044    0.623    218.452   115.649
  221   15.483   15.449   36.039    0.625    219.445   115.689
  222   15.436   15.401   36.031    0.626    220.437   115.802
  223   15.408   15.373   36.026    0.628    221.429   115.668
  224   15.363   15.329   36.020    0.629    222.422   115.598
  225   15.290   15.255   36.010    0.630    223.414   115.501
  226   15.263   15.229   36.006    0.632    224.407   115.368
  227   15.244   15.209   36.003    0.633    225.399   115.269
  228   15.216   15.181   35.998    0.635    226.392   115.223
  229   15.178   15.142   35.992    0.636    227.384   115.151
  230   15.161   15.126   35.990    0.637    228.376   115.034
  231   15.141   15.106   35.987    0.639    229.369   114.929
  232   15.129   15.093   35.985    0.640    230.361   114.835
  233   15.081   15.046   35.978    0.642    231.353   114.837
  234   15.056   15.020   35.974    0.643    232.346   114.807
  235   15.034   14.998   35.970    0.644    233.338   114.827
  236   14.966   14.930   35.959    0.646    234.331   114.862
  237   14.901   14.865   35.949    0.647    235.323   114.790
  238   14.885   14.849   35.946    0.649    236.315   114.622
  239   14.862   14.825   35.943    0.650    237.308   114.585
  240   14.835   14.799   35.940    0.651    238.300   114.476
  241   14.807   14.771   35.936    0.653    239.292   114.343
  242   14.778   14.741   35.931    0.654    240.285   114.304
  243   14.747   14.711   35.926    0.655    241.277   114.333
  244   14.741   14.705   35.925    0.657    242.269   114.359
  245   14.731   14.694   35.923    0.658    243.262   114.331
  246   14.679   14.642   35.914    0.659    244.254   114.309
  247   14.631   14.594   35.906    0.661    245.246   114.278
  248   14.583   14.546   35.899    0.662    246.239   114.285
  249   14.535   14.498   35.892    0.663    247.231   114.236
  250   14.508   14.470   35.888    0.665    248.223   114.200
  251   14.485   14.447   35.885    0.666    249.215   114.130
  252   14.463   14.425   35.881    0.668    250.208   114.113
  253   14.422   14.384   35.874    0.669    251.200   114.072
  254   14.394   14.357   35.870    0.670    252.192   113.972
  255   14.372   14.334   35.867    0.672    253.185   113.878
  256   14.365   14.327   35.865    0.673    254.177   113.888
  257   14.357   14.319   35.864    0.674    255.169   113.992
  258   14.336   14.298   35.861    0.676    256.161   114.176
  259   14.312   14.273   35.857    0.677    257.154   114.320
  260   14.304   14.266   35.856    0.678    258.146   114.499
  261   14.276   14.237   35.851    0.680    259.138   114.647
  262   14.212   14.173   35.841    0.681    260.130   114.752
  263   14.165   14.127   35.834    0.682    261.123   114.661
  264   14.105   14.066   35.825    0.683    262.115   114.428
  265   14.060   14.022   35.817    0.685    263.107   114.290
  266   14.031   13.992   35.813    0.686    264.099   114.315
  267   13.992   13.953   35.806    0.687    265.091   114.492
  268   13.934   13.895   35.797    0.689    266.084   114.649
  269   13.894   13.855   35.791    0.690    267.076   114.566
  270   13.864   13.825   35.787    0.691    268.068   114.459
  271   13.843   13.803   35.784    0.693    269.060   114.369
  272   13.826   13.787   35.781    0.694    270.052   114.436
  273   13.818   13.779   35.779    0.695    271.045   114.462
  274   13.768   13.729   35.771    0.696    272.037   114.490
  275   13.720   13.680   35.764    0.698    273.029   114.403
  276   13.692   13.652   35.760    0.699    274.021   114.360
  277   13.691   13.651   35.760    0.700    275.013   114.427
  278   13.686   13.646   35.759    0.702    276.005   114.518
  279   13.680   13.640   35.758    0.703    276.998   114.585
  280   13.657   13.617   35.754    0.704    277.990   114.629
  281   13.602   13.562   35.747    0.705    278.982   114.531
  282   13.592   13.552   35.745    0.707    279.974   113.838
  283   13.578   13.537   35.743    0.708    280.966   113.055
  284   13.568   13.527   35.742    0.709    281.958   112.552
  285   13.563   13.522   35.741    0.710    282.950   112.304
  286   13.552   13.511   35.738    0.712    283.943   112.312
  287   13.541   13.500   35.737    0.713    284.935   112.679
  288   13.522   13.481   35.734    0.714    285.927   113.253
  289   13.473   13.431   35.726    0.715    286.919   113.758
  290   13.430   13.389   35.719    0.717    287.911   113.951
  291   13.411   13.370   35.716    0.718    288.903   113.975
  292   13.379   13.337   35.711    0.719    289.895   114.106
  293   13.350   13.308   35.706    0.720    290.887   114.179
  294   13.290   13.249   35.697    0.722    291.879   114.273
  295   13.242   13.200   35.690    0.723    292.871   114.087
  296   13.225   13.183   35.687    0.724    293.864   113.849
  297   13.205   13.163   35.684    0.725    294.856   113.616
  298   13.181   13.139   35.681    0.727    295.848   113.482
  299   13.167   13.125   35.678    0.728    296.840   113.389
  300   13.137   13.095   35.673    0.729    297.832   113.362
  301   13.116   13.074   35.670    0.730    298.824   113.337
  302   13.087   13.045   35.665    0.732    299.816   113.271
  303   13.063   13.021   35.662    0.733    300.808   113.165
  304   13.052   13.010   35.660    0.734    301.800   113.065
  305   13.033   12.991   35.658    0.735    302.792   113.009
  306   13.015   12.972   35.655    0.737    303.784   112.946
  307   12.987   12.945   35.651    0.738    304.776   112.835
  308   12.955   12.912   35.646    0.739    305.768   112.768
  309   12.929   12.886   35.641    0.740    306.760   112.696
  310   12.911   12.869   35.638    0.741    307.752   112.782
  311   12.859   12.816   35.630    0.743    308.744   112.909
  312   12.825   12.782   35.625    0.744    309.736   112.942
  313   12.802   12.759   35.621    0.745    310.728   112.837
  314   12.767   12.724   35.616    0.746    311.720   112.701
  315   12.740   12.696   35.612    0.748    312.712   112.596
  316   12.713   12.670   35.607    0.749    313.704   112.567
  317   12.665   12.622   35.600    0.750    314.696   112.623
  318   12.634   12.590   35.596    0.751    315.688   112.567
  319   12.619   12.575   35.594    0.752    316.680   112.399
  320   12.599   12.555   35.591    0.754    317.672   112.240
  321   12.591   12.547   35.589    0.755    318.664   112.047
  322   12.577   12.533   35.587    0.756    319.656   111.963
  323   12.561   12.517   35.585    0.757    320.648   111.949
  324   12.542   12.498   35.581    0.758    321.640   111.984
  325   12.521   12.477   35.578    0.759    322.632   111.943
  326   12.511   12.466   35.577    0.761    323.624   111.841
  327   12.494   12.449   35.574    0.762    324.615   111.745
  328   12.456   12.411   35.568    0.763    325.607   111.772
  329   12.412   12.367   35.562    0.764    326.599   111.720
  330   12.394   12.350   35.559    0.765    327.591   111.665
  331   12.380   12.335   35.557    0.767    328.583   111.583
  332   12.369   12.325   35.556    0.768    329.575   111.548
  333   12.366   12.321   35.555    0.769    330.567   111.580
  334   12.331   12.286   35.549    0.770    331.559   111.641
  335   12.276   12.231   35.542    0.771    332.551   111.690
  336   12.237   12.192   35.537    0.773    333.543   111.622
  337   12.229   12.184   35.535    0.774    334.535   111.490
  338   12.218   12.173   35.533    0.775    335.526   111.466
  339   12.201   12.155   35.530    0.776    336.518   111.536
  340   12.151   12.106   35.522    0.777    337.510   111.639
  341   12.130   12.085   35.519    0.778    338.502   111.543
  342   12.114   12.069   35.516    0.780    339.494   111.555
  343   12.101   12.056   35.514    0.781    340.486   111.505
  344   12.055   12.010   35.508    0.782    341.478   111.584
  345   12.035   11.989   35.505    0.783    342.469   111.528
  346   12.018   11.973   35.503    0.784    343.461   111.381
  347   12.001   11.956   35.501    0.785    344.453   111.257
  348   11.988   11.942   35.498    0.786    345.445   111.107
  349   11.962   11.916   35.495    0.788    346.437   111.011
  350   11.942   11.896   35.492    0.789    347.429   110.926
  351   11.920   11.874   35.489    0.790    348.420   110.903
  352   11.898   11.852   35.485    0.791    349.412   110.773
  353   11.876   11.829   35.482    0.792    350.404   110.658
  354   11.852   11.806   35.479    0.793    351.396   110.538
  355   11.840   11.794   35.477    0.795    352.388   110.428
  356   11.808   11.762   35.472    0.796    353.379   110.432
  357   11.792   11.746   35.470    0.797    354.371   110.388
  358   11.763   11.716   35.465    0.798    355.363   110.412
  359   11.740   11.694   35.462    0.799    356.355   110.338
  360   11.730   11.683   35.460    0.800    357.346   110.237
  361   11.715   11.668   35.458    0.801    358.338   110.185
  362   11.698   11.651   35.456    0.802    359.330   110.174
  363   11.680   11.633   35.454    0.804    360.322   110.162
  364   11.680   11.632   35.453    0.805    361.313   110.113
  365   11.657   11.609   35.450    0.806    362.305   110.146
  366   11.626   11.579   35.445    0.807    363.297   110.122
  367   11.601   11.554   35.442    0.808    364.289   110.034
  368   11.576   11.528   35.438    0.809    365.280   109.984
  369   11.538   11.491   35.432    0.810    366.272   109.983
  370   11.510   11.463   35.427    0.812    367.264   109.978
  371   11.490   11.442   35.425    0.813    368.256   109.903
  372   11.470   11.422   35.422    0.814    369.247   109.852
  373   11.443   11.395   35.418    0.815    370.239   109.783
  374   11.413   11.365   35.414    0.816    371.231   109.844
  375   11.381   11.333   35.410    0.817    372.222   109.868
  376   11.353   11.305   35.406    0.818    373.214   109.833
  377   11.329   11.281   35.402    0.819    374.206   109.695
  378   11.299   11.251   35.398    0.820    375.197   109.551
  379   11.285   11.236   35.396    0.822    376.189   109.392
  380   11.269   11.220   35.393    0.823    377.181   109.355
  381   11.243   11.194   35.389    0.824    378.172   109.338
  382   11.224   11.175   35.387    0.825    379.164   109.324
  383   11.208   11.160   35.385    0.826    380.156   109.306
  384   11.192   11.143   35.382    0.827    381.147   109.230
  385   11.169   11.120   35.379    0.828    382.139   109.198
  386   11.145   11.097   35.375    0.829    383.131   109.227
  387   11.132   11.083   35.373    0.830    384.122   109.226
  388   11.122   11.073   35.371    0.831    385.114   109.224
  389   11.093   11.044   35.368    0.833    386.106   109.274
  390   11.071   11.022   35.364    0.834    387.097   109.272
  391   11.033   10.985   35.359    0.835    388.089   109.296
  392   11.001   10.952   35.355    0.836    389.081   109.337
  393   10.989   10.940   35.352    0.837    390.072   109.376
  394   10.970   10.921   35.350    0.838    391.064   109.433
  395   10.966   10.916   35.349    0.839    392.055   109.487
  396   10.961   10.911   35.349    0.840    393.047   109.516
  397   10.945   10.896   35.346    0.841    394.039   109.509
  398   10.940   10.890   35.346    0.842    395.030   109.476
  399   10.910   10.861   35.342    0.843    396.022   109.515
  400   10.901   10.851   35.340    0.845    397.013   109.495
  401   10.878   10.828   35.336    0.846    398.005   109.487
  402   10.846   10.796   35.332    0.847    398.996   109.496
  403   10.835   10.785   35.330    0.848    399.988   109.432
  404   10.823   10.773   35.328    0.849    400.980   109.502
  405   10.781   10.731   35.323    0.850    401.971   109.582
  406   10.768   10.718   35.321    0.851    402.963   109.565
  407   10.748   10.698   35.318    0.852    403.954   109.599
  408   10.718   10.668   35.314    0.853    404.946   109.585
  409   10.694   10.644   35.311    0.854    405.937   109.593
  410   10.666   10.615   35.307    0.855    406.929   109.488
  411   10.647   10.597   35.305    0.856    407.920   109.402
  412   10.627   10.577   35.302    0.857    408.912   109.469
  413   10.598   10.548   35.298    0.859    409.903   109.486
  414   10.582   10.532   35.295    0.860    410.895   109.502
  415   10.561   10.510   35.292    0.861    411.886   109.554
  416   10.542   10.492   35.290    0.862    412.878   109.585
  417   10.527   10.476   35.288    0.863    413.869   109.589
  418   10.518   10.467   35.287    0.864    414.861   109.568
  419   10.512   10.461   35.286    0.865    415.852   109.564
  420   10.510   10.459   35.286    0.866    416.844   109.530
  421   10.505   10.454   35.285    0.867    417.835   109.494
  422   10.475   10.423   35.281    0.868    418.827   109.543
  423   10.429   10.378   35.274    0.869    419.818   109.521
  424   10.396   10.345   35.269    0.870    420.810   109.525
  425   10.373   10.322   35.266    0.871    421.801   109.501
  426   10.354   10.303   35.263    0.872    422.793   109.604
  427   10.342   10.291   35.261    0.873    423.784   109.721
  428   10.322   10.270   35.259    0.874    424.776   109.804
  429   10.312   10.260   35.257    0.875    425.767   109.853
  430   10.296   10.245   35.255    0.877    426.758   109.904
  431   10.263   10.211   35.250    0.878    427.750   110.011
  432   10.232   10.180   35.246    0.879    428.741   110.087
  433   10.206   10.154   35.243    0.880    429.733   110.166
  434   10.184   10.132   35.240    0.881    430.724   110.279
  435   10.172   10.120   35.238    0.882    431.716   110.372
  436   10.157   10.105   35.236    0.883    432.707   110.413
  437   10.145   10.093   35.235    0.884    433.698   110.459
  438   10.137   10.085   35.234    0.885    434.690   110.498
  439   10.121   10.069   35.232    0.886    435.681   110.546
  440   10.090   10.038   35.227    0.887    436.673   110.602
  441   10.063   10.011   35.223    0.888    437.664   110.612
  442   10.039   9.987   35.220    0.889    438.655   110.674
  443   10.019   9.966   35.217    0.890    439.647   110.716
  444   10.003   9.951   35.215    0.891    440.638   110.829
  445   9.988   9.936   35.213    0.892    441.629   111.002
  446   9.968   9.916   35.211    0.893    442.621   111.108
  447   9.953   9.900   35.209    0.894    443.612   111.120
  448   9.931   9.879   35.206    0.895    444.603   111.045
  449   9.905   9.853   35.202    0.896    445.595   111.063
  450   9.880   9.828   35.200    0.897    446.586   111.136
  451   9.874   9.821   35.199    0.898    447.578   111.182
  452   9.862   9.809   35.197    0.899    448.569   111.194
  453   9.843   9.790   35.194    0.900    449.560   111.161
  454   9.825   9.772   35.192    0.901    450.551   111.149
  455   9.818   9.765   35.191    0.902    451.543   111.068
  456   9.781   9.728   35.186    0.903    452.534   111.123
  457   9.747   9.694   35.181    0.904    453.525   111.122
  458   9.725   9.672   35.178    0.905    454.517   111.175
  459   9.707   9.654   35.175    0.906    455.508   111.295
  460   9.700   9.646   35.175    0.907    456.499   111.482
  461   9.678   9.625   35.172    0.908    457.491   111.697
  462   9.660   9.606   35.169    0.909    458.482   111.758
  463   9.648   9.595   35.167    0.910    459.473   111.784
  464   9.635   9.582   35.166    0.911    460.464   111.838
  465   9.612   9.559   35.163    0.912    461.456   111.937
  466   9.591   9.537   35.160    0.913    462.447   112.137
  467   9.576   9.522   35.158    0.914    463.438   112.296
  468   9.563   9.509   35.156    0.915    464.429   112.361
  469   9.553   9.499   35.155    0.916    465.421   112.404
  470   9.525   9.471   35.151    0.917    466.412   112.532
  471   9.503   9.449   35.149    0.918    467.403   112.575
  472   9.488   9.435   35.147    0.919    468.394   112.657
  473   9.481   9.427   35.147    0.920    469.386   112.708
  474   9.477   9.423   35.146    0.921    470.377   112.783
  475   9.469   9.415   35.145    0.922    471.368   112.767
  476   9.434   9.379   35.141    0.923    472.359   112.741
  477   9.415   9.361   35.139    0.924    473.351   112.624
  478   9.397   9.342   35.137    0.925    474.342   112.512
  479   9.389   9.334   35.135    0.926    475.333   112.431
  480   9.370   9.316   35.133    0.927    476.324   112.460
  481   9.347   9.293   35.131    0.928    477.315   112.602
  482   9.335   9.281   35.129    0.929    478.307   112.765
  483   9.333   9.278   35.129    0.930    479.298   112.928
  484   9.328   9.273   35.128    0.931    480.289   112.987
  485   9.310   9.255   35.126    0.932    481.280   112.961
  486   9.300   9.246   35.125    0.933    482.271   112.748
  487   9.281   9.226   35.122    0.934    483.262   112.601
  488   9.252   9.197   35.119    0.935    484.254   112.536
  489   9.243   9.188   35.118    0.936    485.245   112.559
  490   9.242   9.187   35.117    0.937    486.236   112.687
  491   9.236   9.181   35.117    0.938    487.227   112.906
  492   9.223   9.168   35.115    0.939    488.218   113.060
  493   9.219   9.163   35.115    0.940    489.209   113.089
  494   9.216   9.160   35.114    0.941    490.200   113.106
  495   9.211   9.156   35.114    0.942    491.192   113.125
  496   9.208   9.152   35.114    0.943    492.183   113.141
  497   9.194   9.139   35.112    0.944    493.174   113.157
  498   9.176   9.120   35.109    0.945    494.165   113.177
  499   9.166   9.110   35.108    0.946    495.156   113.219
  500   9.158   9.102   35.107    0.947    496.147   113.283
  501   9.146   9.090   35.105    0.948    497.138   113.376
  502   9.139   9.083   35.104    0.949    498.129   113.415
  503   9.121   9.065   35.102    0.950    499.120   113.479
  504   9.101   9.045   35.101    0.951    500.112   113.501
  505   9.086   9.029   35.099    0.952    501.103   113.498
  506   9.073   9.016   35.097    0.953    502.094   113.497
  507   9.061   9.004   35.096    0.954    503.085   113.495
  508   9.039   8.982   35.093    0.955    504.076   113.523
  509   9.031   8.975   35.092    0.956    505.067   113.635
  510   9.026   8.969   35.092    0.957    506.058   113.674
  511   9.014   8.957   35.091    0.958    507.049   113.700
  512   9.009   8.952   35.090    0.959    508.040   113.681
  513   9.001   8.944   35.089    0.960    509.031   113.575
  514   8.983   8.926   35.088    0.961    510.022   113.497
  515   8.969   8.912   35.086    0.962    511.013   113.415
  516   8.959   8.902   35.085    0.963    512.004   113.306
  517   8.943   8.886   35.084    0.964    512.995   113.294
  518   8.926   8.869   35.082    0.965    513.986   113.255
  519   8.904   8.847   35.079    0.966    514.977   113.202
  520   8.891   8.834   35.077    0.967    515.968   113.213
  521   8.885   8.828   35.077    0.968    516.959   113.205
  522   8.875   8.818   35.076    0.968    517.950   113.282
  523   8.867   8.809   35.075    0.969    518.941   113.356
  524   8.845   8.787   35.072    0.970    519.932   113.444
  525   8.810   8.752   35.069    0.971    520.923   113.532
  526   8.804   8.746   35.068    0.972    521.914   113.583
  527   8.793   8.736   35.066    0.973    522.905   113.647
  528   8.788   8.730   35.066    0.974    523.896   113.708
  529   8.787   8.729   35.066    0.975    524.887   113.787
  530   8.783   8.725   35.065    0.976    525.878   113.865
  531   8.775   8.717   35.064    0.977    526.869   113.854
  532   8.760   8.701   35.063    0.978    527.860   113.899
  533   8.745   8.687   35.061    0.979    528.851   113.923
  534   8.734   8.676   35.060    0.980    529.842   113.972
  535   8.719   8.661   35.058    0.981    530.833   114.037
  536   8.709   8.650   35.057    0.982    531.824   114.068
  537   8.704   8.645   35.057    0.983    532.815   114.147
  538   8.685   8.626   35.055    0.984    533.806   114.237
  539   8.682   8.624   35.054    0.985    534.796   114.249
  540   8.679   8.621   35.054    0.986    535.787   114.326
  541   8.653   8.595   35.052    0.987    536.778   114.331
  542   8.632   8.574   35.049    0.988    537.769   114.333
  543   8.619   8.560   35.048    0.989    538.760   114.372
  544   8.597   8.539   35.045    0.989    539.751   114.422
  545   8.564   8.505   35.042    0.990    540.742   114.488
  546   8.545   8.486   35.041    0.991    541.733   114.504
  547   8.534   8.475   35.039    0.992    542.724   114.624
  548   8.520   8.461   35.038    0.993    543.715   114.822
  549   8.509   8.450   35.037    0.994    544.705   114.913
  550   8.495   8.437   35.034    0.995    545.696   114.943
  551   8.470   8.411   35.031    0.996    546.687   115.006
  552   8.461   8.402   35.030    0.997    547.678   115.160
  553   8.455   8.396   35.029    0.998    548.669   115.468
  554   8.447   8.388   35.028    0.999    549.660   115.732
  555   8.432   8.372   35.027    1.000    550.651   115.919
  556   8.420   8.361   35.026    1.001    551.641   116.088
  557   8.393   8.333   35.023    1.002    552.632   116.223
  558   8.388   8.328   35.022    1.003    553.623   116.341
  559   8.376   8.317   35.021    1.004    554.614   116.470
  560   8.356   8.297   35.019    1.004    555.605   116.572
  561   8.350   8.291   35.018    1.005    556.595   116.644
  562   8.347   8.287   35.018    1.006    557.586   116.696
  563   8.344   8.284   35.018    1.007    558.577   116.758
  564   8.334   8.275   35.017    1.008    559.568   116.823
  565   8.308   8.248   35.014    1.009    560.559   116.852
  566   8.280   8.220   35.012    1.010    561.549   116.899
  567   8.265   8.205   35.011    1.011    562.540   116.912
  568   8.250   8.190   35.009    1.012    563.531   117.012
  569   8.228   8.168   35.007    1.013    564.522   117.151
  570   8.210   8.150   35.006    1.014    565.513   117.239
  571   8.197   8.137   35.005    1.015    566.503   117.263
  572   8.187   8.127   35.004    1.016    567.494   117.289
  573   8.161   8.101   35.002    1.016    568.485   117.394
  574   8.146   8.086   35.000    1.017    569.476   117.416
  575   8.141   8.081   35.000    1.018    570.466   117.408
  576   8.139   8.079   35.000    1.019    571.457   117.452
  577   8.137   8.077   35.000    1.020    572.448   117.528
  578   8.123   8.063   34.998    1.021    573.439   117.636
  579   8.103   8.043   34.997    1.022    574.429   117.689
  580   8.102   8.042   34.997    1.023    575.420   117.669
  581   8.098   8.037   34.997    1.024    576.411   117.679
  582   8.092   8.031   34.997    1.025    577.401   117.724
  583   8.084   8.023   34.996    1.026    578.392   117.769
  584   8.079   8.018   34.996    1.026    579.383   117.773
  585   8.075   8.014   34.996    1.027    580.374   117.745
  586   8.068   8.007   34.995    1.028    581.364   117.742
  587   8.052   7.991   34.993    1.029    582.355   117.726
  588   8.032   7.971   34.992    1.030    583.346   117.751
  589   8.024   7.963   34.992    1.031    584.336   117.798
  590   8.019   7.958   34.991    1.032    585.327   117.898
  591   8.016   7.955   34.991    1.033    586.318   117.977
  592   8.011   7.949   34.991    1.034    587.308   118.100
  593   7.992   7.930   34.989    1.035    588.299   118.133
  594   7.977   7.916   34.988    1.035    589.290   118.131
  595   7.966   7.904   34.987    1.036    590.280   118.163
  596   7.956   7.894   34.987    1.037    591.271   118.216
  597   7.944   7.883   34.987    1.038    592.262   118.286
  598   7.922   7.861   34.985    1.039    593.252   118.350
  599   7.895   7.833   34.982    1.040    594.243   118.428
  600   7.871   7.809   34.980    1.041    595.234   118.482
  601   7.854   7.792   34.978    1.042    596.224   118.598
  602   7.843   7.781   34.977    1.043    597.215   118.777
  603   7.836   7.774   34.976    1.043    598.205   118.976
  604   7.828   7.766   34.976    1.044    599.196   119.235
  605   7.820   7.758   34.975    1.045    600.187   119.405
  606   7.815   7.753   34.974    1.046    601.177   119.502
  607   7.814   7.751   34.974    1.047    602.168   119.616
  608   7.811   7.748   34.974    1.048    603.158   119.685
  609   7.808   7.745   34.974    1.049    604.149   119.784
  610   7.804   7.742   34.973    1.050    605.140   119.889
  611   7.800   7.738   34.973    1.051    606.130   119.875
  612   7.783   7.721   34.971    1.051    607.121   119.954
  613   7.776   7.713   34.970    1.052    608.111   120.089
  614   7.769   7.707   34.969    1.053    609.102   120.210
  615   7.764   7.701   34.968    1.054    610.092   120.386
  616   7.759   7.696   34.968    1.055    611.083   120.484
  617   7.755   7.692   34.967    1.056    612.073   120.628
  618   7.749   7.686   34.967    1.057    613.064   120.748
  619   7.740   7.677   34.966    1.058    614.055   120.860
  620   7.724   7.661   34.965    1.059    615.045   120.946
  621   7.718   7.655   34.966    1.059    616.036   121.037
  622   7.715   7.652   34.968    1.060    617.026   121.058
  623   7.713   7.650   34.968    1.061    618.017   121.051
  624   7.711   7.647   34.968    1.062    619.007   120.917
  625   7.704   7.640   34.967    1.063    619.998   120.802
  626   7.692   7.628   34.966    1.064    620.988   120.715
  627   7.668   7.604   34.964    1.065    621.979   120.700
  628   7.639   7.575   34.962    1.066    622.969   120.734
  629   7.632   7.569   34.962    1.066    623.960   120.831
  630   7.627   7.563   34.961    1.067    624.950   121.061
  631   7.621   7.557   34.961    1.068    625.941   121.270
  632   7.611   7.547   34.961    1.069    626.931   121.387
  633   7.599   7.535   34.960    1.070    627.922   121.506
  634   7.576   7.512   34.959    1.071    628.912   121.591
  635   7.569   7.505   34.959    1.072    629.903   121.594
  636   7.563   7.499   34.959    1.073    630.893   121.662
  637   7.559   7.494   34.959    1.073    631.883   121.779
  638   7.552   7.488   34.958    1.074    632.874   121.840
  639   7.543   7.479   34.958    1.075    633.864   121.915
  640   7.539   7.475   34.958    1.076    634.855   121.949
  641   7.534   7.470   34.957    1.077    635.845   122.007
  642   7.528   7.464   34.957    1.078    636.836   122.014
  643   7.522   7.458   34.957    1.079    637.826   122.118
  644   7.513   7.449   34.956    1.079    638.817   122.177
  645   7.510   7.446   34.956    1.080    639.807   122.167
  646   7.507   7.442   34.956    1.081    640.797   122.266
  647   7.503   7.438   34.956    1.082    641.788   122.347
  648   7.488   7.423   34.955    1.083    642.778   122.489
  649   7.472   7.407   34.954    1.084    643.769   122.595
  650   7.441   7.376   34.951    1.085    644.759   122.682
  651   7.407   7.342   34.949    1.085    645.749   122.811
  652   7.394   7.330   34.948    1.086    646.740   122.967
  653   7.387   7.322   34.948    1.087    647.730   123.260
  654   7.378   7.313   34.947    1.088    648.720   123.579
  655   7.369   7.304   34.947    1.089    649.711   123.785
  656   7.354   7.289   34.946    1.090    650.701   123.943
  657   7.342   7.276   34.945    1.091    651.692   124.003
  658   7.328   7.263   34.945    1.091    652.682   124.103
  659   7.313   7.248   34.944    1.092    653.672   124.229
  660   7.301   7.235   34.944    1.093    654.663   124.418
  661   7.298   7.232   34.943    1.094    655.653   124.589
  662   7.283   7.218   34.943    1.095    656.643   124.766
  663   7.231   7.166   34.940    1.096    657.634   124.967
  664   7.211   7.146   34.939    1.096    658.624   125.054
  665   7.209   7.144   34.939    1.097    659.614   125.276
  666   7.207   7.141   34.939    1.098    660.605   125.747
  667   7.203   7.138   34.939    1.099    661.595   126.123
  668   7.201   7.135   34.939    1.100    662.585   126.315
  669   7.194   7.129   34.939    1.101    663.575   126.344
  670   7.188   7.122   34.938    1.101    664.566   126.287
  671   7.187   7.121   34.938    1.102    665.556   126.326
  672   7.185   7.119   34.938    1.103    666.546   126.439
  673   7.181   7.115   34.938    1.104    667.537   126.503
  674   7.180   7.113   34.938    1.105    668.527   126.571
  675   7.177   7.111   34.938    1.106    669.517   126.580
  676   7.159   7.093   34.937    1.106    670.507   126.679
  677   7.136   7.070   34.936    1.107    671.498   126.696
  678   7.094   7.028   34.934    1.108    672.488   126.818
  679   7.066   7.000   34.933    1.109    673.478   126.978
  680   7.052   6.986   34.932    1.110    674.468   127.274
  681   7.034   6.968   34.931    1.110    675.459   127.687
  682   7.011   6.945   34.930    1.111    676.449   128.094
  683   7.004   6.937   34.930    1.112    677.439   128.470
  684   7.004   6.937   34.930    1.113    678.429   128.731
  685   6.996   6.930   34.929    1.114    679.420   128.942
  686   6.979   6.912   34.928    1.114    680.410   129.127
  687   6.955   6.888   34.927    1.115    681.400   129.201
  688   6.937   6.870   34.926    1.116    682.390   129.327
  689   6.917   6.851   34.925    1.117    683.381   129.515
  690   6.915   6.848   34.925    1.118    684.371   129.794
  691   6.913   6.847   34.925    1.119    685.361   130.147
  692   6.912   6.845   34.925    1.119    686.351   130.396
  693   6.906   6.839   34.925    1.120    687.341   130.525
  694   6.904   6.837   34.925    1.121    688.332   130.520
  695   6.903   6.836   34.925    1.122    689.322   130.509
  696   6.899   6.832   34.925    1.123    690.312   130.543
  697   6.896   6.829   34.925    1.123    691.302   130.618
  698   6.893   6.826   34.925    1.124    692.292   130.652
  699   6.884   6.816   34.924    1.125    693.282   130.757
  700   6.873   6.806   34.923    1.126    694.273   130.859
  701   6.858   6.791   34.922    1.127    695.263   130.971
  702   6.851   6.784   34.921    1.127    696.253   131.054
  703   6.847   6.779   34.921    1.128    697.243   131.250
  704   6.845   6.777   34.920    1.129    698.233   131.495
  705   6.842   6.775   34.920    1.130    699.223   131.736
  706   6.839   6.772   34.920    1.131    700.213   131.869
  707   6.836   6.768   34.920    1.131    701.203   131.946
  708   6.823   6.756   34.919    1.132    702.194   131.977
  709   6.802   6.735   34.917    1.133    703.184   132.037
  710   6.788   6.720   34.916    1.134    704.174   132.184
  711   6.779   6.711   34.915    1.134    705.164   132.435
  712   6.759   6.691   34.914    1.135    706.154   132.705
  713   6.747   6.679   34.914    1.136    707.144   133.023
  714   6.741   6.673   34.914    1.137    708.134   133.233
  715   6.736   6.668   34.913    1.138    709.124   133.469
  716   6.730   6.662   34.913    1.138    710.114   133.695
  717   6.718   6.650   34.913    1.139    711.104   133.926
  718   6.703   6.635   34.913    1.140    712.095   134.068
  719   6.698   6.630   34.913    1.141    713.085   134.170
  720   6.697   6.628   34.913    1.142    714.075   134.258
  721   6.695   6.627   34.913    1.142    715.065   134.451
  722   6.690   6.622   34.912    1.143    716.055   134.625
  723   6.685   6.617   34.912    1.144    717.045   134.688
  724   6.680   6.611   34.912    1.145    718.035   134.707
  725   6.662   6.593   34.912    1.146    719.025   134.875
  726   6.642   6.574   34.912    1.146    720.015   134.956
  727   6.633   6.564   34.911    1.147    721.005   135.076
  728   6.625   6.556   34.911    1.148    721.995   135.259
  729   6.621   6.552   34.911    1.149    722.985   135.497
  730   6.613   6.545   34.911    1.149    723.975   135.744
  731   6.610   6.541   34.911    1.150    724.965   135.889
  732   6.602   6.533   34.911    1.151    725.955   136.021
  733   6.599   6.530   34.911    1.152    726.945   136.131
  734   6.596   6.527   34.911    1.153    727.935   136.269
  735   6.593   6.523   34.911    1.153    728.925   136.328
  736   6.588   6.519   34.910    1.154    729.915   136.404
  737   6.581   6.512   34.910    1.155    730.905   136.501
  738   6.568   6.498   34.910    1.156    731.895   136.620
  739   6.554   6.485   34.910    1.156    732.885   136.701
  740   6.547   6.477   34.910    1.157    733.875   136.843
  741   6.543   6.473   34.910    1.158    734.865   137.004
  742   6.542   6.472   34.910    1.159    735.855   137.212
  743   6.541   6.471   34.910    1.159    736.845   137.417
  744   6.537   6.467   34.911    1.160    737.835   137.519
  745   6.530   6.461   34.912    1.161    738.825   137.507
  746   6.529   6.459   34.912    1.162    739.815   137.490
  747   6.527   6.457   34.912    1.163    740.805   137.394
  748   6.526   6.456   34.912    1.163    741.794   137.463
  749   6.523   6.453   34.912    1.164    742.784   137.540
  750   6.519   6.448   34.912    1.165    743.774   137.554
  751   6.505   6.435   34.912    1.166    744.764   137.535
  752   6.490   6.420   34.911    1.166    745.754   137.607
  753   6.483   6.413   34.911    1.167    746.744   137.709
  754   6.475   6.405   34.911    1.168    747.734   137.912
  755   6.456   6.385   34.911    1.169    748.724   138.146
  756   6.437   6.367   34.911    1.169    749.714   138.338
  757   6.417   6.346   34.910    1.170    750.704   138.565
  758   6.402   6.332   34.910    1.171    751.693   138.819
  759   6.402   6.331   34.911    1.172    752.683   139.193
  760   6.401   6.331   34.910    1.172    753.673   139.511
  761   6.400   6.329   34.911    1.173    754.663   139.789
  762   6.396   6.325   34.911    1.174    755.653   139.928
  763   6.390   6.319   34.911    1.175    756.643   140.030
  764   6.377   6.306   34.911    1.175    757.633   140.055
  765   6.374   6.303   34.911    1.176    758.623   140.005
  766   6.371   6.300   34.911    1.177    759.612   140.132
  767   6.366   6.295   34.911    1.178    760.602   140.270
  768   6.364   6.293   34.911    1.178    761.592   140.438
  769   6.362   6.291   34.911    1.179    762.582   140.488
  770   6.360   6.289   34.911    1.180    763.572   140.520
  771   6.355   6.284   34.911    1.181    764.562   140.644
  772   6.338   6.267   34.911    1.181    765.551   140.751
  773   6.327   6.256   34.911    1.182    766.541   140.807
  774   6.326   6.254   34.910    1.183    767.531   140.947
  775   6.324   6.252   34.911    1.184    768.521   141.103
  776   6.321   6.250   34.910    1.184    769.511   141.302
  777   6.320   6.248   34.911    1.185    770.500   141.476
  778   6.318   6.246   34.911    1.186    771.490   141.520
  779   6.312   6.240   34.911    1.187    772.480   141.556
  780   6.306   6.234   34.911    1.187    773.470   141.593
  781   6.301   6.229   34.911    1.188    774.459   141.675
  782   6.297   6.225   34.911    1.189    775.449   141.775
  783   6.293   6.221   34.910    1.189    776.439   141.889
  784   6.287   6.215   34.910    1.190    777.429   141.954
  785   6.277   6.204   34.910    1.191    778.419   142.048
  786   6.272   6.200   34.910    1.192    779.408   142.104
  787   6.255   6.183   34.910    1.192    780.398   142.328
  788   6.239   6.166   34.910    1.193    781.388   142.522
  789   6.235   6.163   34.910    1.194    782.377   142.631
  790   6.232   6.159   34.910    1.195    783.367   142.832
  791   6.228   6.155   34.910    1.195    784.357   143.064
  792   6.224   6.151   34.910    1.196    785.347   143.318
  793   6.209   6.136   34.910    1.197    786.336   143.493
  794   6.198   6.125   34.910    1.198    787.326   143.528
  795   6.183   6.110   34.910    1.198    788.316   143.662
  796   6.174   6.101   34.910    1.199    789.306   143.852
  797   6.170   6.097   34.910    1.200    790.295   144.173
  798   6.167   6.094   34.910    1.200    791.285   144.524
  799   6.166   6.093   34.910    1.201    792.275   144.729
  800   6.164   6.091   34.910    1.202    793.264   144.841
  801   6.162   6.089   34.910    1.203    794.254   144.912
  802   6.159   6.085   34.910    1.203    795.244   144.986
  803   6.155   6.081   34.910    1.204    796.233   145.093
  804   6.147   6.073   34.910    1.205    797.223   145.166
  805   6.139   6.065   34.910    1.206    798.213   145.282
  806   6.129   6.055   34.910    1.206    799.202   145.347
  807   6.123   6.049   34.910    1.207    800.192   145.435
  808   6.119   6.045   34.910    1.208    801.182   145.571
  809   6.117   6.043   34.910    1.208    802.171   145.741
  810   6.114   6.040   34.910    1.209    803.161   145.919
  811   6.111   6.037   34.910    1.210    804.151   146.022
  812   6.106   6.032   34.910    1.211    805.140   146.103
  813   6.100   6.026   34.910    1.211    806.130   146.151
  814   6.095   6.021   34.910    1.212    807.119   146.171
  815   6.091   6.017   34.910    1.213    808.109   146.295
  816   6.086   6.012   34.910    1.213    809.099   146.470
  817   6.082   6.008   34.910    1.214    810.088   146.634
  818   6.081   6.007   34.910    1.215    811.078   146.764
  819   6.079   6.005   34.911    1.216    812.067   146.909
  820   6.077   6.002   34.910    1.216    813.057   146.955
  821   6.073   5.998   34.910    1.217    814.047   146.934
  822   6.069   5.994   34.911    1.218    815.036   146.923
  823   6.067   5.992   34.911    1.218    816.026   147.021
  824   6.063   5.988   34.911    1.219    817.015   147.112
  825   6.060   5.985   34.911    1.220    818.005   147.212
  826   6.057   5.982   34.911    1.221    818.994   147.264
  827   6.052   5.977   34.911    1.221    819.984   147.388
  828   6.047   5.971   34.911    1.222    820.974   147.470
  829   6.038   5.963   34.911    1.223    821.963   147.557
  830   6.031   5.956   34.911    1.223    822.953   147.583
  831   6.022   5.947   34.911    1.224    823.942   147.656
  832   6.005   5.930   34.911    1.225    824.932   147.848
  833   5.999   5.924   34.911    1.225    825.921   147.991
  834   5.996   5.920   34.911    1.226    826.911   148.238
  835   5.995   5.919   34.911    1.227    827.900   148.463
  836   5.995   5.919   34.911    1.228    828.890   148.738
  837   5.994   5.918   34.911    1.228    829.879   148.837
  838   5.993   5.917   34.911    1.229    830.869   148.935
  839   5.992   5.916   34.911    1.230    831.858   148.935
  840   5.988   5.912   34.911    1.230    832.848   148.971
  841   5.967   5.891   34.912    1.231    833.837   149.052
  842   5.957   5.881   34.912    1.232    834.827   149.124
  843   5.949   5.873   34.912    1.233    835.816   149.257
  844   5.941   5.865   34.912    1.233    836.806   149.476
  845   5.938   5.862   34.912    1.234    837.795   149.765
  846   5.931   5.855   34.912    1.235    838.785   150.020
  847   5.927   5.850   34.912    1.235    839.774   150.189
  848   5.924   5.848   34.912    1.236    840.764   150.308
  849   5.922   5.846   34.912    1.237    841.753   150.435
  850   5.918   5.841   34.912    1.237    842.743   150.599
  851   5.905   5.829   34.913    1.238    843.732   150.816
  852   5.895   5.819   34.913    1.239    844.721   150.835
  853   5.894   5.817   34.913    1.239    845.711   150.872
  854   5.893   5.817   34.913    1.240    846.700   150.951
  855   5.892   5.816   34.913    1.241    847.690   151.201
  856   5.891   5.815   34.913    1.242    848.679   151.406
  857   5.888   5.811   34.913    1.242    849.669   151.482
  858   5.885   5.808   34.913    1.243    850.658   151.532
  859   5.885   5.808   34.913    1.244    851.647   151.549
  860   5.883   5.806   34.913    1.244    852.637   151.599
  861   5.879   5.802   34.913    1.245    853.626   151.655
  862   5.875   5.798   34.913    1.246    854.616   151.674
  863   5.872   5.795   34.913    1.246    855.605   151.687
  864   5.868   5.790   34.913    1.247    856.594   151.730
  865   5.861   5.784   34.914    1.248    857.584   151.803
  866   5.858   5.780   34.913    1.248    858.573   151.932
  867   5.851   5.774   34.914    1.249    859.562   152.106
  868   5.844   5.767   34.914    1.250    860.552   152.233
  869   5.837   5.759   34.914    1.251    861.541   152.381
  870   5.832   5.754   34.914    1.251    862.530   152.444
  871   5.825   5.747   34.914    1.252    863.520   152.596
  872   5.821   5.743   34.914    1.253    864.509   152.771
  873   5.816   5.738   34.914    1.253    865.499   153.004
  874   5.802   5.724   34.914    1.254    866.488   153.185
  875   5.783   5.706   34.915    1.255    867.477   153.381
  876   5.776   5.698   34.915    1.255    868.467   153.517
  877   5.775   5.697   34.915    1.256    869.456   153.766
  878   5.774   5.696   34.915    1.257    870.445   154.103
  879   5.772   5.694   34.915    1.257    871.434   154.363
  880   5.772   5.694   34.915    1.258    872.424   154.519
  881   5.763   5.685   34.915    1.259    873.413   154.571
  882   5.757   5.679   34.915    1.259    874.402   154.591
  883   5.756   5.678   34.915    1.260    875.392   154.663
  884   5.754   5.675   34.915    1.261    876.381   154.770
  885   5.750   5.671   34.915    1.261    877.370   154.952
  886   5.742   5.664   34.916    1.262    878.360   155.026
  887   5.735   5.656   34.916    1.263    879.349   155.024
  888   5.724   5.645   34.916    1.263    880.338   155.111
  889   5.720   5.641   34.916    1.264    881.327   155.262
  890   5.720   5.641   34.916    1.265    882.317   155.480
  891   5.719   5.640   34.916    1.265    883.306   155.718
  892   5.718   5.639   34.916    1.266    884.295   155.845
  893   5.715   5.635   34.916    1.267    885.284   156.038
  894   5.709   5.629   34.916    1.267    886.274   156.081
  895   5.704   5.625   34.917    1.268    887.263   156.076
  896   5.702   5.623   34.917    1.269    888.252   156.068
  897   5.700   5.621   34.917    1.269    889.241   156.186
  898   5.697   5.617   34.917    1.270    890.231   156.305
  899   5.693   5.614   34.917    1.271    891.220   156.435
  900   5.690   5.611   34.917    1.271    892.209   156.557
  901   5.688   5.608   34.917    1.272    893.198   156.628
  902   5.687   5.607   34.917    1.273    894.187   156.700
  903   5.686   5.606   34.917    1.273    895.177   156.774
  904   5.684   5.605   34.917    1.274    896.166   156.836
  905   5.683   5.603   34.917    1.275    897.155   156.891
  906   5.681   5.601   34.917    1.275    898.144   156.901
  907   5.679   5.598   34.917    1.276    899.133   156.922
  908   5.677   5.596   34.917    1.277    900.123   156.982
  909   5.676   5.595   34.918    1.277    901.112   157.049
  910   5.675   5.594   34.918    1.278    902.101   157.172
  911   5.675   5.594   34.917    1.279    903.090   157.215
  912   5.675   5.594   34.918    1.279    904.079   157.227
  913   5.674   5.593   34.918    1.280    905.068   157.225
  914   5.673   5.593   34.918    1.281    906.057   157.226
  915   5.673   5.592   34.918    1.281    907.047   157.262
  916   5.671   5.590   34.918    1.282    908.036   157.321
  917   5.669   5.587   34.918    1.283    909.025   157.341
  918   5.668   5.586   34.918    1.283    910.014   157.369
  919   5.666   5.585   34.918    1.284    911.003   157.397
  920   5.664   5.583   34.918    1.285    911.992   157.440
  921   5.658   5.576   34.918    1.285    912.981   157.508
  922   5.652   5.571   34.918    1.286    913.970   157.504
  923   5.644   5.563   34.918    1.287    914.960   157.609
  924   5.633   5.551   34.918    1.287    915.949   157.751
  925   5.620   5.538   34.918    1.288    916.938   157.885
  926   5.607   5.525   34.919    1.289    917.927   158.056
  927   5.599   5.517   34.919    1.289    918.916   158.279
  928   5.588   5.507   34.919    1.290    919.905   158.634
  929   5.583   5.501   34.919    1.291    920.894   158.922
  930   5.582   5.500   34.919    1.291    921.883   159.209
  931   5.580   5.498   34.919    1.292    922.872   159.493
  932   5.579   5.497   34.919    1.293    923.861   159.671
  933   5.577   5.495   34.919    1.293    924.850   159.813
  934   5.572   5.490   34.920    1.294    925.839   159.804
  935   5.568   5.486   34.920    1.295    926.829   159.808
  936   5.564   5.482   34.920    1.295    927.818   159.894
  937   5.557   5.475   34.920    1.296    928.807   159.970
  938   5.544   5.462   34.920    1.297    929.796   160.111
  939   5.535   5.453   34.920    1.297    930.785   160.274
  940   5.529   5.447   34.921    1.298    931.774   160.444
  941   5.521   5.439   34.921    1.298    932.763   160.733
  942   5.514   5.432   34.921    1.299    933.752   160.977
  943   5.506   5.423   34.921    1.300    934.741   161.170
  944   5.494   5.412   34.921    1.300    935.730   161.459
  945   5.486   5.404   34.922    1.301    936.719   161.653
  946   5.479   5.396   34.922    1.302    937.708   161.899
  947   5.477   5.394   34.922    1.302    938.697   162.097
  948   5.475   5.392   34.922    1.303    939.686   162.384
  949   5.473   5.390   34.922    1.304    940.675   162.591
  950   5.472   5.389   34.922    1.304    941.664   162.721
  951   5.470   5.387   34.922    1.305    942.653   162.803
  952   5.465   5.382   34.923    1.306    943.642   162.891
  953   5.447   5.364   34.923    1.306    944.631   163.050
  954   5.426   5.343   34.923    1.307    945.620   163.146
  955   5.420   5.338   34.924    1.307    946.609   163.251
  956   5.417   5.334   34.924    1.308    947.597   163.577
  957   5.415   5.332   34.924    1.309    948.586   163.965
  958   5.414   5.331   34.924    1.309    949.575   164.314
  959   5.413   5.329   34.924    1.310    950.564   164.515
  960   5.412   5.328   34.924    1.311    951.553   164.589
  961   5.411   5.327   34.924    1.311    952.542   164.609
  962   5.402   5.319   34.924    1.312    953.531   164.710
  963   5.384   5.300   34.925    1.312    954.520   164.786
  964   5.377   5.293   34.925    1.313    955.509   164.827
  965   5.373   5.290   34.925    1.314    956.498   164.927
  966   5.369   5.285   34.925    1.314    957.487   165.187
  967   5.362   5.278   34.925    1.315    958.476   165.522
  968   5.358   5.275   34.925    1.316    959.465   165.808
  969   5.357   5.273   34.926    1.316    960.453   165.978
  970   5.354   5.270   34.926    1.317    961.442   166.117
  971   5.350   5.266   34.926    1.317    962.431   166.280
  972   5.347   5.263   34.926    1.318    963.420   166.396
  973   5.342   5.258   34.926    1.319    964.409   166.448
  974   5.336   5.252   34.926    1.319    965.398   166.541
  975   5.333   5.249   34.926    1.320    966.387   166.664
  976   5.332   5.247   34.926    1.321    967.376   166.849
  977   5.328   5.244   34.926    1.321    968.364   167.015
  978   5.327   5.242   34.927    1.322    969.353   167.111
  979   5.325   5.240   34.927    1.322    970.342   167.213
  980   5.322   5.238   34.927    1.323    971.331   167.273
  981   5.321   5.236   34.927    1.324    972.320   167.357
  982   5.319   5.234   34.927    1.324    973.309   167.438
  983   5.313   5.229   34.927    1.325    974.297   167.455
  984   5.309   5.224   34.927    1.326    975.286   167.449
  985   5.306   5.221   34.927    1.326    976.275   167.549
  986   5.304   5.219   34.927    1.327    977.264   167.670
  987   5.301   5.216   34.927    1.327    978.253   167.784
  988   5.299   5.214   34.928    1.328    979.241   167.953
  989   5.298   5.213   34.928    1.329    980.230   168.001
  990   5.298   5.213   34.928    1.329    981.219   168.078
  991   5.297   5.212   34.928    1.330    982.208   168.178
  992   5.294   5.208   34.928    1.330    983.197   168.272
  993   5.290   5.205   34.928    1.331    984.185   168.313
  994   5.287   5.201   34.928    1.332    985.174   168.292
  995   5.284   5.199   34.928    1.332    986.163   168.394
  996   5.281   5.195   34.928    1.333    987.152   168.501
  997   5.279   5.194   34.928    1.334    988.140   168.621
  998   5.278   5.192   34.928    1.334    989.129   168.707
  999   5.275   5.189   34.928    1.335    990.118   168.790
 1000   5.274   5.188   34.928    1.335    991.107   168.896
 1001   5.273   5.187   34.928    1.336    992.095   168.953
 1002   5.271   5.185   34.928    1.337    993.084   168.985
 1003   5.268   5.182   34.929    1.337    994.073   169.088
 1004   5.266   5.180   34.928    1.338    995.062   169.160
 1005   5.265   5.178   34.929    1.338    996.050   169.235
 1006   5.264   5.177   34.929    1.339    997.039   169.225
 1007   5.262   5.175   34.929    1.340    998.028   169.291
 1008   5.261   5.174   34.929    1.340    999.016   169.330
 1009   5.260   5.174   34.929    1.341    1000.005   169.369
 1010   5.261   5.174   34.929    1.342    1000.994   169.459
 1011   5.261   5.174   34.929    1.342    1001.983   169.489
 1012   5.260   5.173   34.929    1.343    1002.971   169.530
 1013   5.259   5.172   34.929    1.343    1003.960   169.525
 1014   5.259   5.172   34.929    1.344    1004.949   169.546
 1015   5.258   5.171   34.929    1.345    1005.937   169.563
 1016   5.256   5.168   34.929    1.345    1006.926   169.625
 1017   5.256   5.168   34.929    1.346    1007.915   169.666
 1018   5.255   5.168   34.929    1.346    1008.903   169.745
 1019   5.254   5.167   34.929    1.347    1009.892   169.774
 1020   5.253   5.165   34.929    1.348    1010.881   169.796
 1021   5.253   5.165   34.929    1.348    1011.869   169.811
 1022   5.253   5.165   34.929    1.349    1012.858   169.890
 1023   5.253   5.165   34.929    1.349    1013.847   169.942
 1024   5.253   5.165   34.929    1.350    1014.835   169.939
 1025   5.253   5.164   34.929    1.351    1015.824   169.916
 1026   5.252   5.164   34.929    1.351    1016.812   169.882
 1027   5.251   5.163   34.929    1.352    1017.801   169.887
 1028   5.249   5.161   34.929    1.353    1018.790   169.856
 1029   5.246   5.157   34.929    1.353    1019.778   169.933
 1030   5.244   5.156   34.929    1.354    1020.767   169.979
 1031   5.241   5.152   34.929    1.354    1021.755   170.069
 1032   5.238   5.149   34.930    1.355    1022.744   170.110
 1033   5.237   5.148   34.929    1.356    1023.733   170.221
 1034   5.232   5.143   34.930    1.356    1024.721   170.312
 1035   5.222   5.133   34.930    1.357    1025.710   170.393
 1036   5.213   5.124   34.930    1.357    1026.698   170.436
 1037   5.209   5.120   34.930    1.358    1027.687   170.571
 1038   5.207   5.118   34.930    1.359    1028.676   170.761
 1039   5.206   5.116   34.930    1.359    1029.664   171.041
 1040   5.197   5.108   34.931    1.360    1030.653   171.291
 1041   5.180   5.091   34.931    1.360    1031.641   171.404
 1042   5.173   5.084   34.931    1.361    1032.630   171.477
 1043   5.155   5.066   34.932    1.362    1033.618   171.727
 1044   5.121   5.032   34.933    1.362    1034.607   172.158
 1045   5.113   5.024   34.933    1.363    1035.595   172.548
 1046   5.107   5.018   34.933    1.363    1036.584   172.945
 1047   5.099   5.010   34.934    1.364    1037.572   173.522
 1048   5.098   5.008   34.934    1.365    1038.561   174.055
 1049   5.090   5.001   34.934    1.365    1039.549   174.529
 1050   5.080   4.991   34.934    1.366    1040.538   174.817
 1051   5.074   4.985   34.935    1.366    1041.526   175.063
 1052   5.069   4.980   34.935    1.367    1042.515   175.267
 1053   5.067   4.977   34.935    1.368    1043.503   175.421
 1054   5.063   4.973   34.935    1.368    1044.492   175.647
 1055   5.054   4.965   34.935    1.369    1045.480   175.835
 1056   5.049   4.959   34.936    1.369    1046.469   176.004
 1057   5.044   4.955   34.936    1.370    1047.457   176.125
 1058   5.037   4.947   34.936    1.371    1048.446   176.360
 1059   5.024   4.934   34.936    1.371    1049.434   176.544
 1060   5.021   4.931   34.936    1.372    1050.423   176.719
 1061   5.020   4.930   34.937    1.372    1051.411   176.932
 1062   5.019   4.929   34.937    1.373    1052.400   177.220
 1063   5.019   4.929   34.937    1.373    1053.388   177.496
 1064   5.019   4.929   34.937    1.374    1054.377   177.688
 1065   5.018   4.928   34.937    1.375    1055.365   177.746
 1066   5.018   4.928   34.937    1.375    1056.354   177.830
 1067   5.018   4.928   34.937    1.376    1057.342   177.812
 1068   5.017   4.927   34.937    1.376    1058.330   177.788
 1069   5.009   4.918   34.937    1.377    1059.319   177.811
 1070   4.997   4.906   34.938    1.378    1060.307   177.818
 1071   4.994   4.904   34.938    1.378    1061.296   177.929
 1072   4.993   4.903   34.938    1.379    1062.284   178.087
 1073   4.991   4.900   34.938    1.379    1063.272   178.371
 1074   4.989   4.898   34.938    1.380    1064.261   178.598
 1075   4.985   4.895   34.938    1.380    1065.249   178.765
 1076   4.981   4.891   34.938    1.381    1066.238   178.954
 1077   4.980   4.889   34.938    1.382    1067.226   179.095
 1078   4.976   4.885   34.938    1.382    1068.214   179.274
 1079   4.960   4.869   34.939    1.383    1069.203   179.520
 1080   4.947   4.856   34.939    1.383    1070.191   179.738
 1081   4.926   4.835   34.940    1.384    1071.180   179.985
 1082   4.920   4.830   34.940    1.384    1072.168   180.186
 1083   4.918   4.827   34.940    1.385    1073.156   180.461
 1084   4.917   4.826   34.940    1.386    1074.145   180.768
 1085   4.917   4.826   34.940    1.386    1075.133   181.026
 1086   4.917   4.826   34.940    1.387    1076.121   181.180
 1087   4.917   4.826   34.940    1.387    1077.110   181.319
 1088   4.917   4.826   34.940    1.388    1078.098   181.399
 1089   4.917   4.826   34.941    1.388    1079.086   181.392
 1090   4.917   4.825   34.941    1.389    1080.075   181.394
 1091   4.916   4.825   34.941    1.390    1081.063   181.429
 1092   4.914   4.822   34.941    1.390    1082.051   181.480
 1093   4.912   4.820   34.941    1.391    1083.040   181.499
 1094   4.908   4.817   34.941    1.391    1084.028   181.522
 1095   4.898   4.806   34.941    1.392    1085.016   181.556
 1096   4.883   4.791   34.942    1.392    1086.004   181.635
 1097   4.868   4.777   34.942    1.393    1086.993   181.711
 1098   4.864   4.772   34.942    1.393    1087.981   181.996
 1099   4.860   4.768   34.942    1.394    1088.969   182.366
 1100   4.858   4.766   34.942    1.395    1089.958   182.843
 1101   4.855   4.763   34.943    1.395    1090.946   183.152
 1102   4.854   4.762   34.943    1.396    1091.934   183.380
 1103   4.853   4.761   34.943    1.396    1092.922   183.549
 1104   4.850   4.758   34.943    1.397    1093.911   183.708
 1105   4.849   4.757   34.943    1.397    1094.899   183.765
 1106   4.846   4.754   34.943    1.398    1095.887   183.804
 1107   4.844   4.751   34.943    1.399    1096.875   183.881
 1108   4.842   4.750   34.943    1.399    1097.864   183.978
 1109   4.842   4.749   34.943    1.400    1098.852   184.062
 1110   4.837   4.744   34.944    1.400    1099.840   184.099
 1111   4.835   4.742   34.944    1.401    1100.828   184.171
 1112   4.833   4.740   34.944    1.401    1101.817   184.285
 1113   4.832   4.739   34.944    1.402    1102.805   184.390
 1114   4.830   4.737   34.944    1.402    1103.793   184.457
 1115   4.828   4.734   34.944    1.403    1104.781   184.552
 1116   4.824   4.731   34.944    1.404    1105.769   184.613
 1117   4.807   4.714   34.945    1.404    1106.758   184.788
 1118   4.798   4.705   34.945    1.405    1107.746   184.875
 1119   4.795   4.701   34.945    1.405    1108.734   185.022
 1120   4.792   4.699   34.945    1.406    1109.722   185.304
 1121   4.790   4.697   34.945    1.406    1110.710   185.606
 1122   4.790   4.697   34.945    1.407    1111.699   185.897
 1123   4.790   4.697   34.945    1.407    1112.687   186.049
 1124   4.790   4.696   34.945    1.408    1113.675   186.186
 1125   4.787   4.694   34.945    1.408    1114.663   186.249
 1126   4.785   4.691   34.946    1.409    1115.651   186.371
 1127   4.785   4.691   34.946    1.410    1116.639   186.341
 1128   4.785   4.691   34.946    1.410    1117.627   186.306
 1129   4.780   4.686   34.946    1.411    1118.616   186.339
 1130   4.778   4.684   34.946    1.411    1119.604   186.370
 1131   4.774   4.680   34.946    1.412    1120.592   186.558
 1132   4.769   4.675   34.946    1.412    1121.580   186.675
 1133   4.767   4.673   34.946    1.413    1122.568   186.759
 1134   4.763   4.669   34.946    1.413    1123.556   186.927
 1135   4.760   4.666   34.946    1.414    1124.544   187.033
 1136   4.758   4.663   34.947    1.415    1125.533   187.116
 1137   4.756   4.662   34.947    1.415    1126.521   187.267
 1138   4.755   4.660   34.947    1.416    1127.509   187.360
 1139   4.754   4.660   34.947    1.416    1128.497   187.494
 1140   4.754   4.659   34.947    1.417    1129.485   187.601
 1141   4.754   4.659   34.947    1.417    1130.473   187.662
 1142   4.753   4.658   34.947    1.418    1131.461   187.749
 1143   4.747   4.652   34.947    1.418    1132.449   187.837
 1144   4.745   4.650   34.947    1.419    1133.437   187.904
 1145   4.745   4.649   34.947    1.419    1134.425   187.915
 1146   4.744   4.649   34.947    1.420    1135.413   187.952
 1147   4.744   4.649   34.947    1.421    1136.401   188.034
 1148   4.744   4.649   34.947    1.421    1137.389   188.148
 1149   4.744   4.649   34.947    1.422    1138.378   188.257
 1150   4.744   4.649   34.947    1.422    1139.366   188.254
 1151   4.744   4.649   34.947    1.423    1140.354   188.196
 1152   4.744   4.649   34.947    1.423    1141.342   188.152
 1153   4.744   4.648   34.947    1.424    1142.330   188.198
 1154   4.744   4.648   34.947    1.424    1143.318   188.272
 1155   4.744   4.647   34.947    1.425    1144.306   188.339
 1156   4.742   4.646   34.947    1.425    1145.294   188.360
 1157   4.742   4.646   34.947    1.426    1146.282   188.332
 1158   4.741   4.645   34.947    1.427    1147.270   188.321
 1159   4.741   4.644   34.947    1.427    1148.258   188.352
 1160   4.740   4.644   34.947    1.428    1149.246   188.314
 1161   4.739   4.643   34.947    1.428    1150.234   188.357
 1162   4.738   4.641   34.947    1.429    1151.222   188.375
 1163   4.735   4.638   34.947    1.429    1152.210   188.424
 1164   4.731   4.634   34.948    1.430    1153.198   188.526
 1165   4.729   4.632   34.948    1.430    1154.186   188.522
 1166   4.726   4.629   34.948    1.431    1155.174   188.598
 1167   4.725   4.628   34.948    1.431    1156.162   188.742
 1168   4.723   4.625   34.948    1.432    1157.150   188.891
 1169   4.721   4.624   34.948    1.433    1158.138   188.975
 1170   4.719   4.621   34.948    1.433    1159.125   189.011
 1171   4.716   4.619   34.948    1.434    1160.113   189.106
 1172   4.716   4.618   34.948    1.434    1161.101   189.201
 1173   4.713   4.616   34.948    1.435    1162.089   189.271
 1174   4.712   4.614   34.948    1.435    1163.077   189.346
 1175   4.711   4.614   34.948    1.436    1164.065   189.424
 1176   4.710   4.612   34.948    1.436    1165.053   189.489
 1177   4.707   4.610   34.949    1.437    1166.041   189.565
 1178   4.701   4.603   34.949    1.437    1167.029   189.600
 1179   4.697   4.599   34.949    1.438    1168.017   189.663
 1180   4.697   4.599   34.949    1.439    1169.005   189.712
 1181   4.697   4.599   34.949    1.439    1169.993   189.918
 1182   4.696   4.598   34.949    1.440    1170.981   190.095
 1183   4.696   4.598   34.949    1.440    1171.968   190.219
 1184   4.697   4.598   34.949    1.441    1172.956   190.275
 1185   4.696   4.597   34.949    1.441    1173.944   190.313
 1186   4.693   4.595   34.949    1.442    1174.932   190.342
 1187   4.691   4.592   34.949    1.442    1175.920   190.374
 1188   4.687   4.589   34.950    1.443    1176.908   190.441
 1189   4.684   4.585   34.950    1.443    1177.896   190.520
 1190   4.677   4.578   34.950    1.444    1178.884   190.603
 1191   4.670   4.571   34.950    1.445    1179.871   190.696
 1192   4.665   4.566   34.950    1.445    1180.859   190.803
 1193   4.662   4.563   34.950    1.446    1181.847   191.022
 1194   4.661   4.562   34.950    1.446    1182.835   191.259
 1195   4.661   4.562   34.951    1.447    1183.823   191.479
 1196   4.660   4.561   34.951    1.447    1184.811   191.641
 1197   4.656   4.556   34.951    1.448    1185.798   191.752
 1198   4.654   4.555   34.951    1.448    1186.786   191.868
 1199   4.654   4.554   34.951    1.449    1187.774   191.904
 1200   4.654   4.554   34.951    1.449    1188.762   191.958
 1201   4.652   4.553   34.951    1.450    1189.750   192.079
 1202   4.649   4.549   34.951    1.450    1190.737   192.118
 1203   4.644   4.544   34.951    1.451    1191.725   192.183
 1204   4.636   4.536   34.952    1.452    1192.713   192.205
 1205   4.634   4.534   34.952    1.452    1193.701   192.288
 1206   4.634   4.534   34.952    1.453    1194.689   192.443
 1207   4.635   4.535   34.952    1.453    1195.676   192.681
 1208   4.634   4.535   34.952    1.454    1196.664   192.848
 1209   4.632   4.532   34.952    1.454    1197.652   192.920
 1210   4.631   4.531   34.952    1.455    1198.640   192.958
 1211   4.633   4.533   34.952    1.455    1199.627   193.072
 1212   4.633   4.532   34.952    1.456    1200.615   193.095
 1213   4.632   4.531   34.952    1.456    1201.603   193.131
 1214   4.630   4.529   34.952    1.457    1202.591   193.104
 1215   4.627   4.527   34.952    1.457    1203.578   193.097
 1216   4.626   4.526   34.952    1.458    1204.566   193.140
 1217   4.623   4.523   34.952    1.458    1205.554   193.208
 1218   4.619   4.519   34.953    1.459    1206.542   193.285
 1219   4.618   4.517   34.953    1.460    1207.529   193.386
 1220   4.616   4.516   34.953    1.460    1208.517   193.570
 1221   4.617   4.516   34.953    1.461    1209.505   193.621
 1222   4.614   4.513   34.953    1.461    1210.493   193.699
 1223   4.610   4.509   34.953    1.462    1211.480   193.787
 1224   4.605   4.504   34.953    1.462    1212.468   193.752
 1225   4.599   4.498   34.953    1.463    1213.456   193.873
 1226   4.596   4.495   34.953    1.463    1214.443   194.039
 1227   4.593   4.492   34.954    1.464    1215.431   194.157
 1228   4.593   4.492   34.953    1.464    1216.419   194.345
 1229   4.586   4.484   34.954    1.465    1217.406   194.480
 1230   4.580   4.478   34.954    1.465    1218.394   194.638
 1231   4.579   4.477   34.954    1.466    1219.382   194.735
 1232   4.575   4.474   34.954    1.466    1220.369   194.973
 1233   4.572   4.470   34.954    1.467    1221.357   195.181
 1234   4.568   4.466   34.955    1.467    1222.345   195.364
 1235   4.562   4.460   34.955    1.468    1223.332   195.490
 1236   4.558   4.456   34.955    1.469    1224.320   195.603
 1237   4.556   4.454   34.955    1.469    1225.308   195.676
 1238   4.553   4.451   34.955    1.470    1226.295   195.814
 1239   4.552   4.450   34.955    1.470    1227.283   195.979
 1240   4.552   4.450   34.955    1.471    1228.270   196.222
 1241   4.552   4.449   34.955    1.471    1229.258   196.404
 1242   4.551   4.449   34.956    1.472    1230.246   196.433
 1243   4.551   4.449   34.956    1.472    1231.233   196.463
 1244   4.551   4.449   34.956    1.473    1232.221   196.492
 1245   4.551   4.448   34.956    1.473    1233.209   196.550
 1246   4.551   4.448   34.956    1.474    1234.196   196.608
 1247   4.550   4.447   34.956    1.474    1235.184   196.611
 1248   4.550   4.447   34.956    1.475    1236.171   196.616
 1249   4.550   4.447   34.956    1.475    1237.159   196.604
 1250   4.549   4.446   34.956    1.476    1238.146   196.645
 1251   4.548   4.445   34.956    1.476    1239.134   196.685
 1252   4.548   4.445   34.956    1.477    1240.122   196.720
 1253   4.547   4.444   34.956    1.477    1241.109   196.748
 1254   4.548   4.445   34.956    1.478    1242.097   196.769
 1255   4.549   4.445   34.956    1.479    1243.084   196.794
 1256   4.547   4.444   34.956    1.479    1244.072   196.841
 1257   4.545   4.441   34.956    1.480    1245.059   196.822
 1258   4.544   4.440   34.956    1.480    1246.047   196.813
 1259   4.543   4.439   34.956    1.481    1247.035   196.836
 1260   4.542   4.438   34.956    1.481    1248.022   196.849
 1261   4.542   4.438   34.956    1.482    1249.010   196.915
 1262   4.541   4.437   34.956    1.482    1249.997   197.041
 1263   4.540   4.436   34.956    1.483    1250.985   197.124
 1264   4.539   4.435   34.956    1.483    1251.972   197.135
 1265   4.539   4.435   34.956    1.484    1252.960   197.113
 1266   4.539   4.435   34.956    1.484    1253.947   197.123
 1267   4.539   4.434   34.956    1.485    1254.935   197.154
 1268   4.539   4.434   34.956    1.485    1255.922   197.174
 1269   4.539   4.434   34.956    1.486    1256.910   197.087
 1270   4.538   4.434   34.956    1.486    1257.897   197.095
 1271   4.538   4.433   34.956    1.487    1258.885   197.078
 1272   4.537   4.432   34.956    1.487    1259.872   197.131
 1273   4.537   4.432   34.956    1.488    1260.860   197.172
 1274   4.537   4.432   34.956    1.489    1261.847   197.257
 1275   4.537   4.432   34.956    1.489    1262.834   197.316
 1276   4.537   4.432   34.956    1.490    1263.822   197.392
 1277   4.537   4.432   34.956    1.490    1264.809   197.374
 1278   4.537   4.432   34.956    1.491    1265.797   197.354
 1279   4.537   4.432   34.956    1.491    1266.784   197.308
 1280   4.537   4.431   34.956    1.492    1267.772   197.318
 1281   4.536   4.430   34.956    1.492    1268.759   197.355
 1282   4.535   4.429   34.956    1.493    1269.747   197.360
 1283   4.536   4.430   34.956    1.493    1270.734   197.434
 1284   4.535   4.429   34.957    1.494    1271.721   197.463
 1285   4.536   4.430   34.956    1.494    1272.709   197.456
 1286   4.535   4.429   34.956    1.495    1273.696   197.501
 1287   4.533   4.427   34.957    1.495    1274.684   197.525
 1288   4.531   4.424   34.957    1.496    1275.671   197.475
 1289   4.531   4.424   34.957    1.496    1276.658   197.468
 1290   4.534   4.428   34.956    1.497    1277.646   197.501
 1291   4.534   4.427   34.957    1.497    1278.633   197.638
 1292   4.531   4.425   34.957    1.498    1279.621   197.736
 1293   4.530   4.423   34.957    1.499    1280.608   197.660
 1294   4.530   4.423   34.957    1.499    1281.595   197.587
 1295   4.529   4.422   34.957    1.500    1282.583   197.590
 1296   4.529   4.422   34.957    1.500    1283.570   197.639
 1297   4.528   4.421   34.957    1.501    1284.557   197.722
 1298   4.526   4.418   34.957    1.501    1285.545   197.790
 1299   4.524   4.417   34.957    1.502    1286.532   197.803
 1300   4.523   4.416   34.957    1.502    1287.520   197.875
 1301   4.521   4.414   34.957    1.503    1288.507   197.972
 1302   4.517   4.410   34.957    1.503    1289.494   198.061
 1303   4.509   4.401   34.958    1.504    1290.482   198.159
 1304   4.504   4.397   34.958    1.504    1291.469   198.234
 1305   4.504   4.396   34.958    1.505    1292.456   198.336
 1306   4.502   4.395   34.958    1.505    1293.444   198.490
 1307   4.499   4.391   34.958    1.506    1294.431   198.694
 1308   4.498   4.390   34.958    1.506    1295.418   198.758
 1309   4.498   4.390   34.958    1.507    1296.405   198.827
 1310   4.498   4.390   34.958    1.507    1297.393   198.967
 1311   4.497   4.389   34.958    1.508    1298.380   199.056
 1312   4.497   4.388   34.958    1.508    1299.367   199.243
 1313   4.496   4.388   34.958    1.509    1300.355   199.274
 1314   4.496   4.388   34.958    1.510    1301.342   199.282
 1315   4.495   4.387   34.958    1.510    1302.329   199.251
 1316   4.493   4.385   34.958    1.511    1303.316   199.259
 1317   4.489   4.381   34.959    1.511    1304.304   199.304
 1318   4.484   4.376   34.959    1.512    1305.291   199.364
 1319   4.480   4.371   34.959    1.512    1306.278   199.451
 1320   4.479   4.370   34.959    1.513    1307.266   199.607
 1321   4.479   4.370   34.959    1.513    1308.253   199.791
 1322   4.479   4.370   34.959    1.514    1309.240   199.897
 1323   4.478   4.369   34.959    1.514    1310.227   200.031
 1324   4.478   4.369   34.959    1.515    1311.214   200.044
 1325   4.471   4.362   34.959    1.515    1312.202   200.086
 1326   4.467   4.358   34.960    1.516    1313.189   200.146
 1327   4.461   4.352   34.960    1.516    1314.176   200.271
 1328   4.460   4.351   34.960    1.517    1315.163   200.471
 1329   4.461   4.351   34.960    1.517    1316.151   200.605
 1330   4.460   4.351   34.960    1.518    1317.138   200.742
 1331   4.459   4.350   34.960    1.518    1318.125   200.806
 1332   4.458   4.348   34.960    1.519    1319.112   200.842
 1333   4.457   4.348   34.960    1.519    1320.099   200.835
 1334   4.456   4.347   34.960    1.520    1321.087   200.895
 1335   4.454   4.344   34.960    1.520    1322.074   200.963
 1336   4.450   4.340   34.960    1.521    1323.061   201.027
 1337   4.447   4.337   34.961    1.521    1324.048   201.130
 1338   4.446   4.336   34.961    1.522    1325.035   201.211
 1339   4.446   4.336   34.961    1.523    1326.022   201.354
 1340   4.445   4.334   34.961    1.523    1327.010   201.513
 1341   4.445   4.334   34.961    1.524    1327.997   201.518
 1342   4.445   4.334   34.961    1.524    1328.984   201.478
 1343   4.445   4.334   34.961    1.525    1329.971   201.567
 1344   4.445   4.334   34.961    1.525    1330.958   201.599
 1345   4.445   4.334   34.961    1.526    1331.945   201.569
 1346   4.443   4.333   34.961    1.526    1332.932   201.587
 1347   4.442   4.331   34.961    1.527    1333.920   201.610
 1348   4.441   4.330   34.961    1.527    1334.907   201.652
 1349   4.440   4.329   34.961    1.528    1335.894   201.685
 1350   4.440   4.329   34.961    1.528    1336.881   201.742
 1351   4.440   4.329   34.961    1.529    1337.868   201.809
 1352   4.439   4.328   34.961    1.529    1338.855   201.878
 1353   4.438   4.327   34.961    1.530    1339.842   201.927
 1354   4.438   4.326   34.961    1.530    1340.829   201.933
 1355   4.437   4.325   34.961    1.531    1341.816   201.958
 1356   4.437   4.325   34.961    1.531    1342.804   201.942
 1357   4.437   4.325   34.961    1.532    1343.791   202.002
 1358   4.436   4.324   34.961    1.532    1344.778   202.039
 1359   4.435   4.323   34.961    1.533    1345.765   202.096
 1360   4.430   4.318   34.962    1.533    1346.752   202.080
 1361   4.430   4.318   34.962    1.534    1347.739   202.071
 1362   4.429   4.316   34.962    1.534    1348.726   202.181
 1363   4.429   4.317   34.962    1.535    1349.713   202.345
 1364   4.429   4.317   34.962    1.535    1350.700   202.493
 1365   4.428   4.316   34.962    1.536    1351.687   202.520
 1366   4.429   4.316   34.962    1.536    1352.674   202.465
 1367   4.429   4.317   34.962    1.537    1353.661   202.481
 1368   4.429   4.316   34.962    1.538    1354.648   202.455
 1369   4.429   4.316   34.962    1.538    1355.635   202.437
 1370   4.429   4.316   34.962    1.539    1356.622   202.460
 1371   4.429   4.316   34.962    1.539    1357.609   202.470
 1372   4.429   4.316   34.962    1.540    1358.596   202.472
 1373   4.429   4.316   34.961    1.540    1359.583   202.446
 1374   4.429   4.316   34.962    1.541    1360.570   202.432
 1375   4.429   4.315   34.962    1.541    1361.557   202.400
 1376   4.429   4.316   34.962    1.542    1362.544   202.430
