 station cast   lat    long    jday   mo/da/yr   gmt
 118      1   21.640 -86.244   289    10/16/21  0201 
 
    File created by Jay Hooper - 13-Dec-2021   
            GOMECC4 Cruise Sep 2021 
             NOAA Ship Ronald H Brown
                  
 
     Primary (T,S,O) sensors - Calibrated CTD data   

   pr       te       th       sa       ht       ga       ox
dbars    deg c    deg c      psu  dyn. cm    gamma  umol/kg
    1   29.655   29.655   36.048    0.005    0.994   193.821
    2   29.655   29.655   36.048    0.010    1.988   193.847
    3   29.655   29.655   36.048    0.016    2.981   193.874
    4   29.655   29.654   36.047    0.021    3.975   193.900
    5   29.655   29.654   36.047    0.026    4.969   193.700
    6   29.649   29.648   36.050    0.031    5.963   194.800
    7   29.601   29.599   36.068    0.036    6.956   195.193
    8   29.507   29.505   36.099    0.042    7.950   197.217
    9   29.451   29.449   36.101    0.047    8.944   198.605
   10   29.427   29.425   36.097    0.052    9.938   198.347
   11   29.411   29.408   36.096    0.057    10.931   198.133
   12   29.381   29.378   36.099    0.062    11.925   197.590
   13   29.343   29.340   36.102    0.067    12.919   197.431
   14   29.314   29.310   36.100    0.072    13.913   197.523
   15   29.304   29.301   36.104    0.077    14.906   197.493
   16   29.296   29.292   36.113    0.082    15.900   197.307
   17   29.286   29.282   36.123    0.087    16.894   196.849
   18   29.305   29.301   36.142    0.092    17.887   196.780
   19   29.342   29.337   36.166    0.097    18.881   196.094
   20   29.353   29.348   36.173    0.102    19.875   194.891
   21   29.339   29.334   36.169    0.107    20.869   195.429
   22   29.305   29.300   36.157    0.112    21.862   196.248
   23   29.271   29.266   36.146    0.117    22.856   196.597
   24   29.274   29.269   36.153    0.122    23.850   196.695
   25   29.271   29.265   36.151    0.127    24.843   196.255
   26   29.262   29.256   36.160    0.132    25.837   196.052
   27   29.248   29.242   36.157    0.138    26.831   195.742
   28   29.247   29.240   36.161    0.143    27.824   196.358
   29   29.249   29.242   36.167    0.148    28.818   196.382
   30   29.229   29.222   36.174    0.153    29.812   195.970
   31   29.231   29.223   36.192    0.157    30.805   195.947
   32   29.231   29.223   36.197    0.162    31.799   194.658
   33   29.217   29.209   36.198    0.167    32.793   195.464
   34   29.168   29.160   36.209    0.172    33.786   195.312
   35   29.134   29.126   36.220    0.177    34.780   194.475
   36   29.124   29.115   36.221    0.182    35.773   194.012
   37   29.074   29.065   36.229    0.187    36.767   194.035
   38   28.996   28.987   36.241    0.192    37.761   192.493
   39   28.931   28.922   36.245    0.197    38.754   192.408
   40   28.841   28.831   36.247    0.202    39.748   192.934
   41   28.800   28.790   36.249    0.207    40.741   193.365
   42   28.780   28.770   36.250    0.211    41.735   193.868
   43   28.746   28.736   36.251    0.216    42.729   193.438
   44   28.589   28.579   36.263    0.221    43.722   193.964
   45   28.528   28.518   36.271    0.226    44.716   193.318
   46   28.493   28.482   36.278    0.230    45.709   193.284
   47   28.406   28.395   36.291    0.235    46.703   193.003
   48   28.297   28.285   36.307    0.239    47.696   191.984
   49   28.174   28.162   36.326    0.244    48.690   190.865
   50   28.145   28.134   36.331    0.249    49.684   189.736
   51   28.117   28.105   36.332    0.253    50.677   190.173
   52   28.103   28.090   36.332    0.258    51.671   190.120
   53   28.088   28.076   36.333    0.262    52.664   190.521
   54   28.013   28.000   36.342    0.267    53.658   190.316
   55   27.948   27.935   36.349    0.271    54.651   189.719
   56   27.863   27.850   36.360    0.276    55.645   189.448
   57   27.792   27.779   36.372    0.280    56.638   188.705
   58   27.768   27.754   36.374    0.284    57.632   187.910
   59   27.740   27.726   36.375    0.289    58.625   188.191
   60   27.690   27.676   36.388    0.293    59.619   188.140
   61   27.683   27.669   36.391    0.297    60.612   187.634
   62   27.677   27.662   36.395    0.302    61.606   187.214
   63   27.671   27.656   36.398    0.306    62.599   187.404
   64   27.671   27.656   36.406    0.311    63.593   187.340
   65   27.669   27.653   36.404    0.315    64.586   186.488
   66   27.669   27.653   36.405    0.319    65.580   186.288
   67   27.673   27.657   36.408    0.324    66.573   186.589
   68   27.678   27.662   36.411    0.328    67.567   186.734
   69   27.685   27.669   36.415    0.332    68.560   186.210
   70   27.686   27.670   36.415    0.337    69.554   185.880
   71   27.682   27.665   36.415    0.341    70.547   185.787
   72   27.674   27.657   36.418    0.345    71.541   185.977
   73   27.664   27.647   36.420    0.350    72.534   185.678
   74   27.652   27.635   36.423    0.354    73.527   185.661
   75   27.596   27.578   36.432    0.358    74.521   185.456
   76   27.361   27.344   36.467    0.363    75.514   184.853
   77   26.995   26.977   36.520    0.367    76.508   182.052
   78   26.936   26.918   36.528    0.371    77.501   179.399
   79   26.769   26.751   36.552    0.375    78.495   179.453
   80   26.667   26.649   36.563    0.379    79.488   179.046
   81   26.620   26.601   36.566    0.382    80.481   178.072
   82   26.492   26.473   36.582    0.386    81.475   177.722
   83   26.459   26.440   36.588    0.390    82.468   177.163
   84   26.351   26.332   36.607    0.394    83.462   176.640
   85   26.300   26.281   36.616    0.398    84.455   175.972
   86   26.282   26.262   36.620    0.402    85.448   175.668
   87   26.239   26.220   36.629    0.405    86.442   175.673
   88   26.181   26.161   36.642    0.409    87.435   175.467
   89   26.103   26.083   36.654    0.413    88.428   174.979
   90   26.044   26.024   36.661    0.416    89.422   174.369
   91   26.019   25.999   36.667    0.420    90.415   173.913
   92   26.015   25.994   36.669    0.424    91.409   173.790
   93   26.014   25.993   36.670    0.427    92.402   174.033
   94   26.013   25.991   36.671    0.431    93.395   174.176
   95   26.011   25.989   36.672    0.435    94.389   174.064
   96   25.965   25.943   36.681    0.438    95.382   174.021
   97   25.726   25.705   36.717    0.442    96.375   173.368
   98   25.488   25.467   36.754    0.445    97.369   170.836
   99   25.437   25.415   36.766    0.449    98.362   168.698
  100   25.294   25.272   36.783    0.452    99.355   168.740
  101   25.168   25.145   36.807    0.455    100.348   168.064
  102   25.152   25.130   36.813    0.459    101.342   166.857
  103   25.104   25.082   36.829    0.462    102.335   166.643
  104   25.032   25.009   36.843    0.465    103.328   166.404
  105   24.993   24.970   36.846    0.469    104.322   165.799
  106   24.973   24.950   36.847    0.472    105.315   165.339
  107   24.606   24.582   36.882    0.475    106.308   165.336
  108   24.235   24.211   36.924    0.478    107.302   162.826
  109   24.133   24.110   36.937    0.481    108.295   160.729
  110   23.954   23.931   36.969    0.484    109.288   160.009
  111   23.840   23.817   36.993    0.486    110.281   159.211
  112   23.813   23.790   37.009    0.489    111.275   159.046
  113   23.775   23.751   37.017    0.492    112.268   159.992
  114   23.716   23.692   37.019    0.495    113.261   160.657
  115   23.630   23.606   37.018    0.497    114.254   160.423
  116   23.505   23.481   37.015    0.500    115.248   159.950
  117   23.450   23.425   37.014    0.503    116.241   159.404
  118   23.373   23.349   37.009    0.505    117.234   158.998
  119   23.228   23.203   36.994    0.508    118.227   158.691
  120   23.126   23.101   36.978    0.511    119.220   158.369
  121   23.038   23.013   36.962    0.513    120.214   158.306
  122   22.874   22.849   36.941    0.516    121.207   158.035
  123   22.828   22.802   36.940    0.518    122.200   157.503
  124   22.775   22.750   36.934    0.521    123.193   157.571
  125   22.657   22.631   36.928    0.524    124.186   157.438
  126   22.640   22.614   36.939    0.526    125.180   156.953
  127   22.641   22.615   36.942    0.529    126.173   156.928
  128   22.685   22.659   36.964    0.531    127.166   157.050
  129   22.712   22.685   36.976    0.534    128.159   157.446
  130   22.715   22.688   36.980    0.536    129.152   157.893
  131   22.712   22.685   36.980    0.539    130.146   157.979
  132   22.712   22.685   36.982    0.541    131.139   157.850
  133   22.682   22.655   36.978    0.544    132.132   157.797
  134   22.644   22.616   36.972    0.546    133.125   157.614
  135   22.632   22.604   36.972    0.549    134.118   157.382
  136   22.608   22.580   36.981    0.551    135.111   157.572
  137   22.496   22.468   36.982    0.553    136.104   158.268
  138   22.419   22.391   36.978    0.556    137.098   158.648
  139   22.397   22.369   36.977    0.558    138.091   159.128
  140   22.380   22.352   36.978    0.561    139.084   159.752
  141   22.327   22.299   36.975    0.563    140.077   160.127
  142   22.114   22.086   36.959    0.566    141.070   160.099
  143   22.042   22.013   36.950    0.568    142.063   158.997
  144   22.021   21.992   36.945    0.570    143.056   157.475
  145   21.996   21.967   36.938    0.573    144.049   156.409
  146   21.956   21.927   36.928    0.575    145.042   155.607
  147   21.894   21.865   36.913    0.577    146.035   154.514
  148   21.875   21.845   36.911    0.580    147.029   153.325
  149   21.804   21.774   36.894    0.582    148.022   153.145
  150   21.618   21.588   36.864    0.584    149.015   152.925
  151   21.560   21.531   36.875    0.586    150.008   151.936
  152   21.475   21.445   36.864    0.589    151.001   150.518
  153   21.432   21.402   36.864    0.591    151.994   149.871
  154   21.400   21.370   36.872    0.593    152.987   149.836
  155   21.370   21.339   36.874    0.595    153.980   149.604
  156   21.341   21.310   36.872    0.598    154.973   149.437
  157   21.262   21.231   36.858    0.600    155.966   149.565
  158   21.183   21.152   36.843    0.602    156.959   149.512
  159   21.150   21.119   36.836    0.604    157.952   149.725
  160   21.132   21.101   36.832    0.606    158.945   150.112
  161   21.095   21.064   36.825    0.609    159.938   150.511
  162   21.059   21.027   36.820    0.611    160.931   150.744
  163   20.971   20.940   36.813    0.613    161.924   150.851
  164   20.916   20.885   36.812    0.615    162.917   150.573
  165   20.799   20.767   36.804    0.617    163.910   150.115
  166   20.747   20.715   36.796    0.619    164.903   149.529
  167   20.725   20.693   36.793    0.622    165.896   149.454
  168   20.705   20.673   36.791    0.624    166.889   149.752
  169   20.679   20.646   36.788    0.626    167.882   149.843
  170   20.643   20.610   36.788    0.628    168.875   149.602
  171   20.645   20.612   36.792    0.630    169.868   149.464
  172   20.623   20.590   36.789    0.632    170.861   149.286
  173   20.348   20.315   36.752    0.634    171.854   149.305
  174   20.130   20.098   36.725    0.636    172.847   149.163
  175   20.005   19.973   36.709    0.638    173.840   149.620
  176   19.801   19.768   36.684    0.640    174.833   150.319
  177   19.713   19.681   36.675    0.642    175.826   150.254
  178   19.621   19.588   36.664    0.644    176.819   150.169
  179   19.505   19.473   36.653    0.646    177.812   150.028
  180   19.439   19.406   36.646    0.648    178.805   149.771
  181   19.398   19.365   36.642    0.650    179.798   149.849
  182   19.367   19.334   36.639    0.652    180.791   150.245
  183   19.304   19.271   36.632    0.654    181.783   150.481
  184   19.222   19.189   36.622    0.655    182.776   150.739
  185   19.121   19.088   36.609    0.657    183.769   150.915
  186   19.015   18.981   36.595    0.659    184.762   151.050
  187   18.976   18.942   36.590    0.661    185.755   151.342
  188   18.972   18.938   36.590    0.663    186.748   151.771
  189   18.960   18.926   36.588    0.665    187.741   152.017
  190   18.947   18.913   36.586    0.666    188.734   151.892
  191   18.947   18.913   36.586    0.668    189.727   151.528
  192   18.927   18.893   36.583    0.670    190.719   151.447
  193   18.856   18.822   36.572    0.672    191.712   151.470
  194   18.821   18.786   36.566    0.674    192.705   151.408
  195   18.791   18.756   36.562    0.676    193.698   151.399
  196   18.741   18.706   36.554    0.677    194.691   151.567
  197   18.688   18.653   36.546    0.679    195.684   151.534
  198   18.656   18.621   36.541    0.681    196.677   151.471
  199   18.563   18.528   36.527    0.683    197.669   151.615
  200   18.530   18.494   36.523    0.684    198.662   151.452
  201   18.526   18.490   36.522    0.686    199.655   151.206
  202   18.518   18.482   36.521    0.688    200.648   151.199
  203   18.502   18.466   36.519    0.690    201.641   151.290
  204   18.489   18.453   36.517    0.692    202.634   151.308
  205   18.475   18.439   36.515    0.693    203.626   151.206
  206   18.434   18.397   36.509    0.695    204.619   151.262
  207   18.387   18.350   36.503    0.697    205.612   151.413
  208   18.359   18.322   36.499    0.699    206.605   151.358
  209   18.334   18.297   36.495    0.700    207.598   151.229
  210   18.314   18.277   36.492    0.702    208.590   151.206
  211   18.250   18.213   36.483    0.704    209.583   151.395
  212   18.225   18.188   36.479    0.706    210.576   151.385
  213   18.169   18.131   36.471    0.707    211.569   151.339
  214   18.090   18.052   36.460    0.709    212.561   151.232
  215   18.037   18.000   36.452    0.711    213.554   151.159
  216   18.033   17.996   36.452    0.712    214.547   151.165
  217   18.029   17.992   36.451    0.714    215.540   151.377
  218   18.027   17.989   36.451    0.716    216.532   151.443
  219   18.024   17.986   36.451    0.718    217.525   151.457
  220   18.023   17.985   36.451    0.719    218.518   151.367
  221   18.017   17.979   36.451    0.721    219.511   151.359
  222   17.997   17.959   36.448    0.723    220.503   151.386
  223   17.950   17.911   36.441    0.724    221.496   151.460
  224   17.852   17.813   36.427    0.726    222.489   151.482
  225   17.813   17.774   36.421    0.728    223.482   151.332
  226   17.770   17.731   36.413    0.729    224.474   151.325
  227   17.714   17.675   36.404    0.731    225.467   151.205
  228   17.671   17.632   36.397    0.733    226.460   150.844
  229   17.660   17.621   36.395    0.735    227.452   150.467
  230   17.650   17.611   36.394    0.736    228.445   150.367
  231   17.639   17.600   36.392    0.738    229.438   150.363
  232   17.638   17.598   36.392    0.740    230.430   150.349
  233   17.637   17.597   36.392    0.741    231.423   150.234
  234   17.636   17.596   36.392    0.743    232.416   150.170
  235   17.590   17.550   36.385    0.745    233.408   150.148
  236   17.563   17.523   36.381    0.746    234.401   149.985
  237   17.548   17.508   36.379    0.748    235.394   149.862
  238   17.530   17.490   36.376    0.749    236.386   149.864
  239   17.525   17.484   36.375    0.751    237.379   149.897
  240   17.522   17.481   36.375    0.753    238.372   149.919
  241   17.505   17.464   36.372    0.754    239.364   149.906
  242   17.495   17.454   36.371    0.756    240.357   149.791
  243   17.482   17.441   36.369    0.758    241.350   149.686
  244   17.469   17.427   36.367    0.759    242.342   149.637
  245   17.453   17.411   36.364    0.761    243.335   149.620
  246   17.442   17.401   36.363    0.763    244.327   149.752
  247   17.413   17.371   36.358    0.764    245.320   149.737
  248   17.359   17.317   36.350    0.766    246.313   149.503
  249   17.334   17.292   36.346    0.768    247.305   149.169
  250   17.327   17.285   36.345    0.769    248.298   149.087
  251   17.322   17.279   36.344    0.771    249.290   149.184
  252   17.314   17.271   36.343    0.773    250.283   149.161
  253   17.295   17.252   36.340    0.774    251.276   149.121
  254   17.201   17.159   36.325    0.776    252.268   149.083
  255   17.097   17.055   36.309    0.777    253.261   148.824
  256   17.016   16.973   36.296    0.779    254.253   148.596
  257   16.978   16.935   36.289    0.781    255.246   148.350
  258   16.936   16.893   36.283    0.782    256.238   148.328
  259   16.908   16.865   36.279    0.784    257.231   148.273
  260   16.889   16.846   36.276    0.785    258.224   148.189
  261   16.874   16.831   36.273    0.787    259.216   148.065
  262   16.859   16.815   36.271    0.789    260.209   147.959
  263   16.836   16.793   36.267    0.790    261.201   147.844
  264   16.806   16.762   36.263    0.792    262.194   147.686
  265   16.771   16.727   36.257    0.793    263.186   147.547
  266   16.661   16.617   36.239    0.795    264.179   147.484
  267   16.596   16.552   36.228    0.796    265.171   147.000
  268   16.551   16.507   36.220    0.798    266.164   146.483
  269   16.382   16.338   36.193    0.799    267.156   146.203
  270   16.337   16.293   36.186    0.801    268.149   145.599
  271   16.319   16.275   36.183    0.803    269.141   145.136
  272   16.284   16.240   36.177    0.804    270.134   145.040
  273   16.225   16.181   36.168    0.806    271.126   145.004
  274   16.206   16.162   36.165    0.807    272.119   144.816
  275   16.192   16.148   36.163    0.809    273.111   144.662
  276   16.186   16.142   36.163    0.810    274.104   144.588
  277   16.178   16.133   36.161    0.812    275.096   144.566
  278   16.172   16.127   36.160    0.813    276.089   144.475
  279   16.167   16.122   36.160    0.815    277.081   144.429
  280   16.164   16.119   36.160    0.816    278.073   144.287
  281   16.161   16.115   36.159    0.818    279.066   144.199
  282   16.161   16.116   36.160    0.819    280.058   144.255
  283   16.151   16.105   36.158    0.821    281.051   144.329
  284   16.121   16.075   36.153    0.822    282.043   144.346
  285   16.106   16.060   36.150    0.824    283.036   144.317
  286   16.087   16.041   36.147    0.825    284.028   144.237
  287   16.075   16.029   36.145    0.827    285.020   144.109
  288   16.072   16.025   36.145    0.828    286.013   143.919
  289   16.070   16.023   36.144    0.830    287.005   143.843
  290   16.066   16.020   36.144    0.831    287.998   143.793
  291   16.009   15.963   36.134    0.833    288.990   143.843
  292   15.939   15.892   36.122    0.834    289.982   143.690
  293   15.908   15.861   36.117    0.836    290.975   143.257
  294   15.895   15.849   36.115    0.837    291.967   142.883
  295   15.853   15.806   36.108    0.839    292.960   142.805
  296   15.842   15.795   36.106    0.840    293.952   142.707
  297   15.833   15.786   36.104    0.842    294.944   142.562
  298   15.760   15.713   36.092    0.843    295.937   142.588
  299   15.733   15.686   36.088    0.845    296.929   142.430
  300   15.710   15.663   36.084    0.846    297.921   142.241
  301   15.695   15.648   36.082    0.848    298.914   142.099
  302   15.684   15.637   36.080    0.849    299.906   141.953
  303   15.678   15.630   36.079    0.851    300.898   141.882
  304   15.675   15.627   36.079    0.852    301.891   141.784
  305   15.671   15.623   36.078    0.854    302.883   141.750
  306   15.649   15.601   36.074    0.855    303.875   141.766
  307   15.584   15.535   36.063    0.856    304.868   141.609
  308   15.518   15.469   36.052    0.858    305.860   141.360
  309   15.452   15.403   36.041    0.859    306.852   141.124
  310   15.378   15.330   36.029    0.861    307.845   140.820
  311   15.331   15.282   36.021    0.862    308.837   140.426
  312   15.290   15.242   36.014    0.864    309.829   140.168
  313   15.259   15.210   36.009    0.865    310.822   139.962
  314   15.161   15.113   35.992    0.867    311.814   139.878
  315   15.100   15.051   35.982    0.868    312.806   139.582
  316   15.025   14.977   35.970    0.869    313.798   139.227
  317   14.954   14.906   35.958    0.871    314.791   138.840
  318   14.923   14.875   35.953    0.872    315.783   138.400
  319   14.906   14.857   35.950    0.874    316.775   138.158
  320   14.850   14.801   35.941    0.875    317.768   138.107
  321   14.812   14.763   35.935    0.876    318.760   137.913
  322   14.809   14.760   35.935    0.878    319.752   137.649
  323   14.808   14.759   35.935    0.879    320.744   137.580
  324   14.805   14.756   35.935    0.881    321.737   137.610
  325   14.787   14.738   35.932    0.882    322.729   137.643
  326   14.752   14.702   35.926    0.883    323.721   137.677
  327   14.719   14.670   35.920    0.885    324.713   137.538
  328   14.638   14.589   35.906    0.886    325.705   137.440
  329   14.566   14.517   35.894    0.887    326.698   137.095
  330   14.491   14.442   35.881    0.889    327.690   136.592
  331   14.419   14.370   35.868    0.890    328.682   136.124
  332   14.389   14.340   35.863    0.892    329.674   135.708
  333   14.368   14.319   35.861    0.893    330.666   135.409
  334   14.352   14.302   35.858    0.894    331.659   135.300
  335   14.345   14.295   35.857    0.896    332.651   135.195
  336   14.319   14.269   35.852    0.897    333.643   135.163
  337   14.295   14.245   35.849    0.898    334.635   135.088
  338   14.272   14.222   35.845    0.900    335.627   134.945
  339   14.254   14.204   35.842    0.901    336.620   134.796
  340   14.196   14.146   35.834    0.902    337.612   134.758
  341   14.186   14.136   35.832    0.904    338.604   134.480
  342   14.180   14.130   35.831    0.905    339.596   134.193
  343   14.180   14.129   35.832    0.906    340.588   134.138
  344   14.176   14.125   35.831    0.908    341.580   134.198
  345   14.171   14.120   35.830    0.909    342.572   134.271
  346   14.157   14.106   35.828    0.910    343.565   134.230
  347   14.116   14.065   35.822    0.912    344.557   134.131
  348   14.091   14.040   35.818    0.913    345.549   133.926
  349   14.072   14.021   35.814    0.914    346.541   133.787
  350   14.030   13.979   35.808    0.916    347.533   133.744
  351   14.022   13.971   35.807    0.917    348.525   133.644
  352   14.006   13.955   35.804    0.918    349.517   133.575
  353   13.996   13.944   35.803    0.920    350.509   133.527
  354   13.982   13.930   35.800    0.921    351.502   133.483
  355   13.968   13.916   35.798    0.922    352.494   133.327
  356   13.914   13.862   35.789    0.924    353.486   133.202
  357   13.867   13.815   35.781    0.925    354.478   133.132
  358   13.843   13.791   35.777    0.926    355.470   133.054
  359   13.822   13.770   35.773    0.928    356.462   132.902
  360   13.810   13.758   35.772    0.929    357.454   132.735
  361   13.799   13.746   35.770    0.930    358.446   132.587
  362   13.788   13.736   35.768    0.932    359.438   132.474
  363   13.783   13.730   35.768    0.933    360.430   132.460
  364   13.774   13.721   35.766    0.934    361.422   132.455
  365   13.750   13.697   35.762    0.936    362.414   132.474
  366   13.741   13.688   35.761    0.937    363.406   132.359
  367   13.740   13.687   35.761    0.938    364.398   132.212
  368   13.723   13.670   35.758    0.940    365.390   132.247
  369   13.702   13.649   35.755    0.941    366.382   132.283
  370   13.700   13.646   35.754    0.942    367.374   132.234
  371   13.687   13.634   35.752    0.943    368.366   132.147
  372   13.660   13.607   35.748    0.945    369.358   132.132
  373   13.632   13.578   35.743    0.946    370.350   132.001
  374   13.611   13.557   35.740    0.947    371.342   131.852
  375   13.590   13.536   35.737    0.949    372.334   131.809
  376   13.563   13.510   35.732    0.950    373.326   131.792
  377   13.487   13.433   35.719    0.951    374.318   131.761
  378   13.427   13.373   35.709    0.953    375.310   131.490
  379   13.364   13.310   35.699    0.954    376.302   131.105
  380   13.322   13.268   35.692    0.955    377.294   130.762
  381   13.309   13.255   35.689    0.956    378.286   130.519
  382   13.290   13.236   35.686    0.958    379.278   130.368
  383   13.242   13.188   35.679    0.959    380.270   130.304
  384   13.221   13.166   35.676    0.960    381.262   130.147
  385   13.203   13.149   35.673    0.962    382.254   130.044
  386   13.191   13.137   35.672    0.963    383.246   129.940
  387   13.161   13.107   35.667    0.964    384.238   129.977
  388   13.124   13.069   35.661    0.965    385.230   129.974
  389   13.090   13.035   35.656    0.967    386.222   129.849
  390   12.993   12.939   35.640    0.968    387.214   129.870
  391   12.968   12.914   35.636    0.969    388.206   129.513
  392   12.963   12.909   35.636    0.970    389.198   129.253
  393   12.963   12.908   35.636    0.972    390.190   129.151
  394   12.959   12.905   35.636    0.973    391.181   129.194
  395   12.929   12.874   35.632    0.974    392.173   129.210
  396   12.794   12.739   35.612    0.975    393.165   129.350
  397   12.759   12.705   35.607    0.977    394.157   129.112
  398   12.735   12.681   35.603    0.978    395.149   128.911
  399   12.722   12.667   35.601    0.979    396.141   128.747
  400   12.706   12.651   35.598    0.980    397.133   128.695
  401   12.645   12.590   35.588    0.982    398.125   128.668
  402   12.550   12.495   35.573    0.983    399.117   128.559
  403   12.486   12.431   35.563    0.984    400.108   128.262
  404   12.434   12.379   35.554    0.985    401.100   127.937
  405   12.393   12.338   35.547    0.986    402.092   127.653
  406   12.378   12.323   35.545    0.988    403.084   127.419
  407   12.362   12.307   35.543    0.989    404.076   127.236
  408   12.350   12.295   35.541    0.990    405.068   127.086
  409   12.317   12.262   35.536    0.991    406.059   127.036
  410   12.281   12.226   35.530    0.992    407.051   127.038
  411   12.250   12.195   35.525    0.994    408.043   126.963
  412   12.231   12.176   35.522    0.995    409.035   126.785
  413   12.211   12.156   35.519    0.996    410.027   126.643
  414   12.201   12.146   35.518    0.997    411.019   126.527
  415   12.192   12.136   35.516    0.998    412.010   126.513
  416   12.164   12.109   35.512    1.000    413.002   126.497
  417   12.160   12.104   35.511    1.001    413.994   126.451
  418   12.155   12.099   35.511    1.002    414.986   126.386
  419   12.152   12.096   35.510    1.003    415.978   126.315
  420   12.133   12.077   35.506    1.004    416.969   126.261
  421   12.079   12.023   35.497    1.006    417.961   126.206
  422   11.970   11.914   35.479    1.007    418.953   126.190
  423   11.936   11.880   35.473    1.008    419.945   125.881
  424   11.923   11.867   35.471    1.009    420.936   125.560
  425   11.910   11.854   35.469    1.010    421.928   125.420
  426   11.901   11.845   35.468    1.012    422.920   125.325
  427   11.873   11.817   35.463    1.013    423.912   125.218
  428   11.852   11.796   35.460    1.014    424.903   125.045
  429   11.835   11.779   35.457    1.015    425.895   124.929
  430   11.819   11.763   35.455    1.016    426.887   124.892
  431   11.813   11.757   35.454    1.017    427.879   124.797
  432   11.797   11.741   35.452    1.019    428.870   124.723
  433   11.794   11.737   35.451    1.020    429.862   124.645
  434   11.789   11.732   35.450    1.021    430.854   124.626
  435   11.771   11.714   35.448    1.022    431.846   124.632
  436   11.736   11.679   35.442    1.023    432.837   124.646
  437   11.730   11.673   35.441    1.024    433.829   124.515
  438   11.704   11.647   35.437    1.026    434.821   124.422
  439   11.691   11.634   35.435    1.027    435.812   124.306
  440   11.679   11.622   35.433    1.028    436.804   124.316
  441   11.656   11.598   35.430    1.029    437.796   124.307
  442   11.633   11.576   35.426    1.030    438.787   124.245
  443   11.606   11.549   35.422    1.031    439.779   124.087
  444   11.592   11.534   35.419    1.033    440.771   123.998
  445   11.577   11.519   35.417    1.034    441.762   123.979
  446   11.559   11.501   35.414    1.035    442.754   123.982
  447   11.518   11.460   35.408    1.036    443.746   123.936
  448   11.487   11.430   35.403    1.037    444.737   123.877
  449   11.456   11.398   35.398    1.038    445.729   123.811
  450   11.442   11.384   35.396    1.040    446.721   123.708
  451   11.429   11.371   35.394    1.041    447.712   123.593
  452   11.421   11.363   35.393    1.042    448.704   123.518
  453   11.419   11.361   35.393    1.043    449.695   123.474
  454   11.404   11.346   35.390    1.044    450.687   123.442
  455   11.389   11.330   35.388    1.045    451.679   123.402
  456   11.387   11.329   35.388    1.046    452.670   123.364
  457   11.387   11.329   35.388    1.048    453.662   123.319
  458   11.385   11.326   35.387    1.049    454.654   123.283
  459   11.379   11.321   35.387    1.050    455.645   123.235
  460   11.382   11.323   35.387    1.051    456.637   123.182
  461   11.381   11.322   35.387    1.052    457.628   123.102
  462   11.373   11.314   35.386    1.053    458.620   123.146
  463   11.355   11.296   35.383    1.055    459.611   123.254
  464   11.349   11.289   35.382    1.056    460.603   123.217
  465   11.346   11.287   35.382    1.057    461.595   123.150
  466   11.345   11.286   35.381    1.058    462.586   123.139
  467   11.333   11.273   35.380    1.059    463.578   123.119
  468   11.299   11.239   35.373    1.060    464.569   123.149
  469   11.241   11.182   35.366    1.061    465.561   123.063
  470   11.222   11.163   35.362    1.063    466.552   122.859
  471   11.189   11.130   35.357    1.064    467.544   122.766
  472   11.163   11.103   35.352    1.065    468.535   122.725
  473   11.103   11.043   35.343    1.066    469.527   122.726
  474   11.065   11.006   35.337    1.067    470.519   122.636
  475   10.998   10.938   35.327    1.068    471.510   122.569
  476   10.929   10.870   35.317    1.069    472.502   122.407
  477   10.909   10.849   35.314    1.071    473.493   122.242
  478   10.904   10.844   35.313    1.072    474.485   122.119
  479   10.903   10.843   35.313    1.073    475.476   122.110
  480   10.902   10.842   35.313    1.074    476.468   122.068
  481   10.900   10.840   35.313    1.075    477.459   122.066
  482   10.899   10.839   35.313    1.076    478.451   122.004
  483   10.899   10.839   35.313    1.077    479.442   121.938
  484   10.900   10.839   35.314    1.078    480.434   121.850
  485   10.899   10.839   35.314    1.079    481.425   121.805
  486   10.900   10.839   35.314    1.081    482.416   121.851
  487   10.899   10.839   35.314    1.082    483.408   121.920
  488   10.899   10.838   35.314    1.083    484.399   121.914
  489   10.898   10.837   35.314    1.084    485.391   121.914
  490   10.889   10.828   35.313    1.085    486.382   121.903
  491   10.839   10.778   35.306    1.086    487.374   121.960
  492   10.755   10.694   35.296    1.087    488.365   121.961
  493   10.729   10.668   35.292    1.088    489.357   121.860
  494   10.699   10.638   35.288    1.090    490.348   121.923
  495   10.678   10.617   35.286    1.091    491.339   122.033
  496   10.615   10.554   35.277    1.092    492.331   122.216
  497   10.536   10.476   35.267    1.093    493.322   122.247
  498   10.503   10.442   35.263    1.094    494.314   122.112
  499   10.434   10.373   35.253    1.095    495.305   122.157
  500   10.400   10.340   35.248    1.096    496.297   122.123
  501   10.386   10.325   35.246    1.097    497.288   122.081
  502   10.368   10.308   35.244    1.098    498.279   122.086
  503   10.353   10.292   35.242    1.099    499.271   122.057
  504   10.328   10.267   35.240    1.100    500.262   122.009
  505   10.266   10.205   35.232    1.102    501.253   122.007
  506   10.208   10.148   35.224    1.103    502.245   121.961
  507   10.143   10.082   35.215    1.104    503.236   121.982
  508   10.121   10.061   35.212    1.105    504.228   121.994
  509   10.100   10.040   35.210    1.106    505.219   122.017
  510   10.086   10.026   35.208    1.107    506.210   122.070
  511   10.075   10.014   35.207    1.108    507.202   122.044
  512   10.065   10.004   35.206    1.109    508.193   122.032
  513   10.056   9.996   35.205    1.110    509.184   121.972
  514   10.049   9.988   35.204    1.111    510.176   121.966
  515   10.043   9.982   35.203    1.112    511.167   121.904
  516   10.034   9.973   35.202    1.113    512.158   121.901
  517   10.025   9.963   35.201    1.114    513.150   121.914
  518   9.974   9.913   35.192    1.115    514.141   121.936
  519   9.748   9.688   35.163    1.116    515.132   122.166
  520   9.490   9.431   35.130    1.117    516.124   122.177
  521   9.466   9.407   35.125    1.118    517.115   121.989
  522   9.461   9.401   35.125    1.119    518.106   122.171
  523   9.444   9.384   35.122    1.121    519.097   122.594
  524   9.414   9.354   35.118    1.122    520.089   122.655
  525   9.398   9.338   35.116    1.123    521.080   122.507
  526   9.382   9.322   35.114    1.124    522.071   122.299
  527   9.370   9.310   35.113    1.125    523.063   122.207
  528   9.369   9.309   35.113    1.126    524.054   122.122
  529   9.356   9.296   35.111    1.127    525.045   122.025
  530   9.347   9.287   35.110    1.128    526.036   121.972
  531   9.320   9.260   35.107    1.129    527.028   121.992
  532   9.297   9.236   35.103    1.130    528.019   122.011
  533   9.242   9.182   35.095    1.131    529.010   122.013
  534   9.185   9.125   35.087    1.132    530.001   121.990
  535   9.156   9.096   35.083    1.133    530.993   121.844
  536   9.126   9.066   35.079    1.134    531.984   121.790
  537   9.074   9.015   35.071    1.135    532.975   121.809
  538   9.052   8.992   35.068    1.136    533.966   121.754
  539   9.039   8.980   35.066    1.137    534.957   121.661
  540   9.036   8.976   35.065    1.138    535.949   121.671
  541   9.029   8.969   35.065    1.139    536.940   121.642
  542   9.023   8.963   35.064    1.140    537.931   121.564
  543   9.015   8.955   35.063    1.141    538.922   121.535
  544   8.998   8.938   35.060    1.142    539.913   121.533
  545   8.986   8.926   35.058    1.143    540.905   121.472
  546   8.973   8.912   35.056    1.144    541.896   121.345
  547   8.968   8.907   35.055    1.145    542.887   121.224
  548   8.964   8.904   35.055    1.146    543.878   121.191
  549   8.960   8.899   35.054    1.147    544.869   121.210
  550   8.959   8.898   35.054    1.148    545.861   121.198
  551   8.956   8.895   35.054    1.149    546.852   121.194
  552   8.952   8.891   35.053    1.150    547.843   121.201
  553   8.951   8.890   35.053    1.151    548.834   121.188
  554   8.946   8.884   35.052    1.152    549.825   121.114
  555   8.942   8.880   35.051    1.153    550.816   121.091
  556   8.939   8.878   35.051    1.154    551.807   121.078
  557   8.937   8.875   35.051    1.155    552.799   121.059
  558   8.931   8.869   35.050    1.156    553.790   121.107
  559   8.926   8.864   35.049    1.157    554.781   121.155
  560   8.919   8.857   35.048    1.158    555.772   121.143
  561   8.915   8.853   35.048    1.159    556.763   121.109
  562   8.914   8.852   35.048    1.160    557.754   121.068
  563   8.907   8.845   35.047    1.161    558.745   121.103
  564   8.884   8.822   35.045    1.162    559.736   121.220
  565   8.848   8.786   35.040    1.163    560.727   121.315
  566   8.840   8.778   35.038    1.164    561.719   121.258
  567   8.793   8.731   35.033    1.165    562.710   121.353
  568   8.777   8.715   35.030    1.166    563.701   121.376
  569   8.738   8.676   35.026    1.167    564.692   121.445
  570   8.692   8.630   35.020    1.168    565.683   121.533
  571   8.669   8.607   35.018    1.169    566.674   121.628
  572   8.663   8.601   35.017    1.170    567.665   121.715
  573   8.659   8.597   35.017    1.170    568.656   121.813
  574   8.658   8.595   35.017    1.171    569.647   121.872
  575   8.658   8.596   35.017    1.172    570.638   121.884
  576   8.650   8.587   35.016    1.173    571.629   121.909
  577   8.646   8.584   35.016    1.174    572.620   121.892
  578   8.645   8.583   35.016    1.175    573.611   121.923
  579   8.645   8.583   35.016    1.176    574.602   121.950
  580   8.645   8.582   35.016    1.177    575.593   121.964
  581   8.642   8.579   35.016    1.178    576.584   121.997
  582   8.640   8.577   35.016    1.179    577.575   121.972
  583   8.636   8.573   35.016    1.180    578.566   121.979
  584   8.628   8.565   35.015    1.181    579.557   121.999
  585   8.622   8.559   35.014    1.182    580.548   122.043
  586   8.618   8.555   35.014    1.183    581.539   122.052
  587   8.615   8.552   35.013    1.184    582.530   122.041
  588   8.613   8.549   35.013    1.185    583.521   122.048
  589   8.610   8.546   35.013    1.186    584.512   122.068
  590   8.604   8.541   35.012    1.187    585.503   122.128
  591   8.599   8.535   35.011    1.188    586.494   122.112
  592   8.595   8.531   35.011    1.189    587.485   122.059
  593   8.589   8.525   35.010    1.190    588.476   122.153
  594   8.585   8.521   35.010    1.191    589.467   122.170
  595   8.577   8.513   35.009    1.192    590.458   122.234
  596   8.569   8.505   35.008    1.193    591.449   122.188
  597   8.565   8.501   35.008    1.194    592.440   122.141
  598   8.556   8.492   35.007    1.195    593.431   122.208
  599   8.548   8.484   35.006    1.196    594.422   122.248
  600   8.549   8.485   35.006    1.197    595.413   122.269
  601   8.549   8.484   35.006    1.198    596.404   122.290
  602   8.547   8.483   35.006    1.199    597.395   122.304
  603   8.547   8.482   35.006    1.200    598.385   122.332
  604   8.546   8.481   35.005    1.201    599.376   122.329
  605   8.513   8.448   35.002    1.202    600.367   122.346
  606   8.505   8.440   35.001    1.203    601.358   122.290
  607   8.501   8.436   35.000    1.204    602.349   122.262
  608   8.496   8.431   35.000    1.205    603.340   122.310
  609   8.486   8.421   34.999    1.206    604.331   122.332
  610   8.482   8.416   34.998    1.207    605.322   122.390
  611   8.478   8.413   34.998    1.208    606.313   122.399
  612   8.469   8.404   34.997    1.209    607.303   122.436
  613   8.448   8.383   34.995    1.210    608.294   122.445
  614   8.409   8.343   34.991    1.211    609.285   122.464
  615   8.387   8.321   34.988    1.212    610.276   122.500
  616   8.338   8.272   34.983    1.212    611.267   122.637
  617   8.312   8.247   34.980    1.213    612.258   122.688
  618   8.293   8.228   34.977    1.214    613.249   122.845
  619   8.285   8.219   34.976    1.215    614.239   123.022
  620   8.262   8.197   34.974    1.216    615.230   123.245
  621   8.254   8.188   34.973    1.217    616.221   123.249
  622   8.251   8.185   34.972    1.218    617.212   123.225
  623   8.248   8.182   34.972    1.219    618.203   123.199
  624   8.246   8.180   34.972    1.220    619.194   123.263
  625   8.242   8.176   34.972    1.221    620.184   123.254
  626   8.233   8.167   34.971    1.222    621.175   123.192
  627   8.223   8.157   34.970    1.223    622.166   123.201
  628   8.222   8.156   34.970    1.224    623.157   123.180
  629   8.209   8.142   34.968    1.225    624.148   123.257
  630   8.187   8.121   34.966    1.226    625.138   123.331
  631   8.178   8.112   34.965    1.227    626.129   123.336
  632   8.172   8.106   34.965    1.228    627.120   123.384
  633   8.171   8.104   34.965    1.229    628.111   123.445
  634   8.168   8.102   34.964    1.230    629.101   123.496
  635   8.166   8.099   34.964    1.231    630.092   123.563
  636   8.155   8.088   34.963    1.232    631.083   123.594
  637   8.144   8.078   34.962    1.233    632.074   123.578
  638   8.135   8.068   34.962    1.233    633.064   123.603
  639   8.114   8.047   34.960    1.234    634.055   123.631
  640   8.092   8.025   34.958    1.235    635.046   123.700
  641   8.079   8.012   34.956    1.236    636.037   123.776
  642   8.060   7.993   34.955    1.237    637.027   123.926
  643   8.047   7.980   34.953    1.238    638.018   124.015
  644   8.039   7.972   34.953    1.239    639.009   124.105
  645   8.026   7.958   34.951    1.240    640.000   124.235
  646   8.013   7.945   34.950    1.241    640.990   124.297
  647   7.996   7.929   34.948    1.242    641.981   124.313
  648   7.991   7.923   34.948    1.243    642.972   124.369
  649   7.990   7.922   34.948    1.244    643.962   124.413
  650   7.983   7.916   34.947    1.245    644.953   124.453
  651   7.973   7.905   34.946    1.246    645.944   124.521
  652   7.952   7.884   34.944    1.247    646.934   124.543
  653   7.921   7.853   34.941    1.248    647.925   124.614
  654   7.892   7.824   34.939    1.249    648.916   124.726
  655   7.881   7.813   34.938    1.249    649.906   124.833
  656   7.877   7.810   34.938    1.250    650.897   124.991
  657   7.866   7.798   34.936    1.251    651.888   125.090
  658   7.864   7.796   34.936    1.252    652.878   125.143
  659   7.866   7.798   34.937    1.253    653.869   125.218
  660   7.864   7.796   34.936    1.254    654.860   125.259
  661   7.846   7.778   34.935    1.255    655.850   125.273
  662   7.838   7.769   34.934    1.256    656.841   125.227
  663   7.836   7.767   34.934    1.257    657.832   125.274
  664   7.834   7.766   34.934    1.258    658.822   125.368
  665   7.829   7.761   34.934    1.259    659.813   125.472
  666   7.823   7.754   34.933    1.260    660.803   125.500
  667   7.800   7.731   34.931    1.261    661.794   125.523
  668   7.800   7.731   34.931    1.262    662.785   125.512
  669   7.799   7.731   34.931    1.262    663.775   125.554
  670   7.799   7.730   34.931    1.263    664.766   125.610
  671   7.799   7.730   34.931    1.264    665.756   125.639
  672   7.798   7.729   34.931    1.265    666.747   125.690
  673   7.790   7.721   34.931    1.266    667.738   125.700
  674   7.777   7.708   34.930    1.267    668.728   125.749
  675   7.768   7.699   34.929    1.268    669.719   125.786
  676   7.755   7.686   34.928    1.269    670.709   125.807
  677   7.742   7.673   34.927    1.270    671.700   125.884
  678   7.725   7.656   34.925    1.271    672.690   125.948
  679   7.699   7.630   34.923    1.272    673.681   126.021
  680   7.623   7.554   34.917    1.273    674.672   126.204
  681   7.591   7.522   34.914    1.274    675.662   126.307
  682   7.579   7.510   34.913    1.274    676.653   126.583
  683   7.561   7.492   34.912    1.275    677.643   126.986
  684   7.551   7.482   34.911    1.276    678.634   127.255
  685   7.534   7.465   34.910    1.277    679.624   127.430
  686   7.510   7.441   34.908    1.278    680.615   127.486
  687   7.495   7.426   34.907    1.279    681.605   127.555
  688   7.484   7.415   34.906    1.280    682.596   127.678
  689   7.473   7.403   34.905    1.281    683.586   127.816
  690   7.456   7.386   34.904    1.282    684.577   127.891
  691   7.442   7.372   34.903    1.283    685.567   128.004
  692   7.414   7.345   34.901    1.283    686.558   128.151
  693   7.368   7.299   34.898    1.284    687.548   128.321
  694   7.342   7.273   34.896    1.285    688.539   128.388
  695   7.335   7.266   34.895    1.286    689.529   128.590
  696   7.313   7.244   34.894    1.287    690.520   128.884
  697   7.308   7.239   34.894    1.288    691.510   129.088
  698   7.303   7.233   34.894    1.289    692.501   129.238
  699   7.295   7.225   34.893    1.290    693.491   129.359
  700   7.285   7.216   34.893    1.291    694.482   129.467
  701   7.273   7.203   34.892    1.291    695.472   129.505
  702   7.266   7.197   34.892    1.292    696.462   129.597
  703   7.259   7.190   34.891    1.293    697.453   129.710
  704   7.258   7.189   34.891    1.294    698.443   129.749
  705   7.246   7.177   34.891    1.295    699.434   129.881
  706   7.239   7.169   34.890    1.296    700.424   129.940
  707   7.237   7.167   34.890    1.297    701.415   129.972
  708   7.234   7.164   34.890    1.298    702.405   130.021
  709   7.231   7.161   34.890    1.298    703.395   130.061
  710   7.229   7.159   34.890    1.299    704.386   130.116
  711   7.228   7.157   34.890    1.300    705.376   130.211
  712   7.218   7.148   34.889    1.301    706.367   130.231
  713   7.213   7.142   34.889    1.302    707.357   130.244
  714   7.207   7.137   34.889    1.303    708.347   130.267
  715   7.204   7.134   34.889    1.304    709.338   130.347
  716   7.201   7.130   34.888    1.305    710.328   130.425
  717   7.192   7.121   34.888    1.305    711.318   130.517
  718   7.159   7.089   34.887    1.306    712.309   130.611
  719   7.125   7.055   34.886    1.307    713.299   130.700
  720   7.110   7.039   34.885    1.308    714.290   130.813
  721   7.096   7.026   34.884    1.309    715.280   131.142
  722   7.076   7.006   34.884    1.310    716.270   131.502
  723   7.068   6.997   34.884    1.311    717.261   131.788
  724   7.061   6.991   34.883    1.312    718.251   131.971
  725   7.053   6.983   34.884    1.312    719.241   132.189
  726   7.037   6.967   34.883    1.313    720.232   132.361
  727   6.997   6.926   34.881    1.314    721.222   132.493
  728   6.991   6.920   34.881    1.315    722.212   132.517
  729   6.989   6.918   34.881    1.316    723.203   132.762
  730   6.987   6.916   34.881    1.317    724.193   133.073
  731   6.976   6.905   34.880    1.318    725.183   133.335
  732   6.957   6.886   34.879    1.318    726.174   133.498
  733   6.936   6.865   34.878    1.319    727.164   133.509
  734   6.934   6.863   34.878    1.320    728.154   133.594
  735   6.930   6.859   34.878    1.321    729.144   133.684
  736   6.920   6.849   34.878    1.322    730.135   133.889
  737   6.907   6.836   34.878    1.323    731.125   134.025
  738   6.895   6.824   34.879    1.323    732.115   134.131
  739   6.936   6.865   34.896    1.324    733.106   134.128
  740   6.969   6.897   34.911    1.325    734.096   134.339
  741   6.965   6.893   34.910    1.326    735.086   134.677
  742   6.968   6.896   34.911    1.327    736.076   135.008
  743   6.955   6.883   34.910    1.328    737.067   135.300
  744   6.947   6.875   34.908    1.328    738.057   135.491
  745   6.953   6.881   34.909    1.329    739.047   135.555
  746   6.939   6.867   34.907    1.330    740.037   135.704
  747   6.918   6.846   34.904    1.331    741.028   135.795
  748   6.912   6.839   34.903    1.332    742.018   135.801
  749   6.901   6.829   34.901    1.333    743.008   135.846
  750   6.900   6.828   34.901    1.333    743.998   135.965
  751   6.887   6.814   34.899    1.334    744.988   136.109
  752   6.889   6.817   34.900    1.335    745.979   136.141
  753   6.858   6.786   34.895    1.336    746.969   136.237
  754   6.835   6.762   34.891    1.337    747.959   136.303
  755   6.773   6.701   34.886    1.338    748.949   136.473
  756   6.761   6.689   34.885    1.338    749.939   136.532
  757   6.757   6.685   34.885    1.339    750.930   136.746
  758   6.738   6.665   34.884    1.340    751.920   137.147
  759   6.724   6.651   34.882    1.341    752.910   137.457
  760   6.695   6.623   34.881    1.342    753.900   137.655
  761   6.685   6.613   34.880    1.342    754.890   137.739
  762   6.682   6.609   34.880    1.343    755.880   137.947
  763   6.679   6.607   34.880    1.344    756.871   138.164
  764   6.683   6.610   34.880    1.345    757.861   138.332
  765   6.683   6.611   34.881    1.346    758.851   138.441
  766   6.680   6.607   34.880    1.346    759.841   138.440
  767   6.671   6.598   34.880    1.347    760.831   138.369
  768   6.666   6.593   34.881    1.348    761.821   138.329
  769   6.649   6.576   34.881    1.349    762.811   138.430
  770   6.608   6.536   34.887    1.350    763.802   138.626
  771   6.595   6.523   34.890    1.351    764.792   138.900
  772   6.583   6.510   34.892    1.351    765.782   139.444
  773   6.563   6.490   34.892    1.352    766.772   140.086
  774   6.554   6.481   34.894    1.353    767.762   140.535
  775   6.557   6.484   34.897    1.354    768.752   140.969
  776   6.555   6.482   34.899    1.354    769.742   141.370
  777   6.556   6.482   34.901    1.355    770.732   141.651
  778   6.553   6.480   34.901    1.356    771.722   141.857
  779   6.554   6.481   34.903    1.357    772.712   141.971
  780   6.556   6.483   34.905    1.358    773.703   142.041
  781   6.545   6.471   34.905    1.358    774.693   142.186
  782   6.528   6.455   34.906    1.359    775.683   142.242
  783   6.514   6.441   34.905    1.360    776.673   142.379
  784   6.509   6.435   34.904    1.361    777.663   142.544
  785   6.506   6.432   34.904    1.361    778.653   142.886
  786   6.491   6.417   34.903    1.362    779.643   143.204
  787   6.476   6.402   34.902    1.363    780.633   143.360
  788   6.469   6.396   34.902    1.364    781.623   143.473
  789   6.460   6.386   34.902    1.365    782.613   143.658
  790   6.452   6.378   34.902    1.365    783.603   143.800
  791   6.449   6.376   34.902    1.366    784.593   143.949
  792   6.449   6.375   34.902    1.367    785.583   144.112
  793   6.448   6.374   34.902    1.368    786.573   144.223
  794   6.448   6.374   34.903    1.368    787.563   144.330
  795   6.449   6.375   34.903    1.369    788.553   144.444
  796   6.449   6.375   34.903    1.370    789.543   144.420
  797   6.448   6.373   34.904    1.371    790.533   144.422
  798   6.441   6.366   34.904    1.371    791.523   144.456
  799   6.422   6.348   34.906    1.372    792.513   144.556
  800   6.403   6.328   34.907    1.373    793.503   144.608
  801   6.391   6.317   34.908    1.374    794.493   144.659
  802   6.386   6.312   34.908    1.374    795.483   144.891
  803   6.383   6.309   34.909    1.375    796.473   145.162
  804   6.374   6.299   34.912    1.376    797.463   145.465
  805   6.369   6.294   34.913    1.377    798.453   145.692
  806   6.359   6.284   34.914    1.378    799.443   145.900
  807   6.334   6.260   34.915    1.378    800.433   146.100
  808   6.308   6.233   34.915    1.379    801.423   146.352
  809   6.288   6.213   34.914    1.380    802.413   146.581
  810   6.277   6.202   34.913    1.380    803.403   146.802
  811   6.262   6.187   34.912    1.381    804.393   147.044
  812   6.247   6.172   34.912    1.382    805.382   147.199
  813   6.238   6.164   34.912    1.383    806.372   147.269
  814   6.237   6.162   34.913    1.383    807.362   147.352
  815   6.234   6.159   34.913    1.384    808.352   147.492
  816   6.230   6.155   34.913    1.385    809.342   147.681
  817   6.227   6.152   34.913    1.386    810.332   147.814
  818   6.227   6.151   34.913    1.386    811.322   147.933
  819   6.225   6.150   34.913    1.387    812.312   147.962
  820   6.221   6.146   34.913    1.388    813.302   147.937
  821   6.209   6.134   34.912    1.389    814.292   147.966
  822   6.204   6.129   34.911    1.389    815.281   147.984
  823   6.196   6.120   34.911    1.390    816.271   147.952
  824   6.186   6.111   34.911    1.391    817.261   147.890
  825   6.170   6.095   34.911    1.391    818.251   147.849
  826   6.156   6.080   34.910    1.392    819.241   147.876
  827   6.147   6.071   34.910    1.393    820.231   148.022
  828   6.136   6.061   34.910    1.394    821.221   148.282
  829   6.120   6.045   34.909    1.394    822.211   148.530
  830   6.091   6.015   34.909    1.395    823.200   148.783
  831   6.083   6.007   34.909    1.396    824.190   148.891
  832   6.076   6.000   34.909    1.397    825.180   149.057
  833   6.072   5.996   34.909    1.397    826.170   149.251
  834   6.069   5.993   34.909    1.398    827.160   149.417
  835   6.067   5.991   34.909    1.399    828.149   149.501
  836   6.065   5.989   34.909    1.399    829.139   149.545
  837   6.064   5.988   34.909    1.400    830.129   149.602
  838   6.063   5.987   34.909    1.401    831.119   149.655
  839   6.062   5.986   34.909    1.402    832.109   149.715
  840   6.060   5.984   34.909    1.402    833.098   149.751
  841   6.060   5.983   34.909    1.403    834.088   149.716
  842   6.051   5.975   34.909    1.404    835.078   149.740
  843   6.050   5.974   34.908    1.404    836.068   149.769
  844   6.049   5.972   34.908    1.405    837.058   149.880
  845   6.047   5.970   34.908    1.406    838.047   149.940
  846   6.044   5.968   34.908    1.407    839.037   150.058
  847   6.043   5.966   34.908    1.407    840.027   150.061
  848   6.043   5.966   34.908    1.408    841.017   150.120
  849   6.044   5.967   34.908    1.409    842.006   150.190
  850   6.043   5.966   34.908    1.409    842.996   150.235
  851   6.041   5.963   34.908    1.410    843.986   150.306
  852   6.038   5.960   34.908    1.411    844.976   150.290
  853   6.035   5.957   34.908    1.412    845.965   150.336
  854   6.033   5.956   34.908    1.412    846.955   150.395
  855   6.033   5.956   34.908    1.413    847.945   150.500
  856   6.031   5.954   34.908    1.414    848.935   150.525
  857   6.027   5.949   34.908    1.414    849.924   150.539
  858   6.028   5.950   34.908    1.415    850.914   150.586
  859   6.022   5.944   34.908    1.416    851.904   150.696
  860   6.023   5.945   34.908    1.417    852.893   150.737
  861   5.997   5.919   34.907    1.417    853.883   150.835
  862   5.977   5.899   34.908    1.418    854.873   150.864
  863   5.966   5.888   34.908    1.419    855.862   150.973
  864   5.963   5.885   34.908    1.419    856.852   151.285
  865   5.961   5.883   34.907    1.420    857.842   151.625
  866   5.940   5.862   34.908    1.421    858.831   151.931
  867   5.925   5.847   34.907    1.421    859.821   152.035
  868   5.918   5.840   34.907    1.422    860.811   152.261
  869   5.915   5.837   34.908    1.423    861.800   152.741
  870   5.911   5.833   34.908    1.424    862.790   153.210
  871   5.908   5.830   34.908    1.424    863.780   153.629
  872   5.905   5.827   34.908    1.425    864.769   153.839
  873   5.897   5.819   34.908    1.426    865.759   154.018
  874   5.889   5.810   34.909    1.426    866.749   154.114
  875   5.882   5.804   34.909    1.427    867.738   154.229
  876   5.882   5.803   34.909    1.428    868.728   154.372
  877   5.882   5.803   34.909    1.428    869.718   154.588
  878   5.881   5.802   34.909    1.429    870.707   154.780
  879   5.881   5.802   34.909    1.430    871.697   154.889
  880   5.879   5.800   34.909    1.431    872.686   154.939
  881   5.877   5.798   34.909    1.431    873.676   154.932
  882   5.876   5.797   34.910    1.432    874.666   154.893
  883   5.872   5.793   34.910    1.433    875.655   154.955
  884   5.869   5.790   34.910    1.433    876.645   155.016
  885   5.865   5.786   34.910    1.434    877.634   155.077
  886   5.863   5.784   34.910    1.435    878.624   155.168
  887   5.854   5.775   34.910    1.435    879.614   155.253
  888   5.848   5.769   34.911    1.436    880.603   155.422
  889   5.843   5.763   34.911    1.437    881.593   155.639
  890   5.836   5.757   34.911    1.437    882.582   155.838
  891   5.812   5.732   34.911    1.438    883.572   156.110
  892   5.793   5.714   34.910    1.439    884.561   156.371
  893   5.784   5.704   34.910    1.440    885.551   156.703
  894   5.773   5.694   34.910    1.440    886.540   157.222
  895   5.765   5.685   34.909    1.441    887.530   157.860
  896   5.759   5.680   34.909    1.442    888.519   158.507
  897   5.755   5.676   34.909    1.442    889.509   158.884
  898   5.754   5.674   34.909    1.443    890.498   159.161
  899   5.746   5.666   34.909    1.444    891.488   159.377
  900   5.718   5.638   34.909    1.444    892.478   159.583
  901   5.687   5.607   34.909    1.445    893.467   159.687
  902   5.683   5.603   34.909    1.446    894.457   159.980
  903   5.674   5.594   34.910    1.446    895.446   160.677
  904   5.651   5.571   34.911    1.447    896.436   161.293
  905   5.635   5.555   34.911    1.448    897.425   161.643
  906   5.624   5.545   34.912    1.448    898.414   161.980
  907   5.616   5.536   34.912    1.449    899.404   162.343
  908   5.599   5.519   34.913    1.450    900.393   162.839
  909   5.561   5.482   34.915    1.450    901.383   163.236
  910   5.555   5.476   34.915    1.451    902.372   163.505
  911   5.554   5.474   34.915    1.452    903.362   163.856
  912   5.550   5.470   34.915    1.452    904.351   164.382
  913   5.547   5.467   34.916    1.453    905.341   164.827
  914   5.545   5.465   34.916    1.454    906.330   165.030
  915   5.545   5.465   34.916    1.454    907.320   165.058
  916   5.545   5.465   34.916    1.455    908.309   165.136
  917   5.544   5.464   34.916    1.455    909.299   165.194
  918   5.544   5.463   34.916    1.456    910.288   165.162
  919   5.542   5.461   34.916    1.457    911.277   165.144
  920   5.535   5.455   34.917    1.457    912.267   165.167
  921   5.532   5.451   34.917    1.458    913.256   165.209
  922   5.524   5.444   34.917    1.459    914.246   165.271
  923   5.521   5.440   34.917    1.459    915.235   165.330
  924   5.517   5.436   34.918    1.460    916.224   165.495
  925   5.511   5.430   34.918    1.461    917.214   165.629
  926   5.505   5.424   34.918    1.461    918.203   165.770
  927   5.504   5.423   34.918    1.462    919.193   165.858
  928   5.505   5.424   34.918    1.463    920.182   165.952
  929   5.505   5.424   34.918    1.463    921.171   166.011
  930   5.505   5.424   34.918    1.464    922.161   166.127
  931   5.505   5.424   34.918    1.465    923.150   166.190
  932   5.501   5.420   34.918    1.465    924.139   166.187
  933   5.499   5.417   34.918    1.466    925.129   166.078
  934   5.499   5.417   34.918    1.466    926.118   166.100
  935   5.497   5.415   34.919    1.467    927.107   166.176
  936   5.495   5.414   34.919    1.468    928.097   166.281
  937   5.493   5.412   34.919    1.468    929.086   166.378
  938   5.485   5.403   34.919    1.469    930.075   166.548
  939   5.476   5.394   34.920    1.470    931.065   166.645
  940   5.466   5.384   34.920    1.470    932.054   166.744
  941   5.464   5.382   34.920    1.471    933.043   166.744
  942   5.458   5.376   34.920    1.472    934.033   166.941
  943   5.446   5.364   34.921    1.472    935.022   167.087
  944   5.446   5.363   34.921    1.473    936.011   167.264
  945   5.442   5.360   34.921    1.473    937.001   167.442
  946   5.442   5.360   34.921    1.474    937.990   167.659
  947   5.443   5.360   34.921    1.475    938.979   167.801
  948   5.441   5.359   34.921    1.475    939.969   167.894
  949   5.440   5.358   34.921    1.476    940.958   167.879
  950   5.440   5.357   34.921    1.477    941.947   167.857
  951   5.440   5.357   34.921    1.477    942.936   167.838
  952   5.438   5.355   34.922    1.478    943.926   167.833
  953   5.437   5.354   34.922    1.479    944.915   167.832
  954   5.434   5.351   34.922    1.479    945.904   167.861
  955   5.435   5.352   34.922    1.480    946.893   167.886
  956   5.431   5.348   34.922    1.480    947.883   167.972
  957   5.424   5.340   34.922    1.481    948.872   168.074
  958   5.419   5.336   34.922    1.482    949.861   168.133
  959   5.414   5.331   34.923    1.482    950.850   168.218
  960   5.417   5.334   34.922    1.483    951.840   168.319
  961   5.417   5.333   34.923    1.484    952.829   168.440
  962   5.417   5.333   34.923    1.484    953.818   168.451
  963   5.416   5.332   34.923    1.485    954.807   168.500
  964   5.417   5.333   34.923    1.486    955.797   168.500
  965   5.417   5.333   34.923    1.486    956.786   168.481
  966   5.414   5.331   34.923    1.487    957.775   168.437
  967   5.412   5.328   34.923    1.487    958.764   168.433
  968   5.412   5.328   34.923    1.488    959.753   168.399
  969   5.414   5.329   34.923    1.489    960.743   168.429
  970   5.412   5.328   34.923    1.489    961.732   168.481
  971   5.413   5.328   34.923    1.490    962.721   168.543
  972   5.409   5.325   34.923    1.491    963.710   168.549
  973   5.411   5.327   34.923    1.491    964.699   168.651
  974   5.408   5.324   34.923    1.492    965.688   168.721
  975   5.404   5.320   34.923    1.493    966.678   168.661
  976   5.406   5.321   34.923    1.493    967.667   168.602
  977   5.409   5.324   34.923    1.494    968.656   168.628
  978   5.406   5.321   34.923    1.494    969.645   168.740
  979   5.407   5.322   34.923    1.495    970.634   168.813
  980   5.400   5.315   34.923    1.496    971.623   168.807
  981   5.399   5.313   34.924    1.496    972.612   168.737
  982   5.400   5.315   34.923    1.497    973.602   168.770
  983   5.400   5.314   34.924    1.498    974.591   168.833
  984   5.400   5.314   34.923    1.498    975.580   168.956
  985   5.400   5.314   34.924    1.499    976.569   169.002
  986   5.399   5.313   34.923    1.499    977.558   168.999
  987   5.397   5.311   34.924    1.500    978.547   168.844
  988   5.394   5.308   34.924    1.501    979.536   168.814
  989   5.394   5.308   34.924    1.501    980.525   168.855
  990   5.393   5.307   34.924    1.502    981.514   168.921
  991   5.393   5.306   34.924    1.503    982.503   168.995
  992   5.394   5.308   34.924    1.503    983.493   169.011
  993   5.393   5.307   34.924    1.504    984.482   169.021
  994   5.393   5.306   34.924    1.505    985.471   169.034
  995   5.392   5.306   34.924    1.505    986.460   169.066
  996   5.387   5.300   34.924    1.506    987.449   169.106
  997   5.390   5.303   34.924    1.506    988.438   169.052
  998   5.392   5.305   34.924    1.507    989.427   169.107
  999   5.390   5.304   34.924    1.508    990.416   169.126
 1000   5.388   5.301   34.924    1.508    991.405   169.177
 1001   5.382   5.295   34.924    1.509    992.394   169.152
 1002   5.373   5.286   34.925    1.510    993.383   169.193
 1003   5.374   5.286   34.925    1.510    994.372   169.254
 1004   5.368   5.281   34.925    1.511    995.361   169.400
 1005   5.366   5.279   34.925    1.511    996.350   169.475
 1006   5.353   5.265   34.925    1.512    997.339   169.579
 1007   5.348   5.260   34.926    1.513    998.328   169.642
 1008   5.341   5.253   34.926    1.513    999.317   169.883
 1009   5.310   5.223   34.927    1.514    1000.306   170.222
 1010   5.282   5.195   34.928    1.515    1001.295   170.518
 1011   5.277   5.190   34.928    1.515    1002.284   170.725
 1012   5.248   5.161   34.929    1.516    1003.273   171.245
 1013   5.239   5.152   34.929    1.516    1004.262   171.717
 1014   5.237   5.150   34.930    1.517    1005.251   172.232
 1015   5.243   5.155   34.930    1.518    1006.240   172.683
 1016   5.232   5.145   34.930    1.518    1007.229   173.149
 1017   5.236   5.149   34.930    1.519    1008.218   173.230
 1018   5.231   5.144   34.930    1.519    1009.207   173.316
 1019   5.230   5.143   34.930    1.520    1010.196   173.260
 1020   5.229   5.141   34.931    1.521    1011.185   173.394
 1021   5.228   5.140   34.931    1.521    1012.174   173.463
 1022   5.222   5.134   34.931    1.522    1013.163   173.598
 1023   5.219   5.131   34.931    1.523    1014.152   173.622
 1024   5.217   5.129   34.931    1.523    1015.141   173.649
 1025   5.211   5.123   34.931    1.524    1016.130   173.785
 1026   5.207   5.119   34.931    1.524    1017.118   173.875
 1027   5.191   5.103   34.932    1.525    1018.107   174.044
 1028   5.188   5.100   34.932    1.526    1019.096   174.124
 1029   5.187   5.098   34.932    1.526    1020.085   174.316
 1030   5.187   5.099   34.932    1.527    1021.074   174.547
 1031   5.186   5.098   34.932    1.527    1022.063   174.726
 1032   5.186   5.098   34.932    1.528    1023.052   174.832
 1033   5.186   5.098   34.932    1.529    1024.041   174.846
 1034   5.185   5.096   34.932    1.529    1025.030   174.809
 1035   5.184   5.095   34.933    1.530    1026.019   174.852
 1036   5.183   5.095   34.933    1.530    1027.007   174.882
 1037   5.183   5.094   34.933    1.531    1027.996   174.950
 1038   5.184   5.095   34.933    1.532    1028.985   175.017
 1039   5.185   5.096   34.933    1.532    1029.974   175.084
 1040   5.186   5.097   34.933    1.533    1030.963   175.078
 1041   5.185   5.096   34.933    1.533    1031.952   175.076
 1042   5.184   5.095   34.933    1.534    1032.941   175.064
 1043   5.184   5.095   34.933    1.535    1033.929   174.962
 1044   5.185   5.095   34.933    1.535    1034.918   174.891
 1045   5.185   5.096   34.933    1.536    1035.907   174.936
 1046   5.185   5.095   34.933    1.536    1036.896   174.920
 1047   5.183   5.093   34.933    1.537    1037.885   174.983
 1048   5.183   5.093   34.933    1.538    1038.874   175.016
 1049   5.183   5.093   34.932    1.538    1039.862   175.054
 1050   5.185   5.095   34.932    1.539    1040.851   175.064
 1051   5.187   5.097   34.932    1.539    1041.840   174.996
 1052   5.183   5.093   34.932    1.540    1042.829   174.977
 1053   5.184   5.094   34.932    1.541    1043.818   175.182
 1054   5.183   5.093   34.932    1.541    1044.806   175.013
