 station cast   lat    long    jday   mo/da/yr   gmt
  39      1   27.740 -90.000   268    09/25/21  2049 
 
    File created by Jay Hooper - 13-Dec-2021   
            GOMECC4 Cruise Sep 2021 
             NOAA Ship Ronald H Brown
                  
 
     Primary (T,S,O) sensors - Calibrated CTD data   

   pr       te       th       sa       ht       ga       ox
dbars    deg c    deg c      psu  dyn. cm    gamma  umol/kg
    1   28.470   28.470   36.291    0.005    0.993   195.553
    2   28.470   28.470   36.290    0.009    1.987   195.580
    3   28.470   28.470   36.290    0.014    2.980   195.607
    4   28.470   28.469   36.290    0.019    3.973   195.634
    5   28.470   28.469   36.289    0.023    4.967   195.650
    6   28.470   28.468   36.289    0.028    5.960   195.856
    7   28.471   28.469   36.289    0.033    6.953   195.855
    8   28.471   28.469   36.289    0.037    7.947   195.845
    9   28.471   28.469   36.289    0.042    8.940   195.886
   10   28.471   28.468   36.289    0.047    9.933   195.543
   11   28.470   28.467   36.289    0.051    10.927   195.678
   12   28.470   28.467   36.289    0.056    11.920   195.740
   13   28.471   28.468   36.289    0.061    12.913   195.764
   14   28.471   28.468   36.289    0.065    13.907   195.858
   15   28.469   28.466   36.290    0.070    14.900   195.594
   16   28.469   28.465   36.290    0.075    15.893   195.589
   17   28.471   28.467   36.290    0.079    16.887   195.625
   18   28.473   28.468   36.289    0.084    17.880   196.016
   19   28.473   28.468   36.289    0.089    18.873   195.714
   20   28.473   28.468   36.290    0.093    19.866   195.416
   21   28.473   28.468   36.289    0.098    20.860   195.946
   22   28.473   28.467   36.290    0.103    21.853   195.208
   23   28.469   28.463   36.291    0.107    22.846   195.848
   24   28.468   28.463   36.290    0.112    23.839   196.077
   25   28.465   28.459   36.291    0.117    24.833   195.341
   26   28.463   28.457   36.292    0.121    25.826   195.665
   27   28.463   28.456   36.292    0.126    26.819   195.770
   28   28.461   28.454   36.293    0.130    27.812   195.742
   29   28.460   28.453   36.294    0.135    28.806   195.584
   30   28.459   28.451   36.295    0.140    29.799   195.794
   31   28.458   28.450   36.295    0.144    30.792   195.769
   32   28.443   28.436   36.296    0.149    31.785   195.771
   33   28.437   28.429   36.297    0.154    32.779   195.925
   34   28.432   28.424   36.297    0.158    33.772   196.143
   35   28.429   28.421   36.297    0.163    34.765   196.028
   36   28.424   28.416   36.296    0.168    35.758   195.965
   37   28.385   28.376   36.296    0.172    36.751   196.152
   38   27.362   27.353   36.392    0.177    37.745   197.412
   39   27.073   27.064   36.401    0.181    38.738   203.309
   40   26.956   26.946   36.400    0.185    39.731   210.922
   41   26.872   26.862   36.392    0.189    40.724   211.320
   42   26.680   26.670   36.397    0.193    41.717   212.009
   43   26.557   26.547   36.413    0.197    42.710   211.938
   44   26.420   26.410   36.434    0.201    43.704   210.927
   45   26.435   26.425   36.485    0.205    44.697   206.522
   46   26.269   26.259   36.460    0.209    45.690   203.200
   47   26.267   26.256   36.487    0.213    46.683   205.853
   48   26.169   26.158   36.496    0.216    47.676   203.642
   49   26.061   26.050   36.521    0.220    48.669   203.259
   50   26.036   26.025   36.567    0.224    49.662   199.983
   51   25.985   25.974   36.579    0.228    50.656   193.732
   52   25.921   25.909   36.590    0.231    51.649   193.689
   53   25.872   25.860   36.596    0.235    52.642   193.760
   54   25.819   25.807   36.596    0.239    53.635   193.689
   55   25.711   25.699   36.615    0.242    54.628   193.792
   56   25.611   25.599   36.629    0.246    55.621   192.213
   57   25.542   25.529   36.636    0.249    56.614   190.649
   58   25.482   25.469   36.638    0.253    57.607   190.334
   59   25.378   25.365   36.632    0.256    58.600   190.475
   60   25.315   25.302   36.634    0.260    59.593   191.468
   61   25.213   25.199   36.647    0.263    60.587   190.103
   62   25.104   25.090   36.655    0.267    61.580   187.418
   63   24.965   24.951   36.664    0.270    62.573   184.744
   64   24.827   24.814   36.651    0.273    63.566   181.792
   65   24.610   24.596   36.636    0.276    64.559   184.007
   66   24.382   24.367   36.642    0.280    65.552   185.034
   67   24.338   24.324   36.644    0.283    66.545   184.984
   68   24.278   24.263   36.647    0.286    67.538   184.364
   69   24.216   24.201   36.651    0.289    68.531   183.445
   70   24.160   24.145   36.655    0.292    69.524   181.652
   71   23.997   23.982   36.663    0.295    70.517   180.237
   72   23.739   23.724   36.670    0.298    71.510   178.099
   73   23.646   23.631   36.690    0.301    72.503   173.790
   74   23.572   23.556   36.727    0.304    73.496   168.142
   75   23.504   23.488   36.751    0.307    74.489   162.577
   76   23.269   23.254   36.742    0.310    75.482   159.822
   77   23.219   23.203   36.738    0.313    76.475   160.919
   78   23.195   23.179   36.736    0.315    77.468   162.547
   79   23.175   23.159   36.735    0.318    78.461   163.695
   80   23.135   23.118   36.735    0.321    79.454   164.325
   81   23.028   23.011   36.740    0.324    80.447   164.300
   82   22.893   22.876   36.746    0.326    81.440   163.689
   83   22.812   22.795   36.741    0.329    82.433   162.351
   84   22.776   22.759   36.738    0.332    83.426   160.787
   85   22.741   22.723   36.732    0.335    84.419   159.650
   86   22.702   22.685   36.729    0.337    85.412   158.746
   87   22.659   22.642   36.726    0.340    86.405   158.732
   88   22.573   22.555   36.712    0.342    87.398   158.839
   89   22.443   22.425   36.690    0.345    88.391   158.556
   90   22.273   22.255   36.652    0.348    89.384   157.532
   91   22.060   22.042   36.600    0.350    90.377   156.679
   92   21.820   21.802   36.548    0.353    91.370   157.073
   93   21.585   21.567   36.515    0.355    92.363   157.017
   94   21.615   21.597   36.541    0.358    93.355   156.231
   95   21.722   21.703   36.614    0.360    94.348   155.368
   96   21.828   21.809   36.690    0.363    95.341   154.602
   97   21.838   21.819   36.705    0.365    96.334   153.814
   98   21.826   21.807   36.704    0.368    97.327   152.764
   99   21.803   21.784   36.697    0.370    98.320   151.971
  100   21.760   21.740   36.684    0.373    99.313   151.688
  101   21.581   21.561   36.635    0.375    100.306   151.799
  102   21.405   21.385   36.595    0.377    101.299   150.945
  103   21.346   21.326   36.583    0.380    102.292   149.924
  104   21.288   21.267   36.571    0.382    103.284   149.825
  105   21.240   21.219   36.558    0.385    104.277   150.039
  106   21.171   21.151   36.542    0.387    105.270   149.794
  107   21.086   21.066   36.525    0.389    106.263   149.303
  108   21.043   21.022   36.516    0.392    107.256   148.830
  109   20.935   20.914   36.498    0.394    108.249   148.300
  110   20.890   20.868   36.498    0.397    109.241   146.740
  111   20.882   20.860   36.501    0.399    110.234   143.982
  112   20.861   20.839   36.506    0.401    111.227   143.730
  113   20.816   20.794   36.522    0.404    112.220   144.065
  114   20.817   20.795   36.560    0.406    113.213   143.602
  115   20.866   20.844   36.625    0.408    114.206   142.622
  116   20.911   20.889   36.658    0.410    115.198   144.260
  117   20.920   20.897   36.665    0.413    116.191   146.018
  118   20.919   20.896   36.670    0.415    117.184   146.256
  119   20.915   20.892   36.679    0.417    118.177   146.319
  120   20.902   20.879   36.685    0.419    119.170   146.299
  121   20.893   20.870   36.686    0.422    120.162   146.102
  122   20.874   20.850   36.683    0.424    121.155   145.999
  123   20.839   20.816   36.674    0.426    122.148   145.870
  124   20.807   20.783   36.666    0.428    123.141   145.479
  125   20.775   20.751   36.658    0.430    124.134   144.566
  126   20.703   20.678   36.645    0.433    125.126   143.713
  127   20.639   20.614   36.646    0.435    126.119   142.990
  128   20.567   20.543   36.666    0.437    127.112   142.379
  129   20.540   20.515   36.667    0.439    128.105   142.490
  130   20.486   20.461   36.661    0.441    129.097   142.818
  131   20.441   20.416   36.655    0.443    130.090   141.952
  132   20.396   20.371   36.649    0.446    131.083   140.135
  133   20.320   20.295   36.637    0.448    132.076   139.100
  134   20.185   20.160   36.608    0.450    133.068   137.993
  135   20.005   19.980   36.577    0.452    134.061   135.198
  136   19.970   19.945   36.573    0.454    135.054   128.775
  137   19.948   19.923   36.585    0.456    136.046   124.488
  138   19.979   19.953   36.619    0.458    137.039   129.722
  139   19.981   19.955   36.635    0.460    138.032   137.445
  140   19.965   19.939   36.640    0.462    139.025   145.891
  141   19.917   19.891   36.635    0.464    140.017   151.390
  142   19.868   19.842   36.628    0.466    141.010   150.367
  143   19.821   19.795   36.621    0.468    142.003   148.789
  144   19.729   19.703   36.608    0.470    142.995   147.767
  145   19.694   19.667   36.614    0.472    143.988   145.864
  146   19.655   19.628   36.613    0.474    144.981   144.546
  147   19.635   19.608   36.612    0.476    145.973   145.839
  148   19.624   19.597   36.612    0.478    146.966   146.570
  149   19.616   19.588   36.611    0.480    147.959   146.790
  150   19.603   19.575   36.612    0.482    148.951   146.694
  151   19.585   19.558   36.611    0.484    149.944   146.614
  152   19.477   19.450   36.597    0.486    150.937   146.736
  153   19.374   19.346   36.581    0.488    151.929   146.498
  154   19.303   19.275   36.570    0.490    152.922   145.349
  155   19.269   19.241   36.565    0.492    153.914   144.526
  156   19.238   19.210   36.559    0.493    154.907   144.406
  157   19.196   19.168   36.553    0.495    155.900   144.123
  158   19.040   19.012   36.524    0.497    156.892   143.895
  159   18.910   18.881   36.502    0.499    157.885   143.377
  160   18.814   18.786   36.484    0.501    158.877   142.727
  161   18.709   18.681   36.467    0.503    159.870   141.758
  162   18.640   18.611   36.455    0.505    160.863   140.626
  163   18.611   18.582   36.452    0.507    161.855   140.601
  164   18.550   18.521   36.443    0.508    162.848   140.757
  165   18.510   18.481   36.438    0.510    163.840   140.795
  166   18.458   18.428   36.432    0.512    164.833   140.855
  167   18.314   18.284   36.411    0.514    165.826   140.826
  168   18.165   18.136   36.390    0.516    166.818   140.470
  169   18.070   18.040   36.375    0.517    167.811   140.146
  170   17.996   17.967   36.366    0.519    168.803   139.902
  171   17.916   17.886   36.355    0.521    169.796   139.638
  172   17.771   17.741   36.331    0.523    170.788   139.636
  173   17.517   17.488   36.293    0.524    171.781   139.769
  174   17.221   17.191   36.255    0.526    172.773   139.607
  175   17.100   17.071   36.243    0.527    173.766   138.920
  176   17.031   17.001   36.233    0.529    174.758   138.577
  177   16.963   16.933   36.226    0.531    175.751   138.515
  178   16.839   16.810   36.203    0.532    176.744   138.508
  179   16.668   16.639   36.183    0.534    177.736   138.445
  180   16.622   16.593   36.179    0.535    178.729   137.961
  181   16.565   16.535   36.169    0.537    179.721   137.902
  182   16.399   16.370   36.153    0.539    180.714   137.838
  183   16.384   16.354   36.151    0.540    181.706   137.546
  184   16.360   16.330   36.148    0.542    182.699   137.335
  185   16.268   16.238   36.138    0.543    183.691   137.318
  186   16.107   16.077   36.116    0.545    184.683   137.458
  187   15.890   15.860   36.089    0.546    185.676   137.349
  188   15.831   15.801   36.083    0.548    186.668   136.721
  189   15.806   15.776   36.080    0.549    187.661   136.365
  190   15.791   15.761   36.079    0.551    188.653   136.429
  191   15.766   15.736   36.077    0.552    189.646   136.395
  192   15.739   15.709   36.073    0.553    190.638   136.267
  193   15.722   15.691   36.071    0.555    191.631   136.176
  194   15.699   15.669   36.069    0.556    192.623   136.013
  195   15.680   15.649   36.067    0.558    193.616   135.801
  196   15.606   15.575   36.054    0.559    194.608   135.844
  197   15.446   15.415   36.033    0.561    195.600   135.862
  198   15.330   15.299   36.016    0.562    196.593   135.397
  199   15.266   15.236   36.007    0.563    197.585   133.240
  200   15.190   15.159   35.996    0.565    198.578   128.978
  201   15.128   15.097   35.987    0.566    199.570   126.745
  202   15.094   15.063   35.982    0.568    200.562   125.760
  203   15.078   15.047   35.980    0.569    201.555   124.901
  204   15.069   15.038   35.979    0.570    202.547   124.347
  205   15.067   15.036   35.979    0.572    203.540   124.285
  206   15.062   15.030   35.979    0.573    204.532   124.546
  207   15.050   15.019   35.977    0.575    205.524   124.834
  208   15.031   14.999   35.974    0.576    206.517   125.097
  209   15.020   14.988   35.973    0.577    207.509   125.230
  210   15.011   14.979   35.971    0.579    208.502   125.179
  211   15.002   14.970   35.970    0.580    209.494   124.849
  212   14.990   14.958   35.968    0.581    210.486   124.502
  213   14.986   14.954   35.967    0.583    211.479   124.318
  214   14.980   14.947   35.966    0.584    212.471   124.309
  215   14.974   14.941   35.966    0.586    213.463   124.465
  216   14.967   14.934   35.965    0.587    214.456   124.713
  217   14.962   14.929   35.964    0.588    215.448   124.942
  218   14.955   14.922   35.963    0.590    216.440   125.108
  219   14.948   14.915   35.962    0.591    217.433   125.351
  220   14.940   14.906   35.960    0.592    218.425   125.592
  221   14.909   14.876   35.956    0.594    219.417   125.822
  222   14.841   14.808   35.944    0.595    220.409   126.200
  223   14.757   14.724   35.931    0.597    221.402   126.417
  224   14.740   14.707   35.927    0.598    222.394   126.089
  225   14.720   14.686   35.924    0.599    223.386   125.605
  226   14.699   14.665   35.921    0.601    224.379   124.911
  227   14.679   14.645   35.917    0.602    225.371   124.205
  228   14.645   14.611   35.911    0.603    226.363   123.910
  229   14.616   14.581   35.907    0.605    227.355   123.794
  230   14.602   14.567   35.904    0.606    228.348   123.552
  231   14.566   14.531   35.898    0.607    229.340   123.261
  232   14.495   14.461   35.887    0.609    230.332   122.783
  233   14.474   14.439   35.884    0.610    231.325   121.986
  234   14.469   14.434   35.883    0.611    232.317   121.688
  235   14.462   14.427   35.882    0.613    233.309   121.791
  236   14.442   14.406   35.878    0.614    234.301   122.250
  237   14.395   14.359   35.872    0.615    235.293   123.367
  238   14.350   14.315   35.864    0.617    236.286   125.388
  239   14.299   14.264   35.856    0.618    237.278   127.255
  240   14.289   14.253   35.854    0.619    238.270   128.585
  241   14.250   14.214   35.847    0.621    239.262   129.336
  242   14.218   14.182   35.843    0.622    240.255   129.354
  243   14.200   14.164   35.839    0.623    241.247   128.914
  244   14.187   14.151   35.838    0.625    242.239   128.499
  245   14.171   14.135   35.835    0.626    243.231   128.362
  246   14.165   14.129   35.834    0.627    244.223   128.245
  247   14.149   14.113   35.831    0.629    245.216   128.111
  248   14.123   14.087   35.828    0.630    246.208   127.816
  249   14.121   14.084   35.827    0.631    247.200   127.573
  250   14.119   14.082   35.827    0.632    248.192   127.481
  251   14.119   14.082   35.827    0.634    249.184   127.479
  252   14.120   14.084   35.828    0.635    250.176   127.496
  253   14.113   14.076   35.827    0.636    251.169   127.530
  254   14.114   14.076   35.827    0.638    252.161   127.447
  255   14.115   14.078   35.827    0.639    253.153   127.356
  256   14.107   14.070   35.825    0.640    254.145   127.388
  257   14.092   14.055   35.822    0.642    255.137   127.435
  258   14.068   14.030   35.818    0.643    256.129   127.403
  259   14.054   14.016   35.816    0.644    257.121   127.262
  260   14.030   13.992   35.812    0.646    258.114   127.054
  261   14.014   13.976   35.809    0.647    259.106   126.970
  262   14.009   13.971   35.808    0.648    260.098   126.994
  263   14.000   13.962   35.807    0.649    261.090   127.033
  264   13.978   13.940   35.803    0.651    262.082   127.066
  265   13.954   13.915   35.798    0.652    263.074   127.010
  266   13.940   13.901   35.796    0.653    264.066   127.168
  267   13.930   13.891   35.794    0.655    265.058   127.315
  268   13.912   13.873   35.791    0.656    266.050   127.493
  269   13.899   13.860   35.789    0.657    267.042   127.678
  270   13.878   13.839   35.785    0.659    268.034   127.896
  271   13.807   13.768   35.773    0.660    269.027   128.131
  272   13.771   13.732   35.767    0.661    270.019   128.246
  273   13.754   13.715   35.765    0.662    271.011   128.448
  274   13.735   13.696   35.762    0.664    272.003   128.725
  275   13.724   13.685   35.760    0.665    272.995   128.810
  276   13.693   13.654   35.754    0.666    273.987   128.669
  277   13.663   13.624   35.750    0.668    274.979   128.511
  278   13.655   13.615   35.748    0.669    275.971   128.344
  279   13.637   13.597   35.745    0.670    276.963   128.261
  280   13.584   13.544   35.737    0.671    277.955   128.226
  281   13.549   13.509   35.732    0.673    278.947   128.016
  282   13.540   13.500   35.731    0.674    279.939   127.782
  283   13.536   13.495   35.730    0.675    280.931   127.715
  284   13.532   13.491   35.729    0.676    281.923   127.719
  285   13.519   13.479   35.727    0.678    282.915   127.705
  286   13.496   13.455   35.723    0.679    283.907   127.718
  287   13.479   13.438   35.721    0.680    284.899   127.632
  288   13.419   13.378   35.711    0.681    285.891   127.726
  289   13.337   13.297   35.699    0.683    286.883   127.718
  290   13.294   13.253   35.691    0.684    287.875   127.588
  291   13.261   13.220   35.685    0.685    288.867   127.626
  292   13.241   13.200   35.682    0.686    289.859   127.578
  293   13.231   13.190   35.681    0.688    290.851   127.497
  294   13.223   13.182   35.680    0.689    291.843   127.315
  295   13.213   13.171   35.678    0.690    292.835   127.342
  296   13.203   13.161   35.676    0.691    293.827   127.321
  297   13.189   13.148   35.674    0.693    294.819   127.335
  298   13.181   13.139   35.673    0.694    295.811   127.285
  299   13.171   13.129   35.672    0.695    296.803   127.191
  300   13.162   13.120   35.670    0.696    297.795   127.034
  301   13.150   13.107   35.668    0.698    298.786   126.977
  302   13.132   13.090   35.665    0.699    299.778   126.956
  303   13.122   13.080   35.664    0.700    300.770   126.985
  304   13.103   13.061   35.661    0.701    301.762   126.922
  305   13.094   13.051   35.659    0.703    302.754   126.755
  306   13.072   13.030   35.655    0.704    303.746   126.757
  307   13.044   13.001   35.649    0.705    304.738   126.784
  308   13.013   12.970   35.643    0.706    305.730   126.920
  309   12.967   12.924   35.636    0.708    306.722   127.161
  310   12.922   12.879   35.629    0.709    307.714   127.703
  311   12.881   12.838   35.620    0.710    308.705   128.096
  312   12.819   12.776   35.611    0.711    309.697   128.412
  313   12.806   12.763   35.608    0.713    310.689   128.532
  314   12.800   12.757   35.607    0.714    311.681   128.645
  315   12.798   12.755   35.607    0.715    312.673   128.595
  316   12.799   12.756   35.607    0.716    313.665   128.396
  317   12.794   12.750   35.607    0.717    314.657   128.363
  318   12.787   12.743   35.605    0.719    315.649   128.385
  319   12.783   12.739   35.605    0.720    316.640   128.385
  320   12.781   12.737   35.605    0.721    317.632   128.333
  321   12.779   12.735   35.604    0.722    318.624   128.263
  322   12.748   12.704   35.600    0.723    319.616   128.185
  323   12.742   12.698   35.599    0.725    320.608   128.186
  324   12.724   12.679   35.596    0.726    321.599   128.226
  325   12.728   12.684   35.597    0.727    322.591   128.131
  326   12.708   12.663   35.593    0.728    323.583   128.115
  327   12.683   12.638   35.590    0.730    324.575   128.005
  328   12.655   12.610   35.584    0.731    325.567   127.898
  329   12.642   12.597   35.582    0.732    326.558   127.858
  330   12.634   12.589   35.580    0.733    327.550   127.834
  331   12.605   12.560   35.576    0.734    328.542   127.887
  332   12.571   12.526   35.571    0.736    329.534   127.893
  333   12.563   12.517   35.570    0.737    330.526   127.689
  334   12.558   12.512   35.569    0.738    331.517   127.470
  335   12.553   12.508   35.568    0.739    332.509   127.476
  336   12.551   12.506   35.568    0.740    333.501   127.451
  337   12.536   12.490   35.565    0.742    334.493   127.457
  338   12.530   12.484   35.565    0.743    335.484   127.362
  339   12.523   12.477   35.564    0.744    336.476   127.359
  340   12.521   12.475   35.563    0.745    337.468   127.331
  341   12.520   12.474   35.563    0.747    338.460   127.325
  342   12.514   12.468   35.562    0.748    339.451   127.339
  343   12.501   12.454   35.560    0.749    340.443   127.248
  344   12.482   12.436   35.557    0.750    341.435   127.190
  345   12.468   12.421   35.555    0.751    342.427   127.116
  346   12.452   12.405   35.552    0.753    343.418   127.127
  347   12.431   12.384   35.549    0.754    344.410   127.106
  348   12.412   12.365   35.546    0.755    345.402   127.037
  349   12.399   12.352   35.544    0.756    346.393   126.980
  350   12.391   12.343   35.543    0.757    347.385   126.890
  351   12.369   12.322   35.540    0.759    348.377   126.864
  352   12.352   12.305   35.538    0.760    349.368   126.818
  353   12.346   12.298   35.537    0.761    350.360   126.674
  354   12.336   12.288   35.535    0.762    351.352   126.501
  355   12.323   12.276   35.533    0.763    352.343   126.475
  356   12.315   12.267   35.532    0.765    353.335   126.488
  357   12.308   12.260   35.531    0.766    354.327   126.504
  358   12.294   12.246   35.529    0.767    355.318   126.496
  359   12.264   12.216   35.525    0.768    356.310   126.242
  360   12.257   12.208   35.524    0.769    357.302   125.723
  361   12.240   12.192   35.522    0.770    358.293   125.390
  362   12.230   12.182   35.520    0.772    359.285   125.183
  363   12.216   12.167   35.518    0.773    360.277   125.038
  364   12.212   12.164   35.518    0.774    361.268   124.763
  365   12.210   12.161   35.517    0.775    362.260   124.438
  366   12.180   12.132   35.512    0.776    363.252   124.193
  367   12.149   12.100   35.507    0.778    364.243   124.045
  368   12.118   12.069   35.503    0.779    365.235   124.094
  369   12.099   12.050   35.500    0.780    366.226   124.116
  370   12.040   11.991   35.491    0.781    367.218   124.308
  371   11.985   11.936   35.483    0.782    368.210   124.411
  372   11.977   11.928   35.482    0.783    369.201   124.630
  373   11.957   11.908   35.479    0.785    370.193   124.918
  374   11.926   11.877   35.474    0.786    371.184   125.121
  375   11.908   11.858   35.472    0.787    372.176   125.127
  376   11.897   11.848   35.470    0.788    373.167   125.085
  377   11.885   11.835   35.468    0.789    374.159   125.018
  378   11.855   11.805   35.462    0.791    375.151   125.002
  379   11.823   11.773   35.458    0.792    376.142   124.967
  380   11.776   11.727   35.451    0.793    377.134   124.930
  381   11.748   11.699   35.447    0.794    378.125   124.837
  382   11.710   11.660   35.440    0.795    379.117   124.746
  383   11.692   11.642   35.437    0.796    380.108   124.656
  384   11.675   11.625   35.435    0.797    381.100   124.502
  385   11.665   11.616   35.434    0.799    382.091   124.313
  386   11.650   11.600   35.431    0.800    383.083   124.111
  387   11.621   11.571   35.427    0.801    384.074   123.926
  388   11.588   11.538   35.422    0.802    385.066   123.717
  389   11.572   11.521   35.421    0.803    386.057   123.388
  390   11.567   11.517   35.421    0.804    387.049   122.871
  391   11.562   11.512   35.420    0.805    388.040   122.351
  392   11.559   11.508   35.419    0.807    389.032   121.972
  393   11.551   11.500   35.418    0.808    390.023   121.765
  394   11.537   11.486   35.415    0.809    391.015   121.671
  395   11.525   11.474   35.414    0.810    392.006   121.706
  396   11.517   11.466   35.413    0.811    392.998   121.721
  397   11.515   11.464   35.412    0.812    393.989   121.775
  398   11.509   11.457   35.411    0.813    394.981   121.817
  399   11.497   11.446   35.410    0.815    395.972   121.863
  400   11.487   11.436   35.408    0.816    396.964   121.902
  401   11.471   11.419   35.405    0.817    397.955   121.932
  402   11.464   11.412   35.404    0.818    398.947   121.930
  403   11.439   11.388   35.400    0.819    399.938   122.110
  404   11.410   11.358   35.396    0.820    400.929   122.289
  405   11.385   11.333   35.392    0.821    401.921   122.430
  406   11.366   11.314   35.389    0.823    402.912   122.528
  407   11.352   11.300   35.387    0.824    403.904   122.583
  408   11.330   11.278   35.384    0.825    404.895   122.662
  409   11.315   11.263   35.381    0.826    405.887   122.599
  410   11.307   11.255   35.380    0.827    406.878   122.519
  411   11.305   11.253   35.380    0.828    407.869   122.477
  412   11.301   11.249   35.379    0.829    408.861   122.464
  413   11.299   11.247   35.379    0.831    409.852   122.394
  414   11.294   11.241   35.378    0.832    410.844   122.331
  415   11.290   11.238   35.378    0.833    411.835   122.321
  416   11.284   11.231   35.377    0.834    412.826   122.370
  417   11.275   11.222   35.376    0.835    413.818   122.353
  418   11.241   11.188   35.371    0.836    414.809   122.356
  419   11.217   11.164   35.368    0.837    415.800   122.038
  420   11.198   11.145   35.366    0.838    416.792   121.701
  421   11.183   11.130   35.364    0.840    417.783   121.242
  422   11.157   11.103   35.360    0.841    418.774   120.842
  423   11.119   11.065   35.356    0.842    419.766   120.367
  424   11.085   11.032   35.351    0.843    420.757   119.689
  425   11.026   10.973   35.342    0.844    421.748   119.029
  426   10.965   10.911   35.334    0.845    422.740   118.761
  427   10.943   10.890   35.330    0.846    423.731   118.689
  428   10.915   10.862   35.326    0.847    424.722   118.807
  429   10.891   10.838   35.323    0.848    425.714   118.910
  430   10.877   10.824   35.321    0.850    426.705   118.827
  431   10.855   10.801   35.317    0.851    427.696   118.568
  432   10.830   10.777   35.315    0.852    428.688   118.252
  433   10.799   10.746   35.310    0.853    429.679   118.154
  434   10.777   10.724   35.306    0.854    430.670   118.161
  435   10.758   10.704   35.304    0.855    431.662   118.146
  436   10.736   10.683   35.301    0.856    432.653   118.229
  437   10.718   10.665   35.298    0.857    433.644   118.313
  438   10.698   10.644   35.296    0.858    434.635   118.363
  439   10.675   10.621   35.292    0.859    435.627   118.421
  440   10.663   10.609   35.290    0.860    436.618   118.385
  441   10.630   10.576   35.285    0.862    437.609   118.436
  442   10.606   10.552   35.282    0.863    438.600   118.371
  443   10.581   10.527   35.278    0.864    439.592   118.402
  444   10.558   10.504   35.275    0.865    440.583   118.503
  445   10.533   10.479   35.271    0.866    441.574   118.700
  446   10.511   10.456   35.268    0.867    442.565   118.906
  447   10.489   10.435   35.265    0.868    443.557   119.208
  448   10.478   10.423   35.264    0.869    444.548   119.414
  449   10.468   10.414   35.262    0.870    445.539   119.579
  450   10.442   10.388   35.258    0.871    446.530   119.706
  451   10.415   10.360   35.254    0.872    447.522   119.713
  452   10.384   10.329   35.250    0.873    448.513   119.640
  453   10.363   10.308   35.248    0.875    449.504   119.483
  454   10.344   10.289   35.245    0.876    450.495   119.465
  455   10.327   10.272   35.242    0.877    451.486   119.446
  456   10.304   10.250   35.239    0.878    452.478   119.436
  457   10.276   10.221   35.235    0.879    453.469   119.433
  458   10.238   10.183   35.230    0.880    454.460   119.264
  459   10.226   10.171   35.228    0.881    455.451   119.025
  460   10.204   10.149   35.225    0.882    456.442   118.980
  461   10.196   10.141   35.224    0.883    457.433   118.985
  462   10.174   10.119   35.221    0.884    458.425   119.005
  463   10.146   10.091   35.217    0.885    459.416   118.999
  464   10.141   10.085   35.216    0.886    460.407   118.818
  465   10.137   10.081   35.216    0.887    461.398   118.642
  466   10.113   10.057   35.212    0.888    462.389   118.462
  467   10.077   10.022   35.207    0.889    463.380   118.380
  468   10.036   9.981   35.202    0.890    464.371   118.356
  469   10.014   9.959   35.199    0.891    465.363   118.366
  470   10.002   9.947   35.198    0.893    466.354   118.333
  471   9.999   9.943   35.198    0.894    467.345   118.267
  472   10.002   9.946   35.198    0.895    468.336   118.141
  473   9.967   9.912   35.194    0.896    469.327   118.085
  474   9.916   9.860   35.187    0.897    470.318   118.079
  475   9.892   9.836   35.184    0.898    471.309   118.065
  476   9.885   9.829   35.183    0.899    472.300   117.933
  477   9.858   9.802   35.180    0.900    473.291   117.828
  478   9.822   9.767   35.174    0.901    474.282   117.610
  479   9.797   9.741   35.172    0.902    475.274   117.700
  480   9.787   9.732   35.171    0.903    476.265   117.684
  481   9.780   9.724   35.170    0.904    477.256   117.690
  482   9.772   9.716   35.169    0.905    478.247   117.700
  483   9.761   9.704   35.167    0.906    479.238   117.672
  484   9.749   9.693   35.166    0.907    480.229   117.724
  485   9.736   9.679   35.164    0.908    481.220   117.750
  486   9.711   9.655   35.161    0.909    482.211   117.696
  487   9.696   9.640   35.159    0.910    483.202   117.678
  488   9.685   9.628   35.158    0.911    484.193   117.626
  489   9.674   9.618   35.156    0.912    485.184   117.644
  490   9.665   9.608   35.155    0.913    486.175   117.700
  491   9.643   9.586   35.152    0.914    487.166   117.693
  492   9.626   9.569   35.150    0.915    488.157   117.622
  493   9.619   9.562   35.149    0.916    489.148   117.619
  494   9.612   9.555   35.148    0.917    490.139   117.699
  495   9.608   9.551   35.148    0.918    491.130   117.761
  496   9.601   9.544   35.147    0.919    492.121   117.824
  497   9.590   9.533   35.145    0.920    493.112   117.817
  498   9.567   9.510   35.142    0.921    494.103   117.823
  499   9.536   9.479   35.137    0.922    495.094   117.872
  500   9.497   9.440   35.131    0.923    496.085   117.965
  501   9.404   9.347   35.121    0.924    497.076   118.142
  502   9.347   9.290   35.114    0.925    498.067   118.486
  503   9.321   9.264   35.110    0.926    499.058   119.152
  504   9.309   9.252   35.108    0.927    500.049   119.643
  505   9.302   9.245   35.107    0.928    501.040   119.932
  506   9.297   9.240   35.107    0.929    502.031   120.143
  507   9.291   9.233   35.106    0.931    503.022   120.217
  508   9.278   9.221   35.105    0.932    504.013   120.201
  509   9.265   9.207   35.103    0.933    505.004   120.128
  510   9.257   9.199   35.102    0.934    505.995   120.069
  511   9.251   9.194   35.102    0.935    506.986   120.069
  512   9.250   9.192   35.102    0.936    507.976   120.116
  513   9.249   9.191   35.102    0.937    508.967   120.158
  514   9.246   9.188   35.102    0.938    509.958   120.261
  515   9.237   9.179   35.100    0.939    510.949   120.290
  516   9.225   9.166   35.099    0.940    511.940   120.184
  517   9.223   9.165   35.099    0.941    512.931   120.134
  518   9.209   9.151   35.097    0.942    513.922   120.173
  519   9.185   9.127   35.095    0.943    514.913   120.242
  520   9.165   9.107   35.092    0.944    515.904   120.253
  521   9.142   9.084   35.090    0.945    516.895   120.318
  522   9.131   9.073   35.088    0.946    517.885   120.331
  523   9.118   9.059   35.087    0.946    518.876   120.345
  524   9.112   9.053   35.086    0.947    519.867   120.359
  525   9.090   9.032   35.083    0.948    520.858   120.422
  526   9.062   9.003   35.080    0.949    521.849   120.494
  527   9.044   8.985   35.078    0.950    522.840   120.397
  528   9.037   8.978   35.077    0.951    523.831   120.202
  529   9.026   8.967   35.076    0.952    524.821   120.019
  530   8.990   8.931   35.072    0.953    525.812   120.000
  531   8.976   8.917   35.070    0.954    526.803   119.837
  532   8.966   8.907   35.069    0.955    527.794   119.681
  533   8.940   8.881   35.065    0.956    528.785   119.619
  534   8.923   8.864   35.064    0.957    529.776   119.547
  535   8.917   8.858   35.063    0.958    530.766   119.400
  536   8.911   8.852   35.062    0.959    531.757   119.184
  537   8.899   8.840   35.061    0.960    532.748   119.075
  538   8.891   8.832   35.060    0.961    533.739   119.070
  539   8.880   8.821   35.059    0.962    534.730   119.085
  540   8.872   8.813   35.058    0.963    535.720   119.099
  541   8.861   8.801   35.057    0.964    536.711   119.034
  542   8.835   8.776   35.054    0.965    537.702   119.010
  543   8.787   8.727   35.049    0.966    538.693   119.081
  544   8.768   8.709   35.047    0.967    539.684   119.120
  545   8.740   8.680   35.043    0.968    540.674   119.240
  546   8.705   8.646   35.040    0.969    541.665   119.396
  547   8.681   8.621   35.037    0.970    542.656   119.496
  548   8.680   8.621   35.037    0.971    543.647   119.431
  549   8.669   8.610   35.036    0.972    544.637   119.437
  550   8.660   8.601   35.035    0.973    545.628   119.432
  551   8.654   8.595   35.035    0.974    546.619   119.493
  552   8.652   8.592   35.034    0.975    547.610   119.501
  553   8.648   8.588   35.034    0.976    548.600   119.568
  554   8.644   8.584   35.034    0.977    549.591   119.586
  555   8.643   8.583   35.034    0.978    550.582   119.563
  556   8.636   8.576   35.033    0.979    551.572   119.555
  557   8.634   8.573   35.033    0.980    552.563   119.591
  558   8.627   8.566   35.032    0.981    553.554   119.678
  559   8.618   8.558   35.031    0.982    554.544   119.676
  560   8.603   8.543   35.029    0.983    555.535   119.675
  561   8.554   8.494   35.024    0.983    556.526   119.733
  562   8.543   8.483   35.023    0.984    557.517   119.718
  563   8.535   8.474   35.022    0.985    558.507   119.819
  564   8.528   8.467   35.021    0.986    559.498   119.941
  565   8.517   8.456   35.020    0.987    560.489   120.035
  566   8.508   8.447   35.019    0.988    561.479   120.048
  567   8.499   8.438   35.018    0.989    562.470   120.146
  568   8.495   8.434   35.018    0.990    563.461   120.195
  569   8.489   8.428   35.017    0.991    564.451   120.230
  570   8.489   8.428   35.017    0.992    565.442   120.159
  571   8.489   8.428   35.018    0.993    566.433   120.108
  572   8.486   8.425   35.017    0.994    567.423   120.143
  573   8.477   8.415   35.016    0.995    568.414   120.176
  574   8.475   8.413   35.016    0.996    569.404   120.234
  575   8.475   8.413   35.016    0.997    570.395   120.251
  576   8.463   8.401   35.015    0.998    571.386   120.321
  577   8.437   8.375   35.012    0.999    572.376   120.373
  578   8.415   8.354   35.010    1.000    573.367   120.402
  579   8.404   8.342   35.008    1.001    574.357   120.442
  580   8.397   8.336   35.008    1.002    575.348   120.487
  581   8.382   8.320   35.006    1.003    576.339   120.561
  582   8.370   8.308   35.005    1.003    577.329   120.553
  583   8.339   8.278   35.002    1.004    578.320   120.628
  584   8.317   8.255   35.000    1.005    579.310   120.642
  585   8.303   8.241   34.999    1.006    580.301   120.689
  586   8.273   8.211   34.995    1.007    581.292   120.830
  587   8.227   8.165   34.991    1.008    582.282   120.957
  588   8.224   8.162   34.991    1.009    583.273   120.973
  589   8.218   8.156   34.990    1.010    584.263   121.129
  590   8.205   8.143   34.989    1.011    585.254   121.337
  591   8.178   8.116   34.986    1.012    586.244   121.497
  592   8.170   8.108   34.985    1.013    587.235   121.544
  593   8.158   8.095   34.984    1.014    588.225   121.762
  594   8.151   8.089   34.983    1.015    589.216   122.012
  595   8.148   8.085   34.983    1.016    590.207   122.247
  596   8.141   8.078   34.982    1.017    591.197   122.463
  597   8.131   8.069   34.981    1.017    592.188   122.594
  598   8.109   8.046   34.979    1.018    593.178   122.699
  599   8.109   8.046   34.979    1.019    594.169   122.811
  600   8.107   8.045   34.979    1.020    595.159   122.901
  601   8.099   8.036   34.978    1.021    596.150   122.976
  602   8.084   8.021   34.977    1.022    597.140   123.103
  603   8.064   8.001   34.975    1.023    598.131   123.175
  604   8.052   7.989   34.974    1.024    599.121   123.197
  605   8.046   7.983   34.974    1.025    600.112   123.178
  606   8.040   7.977   34.973    1.026    601.102   123.151
  607   8.036   7.973   34.973    1.027    602.092   123.030
  608   8.032   7.969   34.973    1.028    603.083   123.003
  609   7.996   7.933   34.969    1.029    604.073   123.078
  610   7.925   7.862   34.963    1.029    605.064   123.173
  611   7.887   7.824   34.960    1.030    606.054   123.171
  612   7.857   7.794   34.957    1.031    607.045   123.338
  613   7.836   7.773   34.955    1.032    608.035   123.729
  614   7.828   7.765   34.955    1.033    609.026   124.140
  615   7.818   7.755   34.955    1.034    610.016   124.537
  616   7.812   7.749   34.957    1.035    611.007   124.708
  617   7.806   7.743   34.957    1.036    611.997   124.520
  618   7.798   7.734   34.957    1.037    612.987   124.110
  619   7.795   7.732   34.957    1.038    613.978   123.781
  620   7.793   7.729   34.957    1.038    614.968   123.500
  621   7.781   7.718   34.956    1.039    615.959   123.417
  622   7.755   7.691   34.954    1.040    616.949   123.445
  623   7.735   7.672   34.952    1.041    617.939   123.419
  624   7.729   7.665   34.951    1.042    618.930   123.470
  625   7.706   7.642   34.948    1.043    619.920   123.644
  626   7.666   7.602   34.944    1.044    620.911   123.993
  627   7.643   7.580   34.943    1.045    621.901   124.383
  628   7.634   7.570   34.942    1.046    622.891   124.744
  629   7.628   7.564   34.941    1.047    623.882   125.090
  630   7.610   7.547   34.940    1.047    624.872   125.400
  631   7.598   7.534   34.939    1.048    625.862   125.555
  632   7.595   7.531   34.939    1.049    626.853   125.715
  633   7.592   7.528   34.939    1.050    627.843   125.869
  634   7.577   7.513   34.937    1.051    628.833   126.007
  635   7.554   7.490   34.936    1.052    629.824   126.065
  636   7.522   7.458   34.933    1.053    630.814   126.135
  637   7.488   7.424   34.931    1.054    631.804   126.213
  638   7.463   7.399   34.929    1.054    632.795   126.406
  639   7.442   7.378   34.928    1.055    633.785   126.796
  640   7.417   7.353   34.926    1.056    634.775   127.251
  641   7.397   7.333   34.925    1.057    635.766   127.432
  642   7.388   7.325   34.925    1.058    636.756   127.618
  643   7.375   7.311   34.925    1.059    637.746   127.784
  644   7.368   7.304   34.925    1.060    638.737   127.930
  645   7.363   7.299   34.925    1.060    639.727   128.001
  646   7.356   7.291   34.925    1.061    640.717   128.071
  647   7.340   7.276   34.924    1.062    641.707   128.127
  648   7.326   7.261   34.923    1.063    642.698   128.176
  649   7.310   7.246   34.922    1.064    643.688   128.326
  650   7.290   7.226   34.921    1.065    644.678   128.488
  651   7.283   7.219   34.922    1.066    645.669   128.678
  652   7.282   7.218   34.923    1.066    646.659   128.763
  653   7.281   7.217   34.923    1.067    647.649   128.798
  654   7.278   7.213   34.923    1.068    648.639   128.753
  655   7.270   7.206   34.923    1.069    649.630   128.718
  656   7.268   7.203   34.924    1.070    650.620   128.653
  657   7.264   7.199   34.925    1.071    651.610   128.549
  658   7.262   7.197   34.925    1.072    652.600   128.428
  659   7.262   7.197   34.927    1.072    653.591   128.298
  660   7.261   7.196   34.928    1.073    654.581   128.142
  661   7.258   7.193   34.928    1.074    655.571   128.036
  662   7.249   7.183   34.928    1.075    656.561   127.944
  663   7.241   7.176   34.928    1.076    657.551   127.795
  664   7.231   7.166   34.927    1.077    658.542   127.777
  665   7.219   7.154   34.927    1.078    659.532   127.799
  666   7.212   7.146   34.927    1.078    660.522   127.797
  667   7.194   7.129   34.926    1.079    661.512   127.916
  668   7.158   7.092   34.924    1.080    662.502   128.221
  669   7.153   7.087   34.925    1.081    663.493   128.500
  670   7.151   7.085   34.925    1.082    664.483   128.751
  671   7.147   7.081   34.926    1.083    665.473   129.025
  672   7.131   7.065   34.927    1.083    666.463   129.382
  673   7.118   7.052   34.927    1.084    667.453   129.911
  674   7.118   7.053   34.927    1.085    668.443   130.254
  675   7.118   7.052   34.927    1.086    669.433   130.541
  676   7.115   7.049   34.927    1.087    670.424   130.825
  677   7.113   7.047   34.927    1.088    671.414   131.032
  678   7.114   7.048   34.927    1.088    672.404   131.084
  679   7.113   7.047   34.927    1.089    673.394   131.032
  680   7.107   7.041   34.927    1.090    674.384   131.018
  681   7.096   7.029   34.927    1.091    675.374   131.014
  682   7.093   7.027   34.927    1.092    676.364   131.077
  683   7.092   7.026   34.928    1.092    677.355   131.251
  684   7.092   7.026   34.928    1.093    678.345   131.391
  685   7.083   7.016   34.929    1.094    679.335   131.435
  686   7.075   7.008   34.929    1.095    680.325   131.488
  687   7.074   7.007   34.929    1.096    681.315   131.541
  688   7.072   7.005   34.929    1.097    682.305   131.641
  689   7.072   7.005   34.929    1.097    683.295   131.762
  690   7.072   7.005   34.929    1.098    684.285   131.794
  691   7.071   7.003   34.929    1.099    685.275   131.793
  692   7.071   7.004   34.929    1.100    686.265   131.815
  693   7.071   7.003   34.929    1.101    687.255   131.818
  694   7.071   7.003   34.929    1.102    688.245   131.861
  695   7.071   7.003   34.929    1.102    689.235   131.849
  696   7.070   7.003   34.929    1.103    690.226   131.861
  697   7.070   7.002   34.929    1.104    691.216   131.842
  698   7.071   7.003   34.929    1.105    692.206   131.836
  699   7.070   7.002   34.929    1.106    693.196   131.875
  700   7.070   7.002   34.929    1.106    694.186   131.897
  701   7.067   6.999   34.928    1.107    695.176   131.912
  702   7.066   6.997   34.928    1.108    696.166   131.893
  703   7.065   6.996   34.928    1.109    697.156   131.902
  704   7.064   6.995   34.928    1.110    698.146   131.936
  705   7.059   6.991   34.927    1.111    699.136   131.948
  706   7.047   6.979   34.926    1.111    700.126   131.953
  707   7.042   6.973   34.926    1.112    701.116   131.988
  708   7.037   6.968   34.925    1.113    702.106   132.083
  709   7.012   6.943   34.923    1.114    703.096   132.177
  710   6.987   6.919   34.921    1.115    704.086   132.256
  711   6.959   6.891   34.919    1.116    705.076   132.373
  712   6.950   6.882   34.919    1.116    706.066   132.634
  713   6.953   6.884   34.919    1.117    707.056   133.014
  714   6.929   6.860   34.918    1.118    708.046   133.394
  715   6.898   6.829   34.917    1.119    709.036   133.525
  716   6.853   6.784   34.916    1.120    710.026   133.700
  717   6.805   6.737   34.913    1.120    711.016   133.878
  718   6.774   6.705   34.911    1.121    712.005   134.323
  719   6.750   6.681   34.910    1.122    712.995   135.024
  720   6.729   6.661   34.909    1.123    713.985   135.626
  721   6.706   6.638   34.909    1.124    714.975   136.033
  722   6.699   6.630   34.908    1.124    715.965   136.363
  723   6.673   6.604   34.908    1.125    716.955   136.660
  724   6.655   6.587   34.908    1.126    717.945   136.857
  725   6.649   6.581   34.908    1.127    718.935   137.073
  726   6.634   6.566   34.909    1.127    719.925   137.326
  727   6.623   6.555   34.909    1.128    720.915   137.575
  728   6.613   6.544   34.910    1.129    721.905   137.872
  729   6.599   6.530   34.912    1.130    722.895   138.104
  730   6.588   6.519   34.912    1.131    723.884   138.304
  731   6.574   6.505   34.912    1.131    724.874   138.617
  732   6.556   6.488   34.913    1.132    725.864   138.899
  733   6.546   6.477   34.913    1.133    726.854   139.328
  734   6.532   6.464   34.912    1.134    727.844   139.702
  735   6.519   6.450   34.912    1.134    728.834   139.916
  736   6.468   6.400   34.911    1.135    729.824   140.190
  737   6.446   6.378   34.910    1.136    730.814   140.365
  738   6.397   6.328   34.909    1.137    731.803   140.977
  739   6.377   6.309   34.909    1.137    732.793   141.489
  740   6.361   6.292   34.909    1.138    733.783   141.959
  741   6.345   6.276   34.909    1.139    734.773   142.391
  742   6.339   6.271   34.909    1.140    735.763   142.796
  743   6.333   6.265   34.909    1.140    736.753   143.249
  744   6.327   6.258   34.909    1.141    737.742   143.498
  745   6.283   6.215   34.909    1.142    738.732   143.717
  746   6.282   6.213   34.909    1.143    739.722   143.721
  747   6.280   6.212   34.909    1.143    740.712   143.878
  748   6.280   6.211   34.909    1.144    741.702   144.303
  749   6.274   6.205   34.909    1.145    742.691   144.595
  750   6.268   6.199   34.909    1.146    743.681   144.676
  751   6.264   6.195   34.909    1.146    744.671   144.760
  752   6.257   6.188   34.909    1.147    745.661   144.856
  753   6.243   6.174   34.909    1.148    746.651   144.949
  754   6.217   6.148   34.908    1.148    747.640   145.079
  755   6.203   6.134   34.909    1.149    748.630   145.345
  756   6.203   6.134   34.909    1.150    749.620   145.626
  757   6.205   6.136   34.909    1.151    750.610   145.898
  758   6.205   6.135   34.909    1.151    751.599   146.025
  759   6.206   6.136   34.909    1.152    752.589   146.117
  760   6.203   6.133   34.909    1.153    753.579   146.141
  761   6.208   6.138   34.909    1.154    754.569   146.162
  762   6.210   6.141   34.909    1.154    755.558   146.181
  763   6.212   6.142   34.909    1.155    756.548   146.147
  764   6.212   6.142   34.909    1.156    757.538   146.047
  765   6.210   6.140   34.909    1.156    758.528   145.974
  766   6.208   6.138   34.909    1.157    759.517   145.973
  767   6.207   6.137   34.909    1.158    760.507   145.973
  768   6.206   6.136   34.909    1.159    761.497   146.045
  769   6.212   6.142   34.909    1.159    762.487   146.097
  770   6.215   6.145   34.909    1.160    763.476   146.092
  771   6.215   6.144   34.909    1.161    764.466   146.062
  772   6.214   6.143   34.909    1.161    765.456   146.049
  773   6.209   6.139   34.909    1.162    766.445   146.038
  774   6.194   6.124   34.909    1.163    767.435   146.057
  775   6.191   6.120   34.909    1.164    768.425   146.100
  776   6.185   6.114   34.909    1.164    769.414   146.158
  777   6.173   6.102   34.909    1.165    770.404   146.283
  778   6.165   6.094   34.909    1.166    771.394   146.424
  779   6.152   6.081   34.908    1.167    772.383   146.593
  780   6.145   6.074   34.909    1.167    773.373   146.755
  781   6.140   6.069   34.908    1.168    774.363   146.929
  782   6.136   6.065   34.908    1.169    775.352   147.130
  783   6.133   6.062   34.908    1.169    776.342   147.314
  784   6.132   6.061   34.908    1.170    777.332   147.422
  785   6.132   6.060   34.908    1.171    778.321   147.474
  786   6.131   6.060   34.909    1.172    779.311   147.460
  787   6.131   6.059   34.909    1.172    780.300   147.474
  788   6.125   6.053   34.908    1.173    781.290   147.550
  789   6.121   6.049   34.908    1.174    782.280   147.589
  790   6.121   6.049   34.908    1.174    783.269   147.613
  791   6.108   6.036   34.908    1.175    784.259   147.664
  792   6.092   6.020   34.908    1.176    785.248   147.665
  793   6.084   6.012   34.909    1.177    786.238   147.725
  794   6.081   6.009   34.908    1.177    787.228   147.894
  795   6.076   6.004   34.908    1.178    788.217   148.138
  796   6.075   6.002   34.908    1.179    789.207   148.330
  797   6.072   6.000   34.909    1.179    790.196   148.464
  798   6.065   5.993   34.909    1.180    791.186   148.613
  799   6.056   5.984   34.909    1.181    792.176   148.656
  800   6.055   5.982   34.909    1.182    793.165   148.705
  801   6.044   5.971   34.909    1.182    794.155   148.807
  802   6.036   5.963   34.909    1.183    795.144   148.949
  803   6.035   5.963   34.909    1.184    796.134   149.068
  804   6.035   5.962   34.909    1.184    797.123   149.218
  805   6.035   5.962   34.909    1.185    798.113   149.332
  806   6.034   5.961   34.909    1.186    799.102   149.471
  807   6.032   5.959   34.909    1.187    800.092   149.506
  808   6.028   5.955   34.909    1.187    801.081   149.514
  809   6.025   5.952   34.909    1.188    802.071   149.616
  810   6.021   5.947   34.909    1.189    803.060   149.635
  811   6.015   5.942   34.909    1.189    804.050   149.705
  812   6.014   5.941   34.909    1.190    805.039   149.765
  813   6.011   5.938   34.909    1.191    806.029   149.891
  814   6.008   5.934   34.910    1.191    807.018   149.911
  815   6.001   5.928   34.910    1.192    808.008   150.020
  816   5.998   5.925   34.910    1.193    808.997   150.092
  817   5.993   5.920   34.910    1.194    809.987   150.191
  818   5.991   5.917   34.909    1.194    810.976   150.384
  819   5.989   5.915   34.910    1.195    811.966   150.414
  820   5.989   5.915   34.910    1.196    812.955   150.424
  821   5.988   5.914   34.910    1.196    813.945   150.435
  822   5.989   5.915   34.910    1.197    814.934   150.479
  823   5.989   5.914   34.910    1.198    815.924   150.597
  824   5.988   5.914   34.910    1.199    816.913   150.583
  825   5.989   5.914   34.910    1.199    817.903   150.575
  826   5.989   5.914   34.910    1.200    818.892   150.519
  827   5.988   5.913   34.910    1.201    819.881   150.516
  828   5.988   5.914   34.910    1.201    820.871   150.557
  829   5.989   5.914   34.910    1.202    821.860   150.614
  830   5.987   5.912   34.910    1.203    822.850   150.605
  831   5.988   5.913   34.910    1.203    823.839   150.587
  832   5.985   5.910   34.910    1.204    824.829   150.613
  833   5.983   5.908   34.910    1.205    825.818   150.665
  834   5.977   5.902   34.910    1.206    826.807   150.716
  835   5.977   5.902   34.910    1.206    827.797   150.719
  836   5.977   5.901   34.910    1.207    828.786   150.735
  837   5.977   5.901   34.910    1.208    829.776   150.774
  838   5.977   5.902   34.910    1.208    830.765   150.809
  839   5.978   5.902   34.910    1.209    831.754   150.815
  840   5.977   5.901   34.910    1.210    832.744   150.829
  841   5.979   5.903   34.910    1.210    833.733   150.861
  842   5.980   5.904   34.910    1.211    834.722   150.890
  843   5.980   5.904   34.910    1.212    835.712   150.894
  844   5.979   5.902   34.910    1.213    836.701   150.871
  845   5.976   5.900   34.910    1.213    837.690   150.883
  846   5.973   5.897   34.910    1.214    838.680   150.886
  847   5.969   5.893   34.910    1.215    839.669   150.877
  848   5.963   5.886   34.910    1.215    840.658   150.943
  849   5.961   5.884   34.910    1.216    841.648   151.051
  850   5.959   5.882   34.910    1.217    842.637   151.090
  851   5.958   5.881   34.910    1.217    843.626   151.209
  852   5.958   5.881   34.910    1.218    844.616   151.292
  853   5.957   5.880   34.910    1.219    845.605   151.327
  854   5.957   5.880   34.910    1.220    846.594   151.262
  855   5.950   5.873   34.910    1.220    847.584   151.297
  856   5.940   5.863   34.910    1.221    848.573   151.337
  857   5.938   5.861   34.910    1.222    849.562   151.427
  858   5.938   5.860   34.910    1.222    850.552   151.485
  859   5.937   5.860   34.910    1.223    851.541   151.594
  860   5.937   5.859   34.910    1.224    852.530   151.716
  861   5.937   5.859   34.910    1.225    853.519   151.810
  862   5.935   5.857   34.910    1.225    854.509   151.814
  863   5.933   5.855   34.910    1.226    855.498   151.785
  864   5.932   5.855   34.910    1.227    856.487   151.825
  865   5.933   5.855   34.910    1.227    857.476   151.874
  866   5.931   5.853   34.910    1.228    858.466   151.890
  867   5.931   5.853   34.910    1.229    859.455   151.945
  868   5.931   5.853   34.910    1.229    860.444   151.967
  869   5.930   5.852   34.910    1.230    861.433   151.975
  870   5.922   5.844   34.910    1.231    862.423   151.953
  871   5.912   5.833   34.910    1.232    863.412   152.001
  872   5.908   5.830   34.910    1.232    864.401   151.960
  873   5.907   5.829   34.910    1.233    865.390   152.106
  874   5.908   5.829   34.910    1.234    866.380   152.365
  875   5.895   5.817   34.910    1.234    867.369   152.439
  876   5.891   5.812   34.910    1.235    868.358   152.473
  877   5.885   5.806   34.911    1.236    869.347   152.485
  878   5.880   5.801   34.911    1.236    870.336   152.595
  879   5.881   5.802   34.910    1.237    871.326   152.761
  880   5.875   5.796   34.910    1.238    872.315   153.065
  881   5.878   5.799   34.911    1.238    873.304   153.161
  882   5.880   5.801   34.911    1.239    874.293   153.171
  883   5.881   5.802   34.911    1.240    875.282   153.246
  884   5.882   5.803   34.911    1.241    876.271   153.243
  885   5.875   5.795   34.911    1.241    877.261   153.277
  886   5.852   5.773   34.911    1.242    878.250   153.210
  887   5.852   5.772   34.910    1.243    879.239   153.393
  888   5.814   5.734   34.911    1.243    880.228   153.554
  889   5.789   5.710   34.912    1.244    881.217   153.760
  890   5.781   5.702   34.912    1.245    882.206   153.848
  891   5.778   5.698   34.912    1.245    883.195   154.245
  892   5.776   5.696   34.912    1.246    884.185   155.104
  893   5.777   5.697   34.912    1.247    885.174   155.503
  894   5.775   5.696   34.912    1.247    886.163   155.558
  895   5.776   5.696   34.912    1.248    887.152   155.667
  896   5.776   5.696   34.912    1.249    888.141   155.684
  897   5.774   5.694   34.912    1.249    889.130   155.740
  898   5.772   5.692   34.912    1.250    890.119   155.764
  899   5.772   5.692   34.912    1.251    891.108   155.797
  900   5.772   5.691   34.912    1.251    892.097   155.828
  901   5.770   5.690   34.912    1.252    893.086   155.855
  902   5.770   5.689   34.912    1.253    894.076   155.913
  903   5.770   5.689   34.912    1.254    895.065   155.937
  904   5.771   5.690   34.912    1.254    896.054   155.934
  905   5.772   5.692   34.912    1.255    897.043   155.870
  906   5.771   5.690   34.912    1.256    898.032   155.863
  907   5.769   5.688   34.913    1.256    899.021   155.884
  908   5.769   5.688   34.912    1.257    900.010   155.909
  909   5.769   5.688   34.912    1.258    900.999   155.940
  910   5.769   5.688   34.913    1.258    901.988   155.949
  911   5.769   5.688   34.913    1.259    902.977   155.914
  912   5.768   5.687   34.912    1.260    903.966   155.893
  913   5.768   5.687   34.913    1.260    904.955   155.911
  914   5.769   5.687   34.913    1.261    905.944   156.001
  915   5.769   5.687   34.913    1.262    906.933   156.014
  916   5.769   5.687   34.913    1.262    907.922   156.033
  917   5.769   5.687   34.913    1.263    908.911   156.003
  918   5.763   5.681   34.913    1.264    909.900   156.006
  919   5.757   5.676   34.913    1.264    910.889   156.007
  920   5.757   5.675   34.913    1.265    911.878   156.017
  921   5.747   5.665   34.913    1.266    912.867   156.113
  922   5.726   5.644   34.914    1.266    913.856   156.254
  923   5.723   5.641   34.914    1.267    914.845   156.321
  924   5.722   5.640   34.914    1.268    915.834   156.577
  925   5.721   5.639   34.914    1.269    916.823   156.940
  926   5.722   5.639   34.914    1.269    917.812   157.080
  927   5.718   5.635   34.914    1.270    918.801   157.201
  928   5.714   5.632   34.914    1.271    919.790   157.221
  929   5.707   5.624   34.914    1.271    920.779   157.256
  930   5.693   5.610   34.914    1.272    921.768   157.325
  931   5.686   5.604   34.915    1.273    922.757   157.519
  932   5.680   5.597   34.915    1.273    923.746   157.690
  933   5.675   5.592   34.915    1.274    924.735   157.868
  934   5.662   5.580   34.915    1.275    925.724   157.983
  935   5.642   5.560   34.916    1.275    926.713   158.172
  936   5.626   5.543   34.916    1.276    927.702   158.494
  937   5.621   5.538   34.916    1.277    928.690   158.825
  938   5.608   5.526   34.917    1.277    929.679   159.141
  939   5.600   5.517   34.917    1.278    930.668   159.420
  940   5.588   5.505   34.917    1.279    931.657   159.759
  941   5.582   5.499   34.917    1.279    932.646   160.047
  942   5.584   5.501   34.917    1.280    933.635   160.385
  943   5.586   5.503   34.917    1.281    934.624   160.607
  944   5.588   5.505   34.918    1.281    935.613   160.671
  945   5.587   5.504   34.917    1.282    936.602   160.886
  946   5.587   5.504   34.918    1.282    937.590   160.769
  947   5.583   5.500   34.917    1.283    938.579   160.755
  948   5.577   5.493   34.918    1.284    939.568   160.897
  949   5.580   5.496   34.918    1.284    940.557   160.966
  950   5.587   5.503   34.918    1.285    941.546   160.820
