 station cast   lat    long    jday   mo/da/yr   gmt
  40      1   27.911 -90.002   268    09/25/21  2321 
 
    File created by Jay Hooper - 13-Dec-2021   
            GOMECC4 Cruise Sep 2021 
             NOAA Ship Ronald H Brown
                  
 
     Primary (T,S,O) sensors - Calibrated CTD data   

   pr       te       th       sa       ht       ga       ox
dbars    deg c    deg c      psu  dyn. cm    gamma  umol/kg
    1   28.517   28.517   36.241    0.005    0.993   195.845
    2   28.517   28.517   36.241    0.009    1.987   195.871
    3   28.517   28.517   36.240    0.014    2.980   195.898
    4   28.517   28.517   36.240    0.019    3.973   195.925
    5   28.517   28.516   36.240    0.024    4.967   195.888
    6   28.519   28.518   36.240    0.028    5.960   195.967
    7   28.521   28.519   36.241    0.033    6.953   196.165
    8   28.522   28.520   36.241    0.038    7.947   196.444
    9   28.524   28.522   36.241    0.042    8.940   196.432
   10   28.523   28.521   36.241    0.047    9.933   195.911
   11   28.525   28.522   36.241    0.052    10.927   196.349
   12   28.525   28.523   36.241    0.057    11.920   196.486
   13   28.526   28.523   36.241    0.061    12.913   196.336
   14   28.527   28.524   36.240    0.066    13.907   196.260
   15   28.528   28.524   36.240    0.071    14.900   196.100
   16   28.526   28.522   36.242    0.075    15.893   196.279
   17   28.525   28.521   36.241    0.080    16.886   196.484
   18   28.524   28.520   36.241    0.085    17.880   196.289
   19   28.526   28.521   36.244    0.090    18.873   196.295
   20   28.526   28.522   36.245    0.094    19.866   196.269
   21   28.526   28.521   36.248    0.099    20.859   196.456
   22   28.523   28.518   36.255    0.104    21.853   196.331
   23   28.519   28.514   36.261    0.108    22.846   196.131
   24   28.514   28.508   36.266    0.113    23.839   196.437
   25   28.509   28.503   36.267    0.118    24.832   196.113
   26   28.509   28.503   36.267    0.122    25.826   195.967
   27   28.508   28.501   36.268    0.127    26.819   196.060
   28   28.503   28.496   36.269    0.132    27.812   196.205
   29   28.492   28.485   36.269    0.136    28.805   196.605
   30   28.384   28.377   36.275    0.141    29.799   196.676
   31   28.067   28.059   36.324    0.146    30.792   198.079
   32   27.860   27.853   36.362    0.150    31.785   201.182
   33   27.400   27.392   36.445    0.154    32.778   201.940
   34   27.274   27.266   36.463    0.158    33.771   202.831
   35   27.054   27.046   36.482    0.163    34.765   202.292
   36   26.794   26.786   36.490    0.167    35.758   200.563
   37   26.607   26.599   36.500    0.171    36.751   199.581
   38   26.466   26.457   36.507    0.174    37.744   199.998
   39   26.384   26.375   36.525    0.178    38.737   200.979
   40   26.301   26.292   36.583    0.182    39.730   199.158
   41   26.246   26.236   36.592    0.186    40.724   194.595
   42   26.187   26.177   36.600    0.190    41.717   193.738
   43   26.139   26.129   36.616    0.193    42.710   193.763
   44   25.964   25.955   36.628    0.197    43.703   192.646
   45   25.812   25.802   36.628    0.201    44.696   192.396
   46   25.723   25.713   36.626    0.204    45.689   194.195
   47   25.647   25.637   36.623    0.208    46.682   194.274
   48   25.528   25.517   36.620    0.211    47.676   194.621
   49   25.286   25.276   36.609    0.215    48.669   195.466
   50   25.074   25.063   36.614    0.218    49.662   195.599
   51   24.952   24.941   36.630    0.221    50.655   194.240
   52   24.859   24.848   36.651    0.225    51.648   191.327
   53   24.682   24.670   36.658    0.228    52.641   187.030
   54   24.499   24.487   36.641    0.231    53.634   182.294
   55   24.291   24.279   36.618    0.234    54.627   180.365
   56   24.085   24.073   36.599    0.238    55.620   180.395
   57   23.874   23.862   36.570    0.241    56.613   180.699
   58   23.546   23.534   36.545    0.244    57.607   181.249
   59   23.361   23.349   36.514    0.247    58.600   181.419
   60   23.165   23.152   36.483    0.250    59.593   183.502
   61   22.954   22.941   36.444    0.253    60.586   185.187
   62   22.838   22.825   36.427    0.256    61.579   185.105
   63   22.719   22.706   36.402    0.258    62.572   185.411
   64   22.585   22.572   36.377    0.261    63.565   186.462
   65   22.530   22.517   36.364    0.264    64.558   187.892
   66   22.406   22.393   36.354    0.267    65.551   188.473
   67   22.350   22.337   36.363    0.270    66.544   186.942
   68   22.369   22.355   36.382    0.273    67.537   185.006
   69   22.194   22.181   36.367    0.275    68.530   183.462
   70   21.896   21.882   36.327    0.278    69.523   180.933
   71   21.841   21.827   36.326    0.281    70.516   179.590
   72   21.830   21.815   36.366    0.284    71.509   179.641
   73   21.937   21.923   36.451    0.286    72.502   177.321
   74   21.961   21.946   36.470    0.289    73.495   171.441
   75   21.945   21.930   36.471    0.292    74.488   167.655
   76   21.928   21.913   36.477    0.294    75.481   167.805
   77   21.859   21.844   36.479    0.297    76.474   168.512
   78   21.845   21.830   36.527    0.299    77.467   167.145
   79   21.936   21.920   36.574    0.302    78.460   163.493
   80   22.031   22.015   36.627    0.304    79.453   159.973
   81   22.107   22.091   36.700    0.307    80.446   158.073
   82   22.088   22.072   36.717    0.309    81.439   156.319
   83   22.071   22.055   36.727    0.312    82.432   154.675
   84   22.081   22.065   36.745    0.314    83.425   154.656
   85   22.038   22.021   36.742    0.317    84.418   155.143
   86   21.984   21.967   36.743    0.319    85.411   154.858
   87   21.794   21.777   36.714    0.322    86.404   153.996
   88   21.628   21.611   36.691    0.324    87.397   152.784
   89   21.497   21.480   36.658    0.327    88.390   151.212
   90   21.337   21.319   36.616    0.329    89.383   149.849
   91   21.090   21.072   36.563    0.331    90.375   148.994
   92   21.014   20.996   36.551    0.334    91.368   147.473
   93   20.961   20.943   36.544    0.336    92.361   145.942
   94   20.958   20.940   36.568    0.338    93.354   144.903
   95   20.911   20.893   36.596    0.341    94.347   144.644
   96   20.848   20.830   36.597    0.343    95.340   144.077
   97   20.850   20.831   36.602    0.345    96.333   143.076
   98   20.862   20.843   36.611    0.347    97.326   142.544
   99   20.750   20.731   36.602    0.350    98.319   142.404
  100   20.649   20.630   36.587    0.352    99.312   140.983
  101   20.588   20.568   36.577    0.354    100.304   138.796
  102   20.579   20.559   36.586    0.356    101.297   137.396
  103   20.598   20.578   36.605    0.359    102.290   137.024
  104   20.577   20.557   36.609    0.361    103.283   137.183
  105   20.556   20.536   36.613    0.363    104.276   137.033
  106   20.553   20.532   36.622    0.365    105.269   136.700
  107   20.498   20.477   36.617    0.367    106.262   137.034
  108   20.387   20.366   36.605    0.369    107.254   137.067
  109   20.241   20.220   36.597    0.372    108.247   136.301
  110   20.180   20.159   36.611    0.374    109.240   135.923
  111   20.144   20.123   36.608    0.376    110.233   137.435
  112   20.115   20.094   36.604    0.378    111.226   138.165
  113   20.053   20.032   36.597    0.380    112.219   137.689
  114   20.010   19.988   36.595    0.382    113.211   136.418
  115   19.943   19.922   36.592    0.384    114.204   134.900
  116   19.810   19.788   36.585    0.386    115.197   133.883
  117   19.775   19.754   36.596    0.388    116.190   132.600
  118   19.822   19.800   36.641    0.390    117.183   134.147
  119   19.829   19.807   36.653    0.392    118.175   142.925
  120   19.815   19.793   36.652    0.394    119.168   149.960
  121   19.754   19.731   36.642    0.396    120.161   151.898
  122   19.661   19.639   36.629    0.398    121.154   149.913
  123   19.539   19.517   36.611    0.400    122.146   148.027
  124   19.468   19.445   36.603    0.402    123.139   146.674
  125   19.403   19.381   36.595    0.404    124.132   145.703
  126   19.364   19.341   36.593    0.405    125.125   144.971
  127   19.323   19.299   36.586    0.407    126.117   145.030
  128   19.218   19.195   36.568    0.409    127.110   144.785
  129   19.116   19.092   36.557    0.411    128.103   142.619
  130   19.012   18.989   36.542    0.413    129.096   140.247
  131   18.944   18.921   36.535    0.415    130.088   138.675
  132   18.913   18.889   36.536    0.417    131.081   138.089
  133   18.888   18.864   36.536    0.418    132.074   139.608
  134   18.856   18.832   36.538    0.420    133.067   141.476
  135   18.729   18.705   36.527    0.422    134.059   144.402
  136   18.685   18.660   36.523    0.424    135.052   147.360
  137   18.663   18.638   36.522    0.426    136.045   148.217
  138   18.646   18.622   36.527    0.427    137.037   148.246
  139   18.596   18.571   36.532    0.429    138.030   149.824
  140   18.561   18.536   36.534    0.431    139.023   154.307
  141   18.511   18.486   36.529    0.433    140.015   157.565
  142   18.465   18.440   36.525    0.434    141.008   158.388
  143   18.419   18.394   36.522    0.436    142.001   158.063
  144   18.414   18.389   36.522    0.438    142.993   157.946
  145   18.404   18.378   36.520    0.440    143.986   157.952
  146   18.344   18.318   36.510    0.441    144.979   157.600
  147   18.299   18.274   36.502    0.443    145.971   156.415
  148   18.261   18.235   36.497    0.445    146.964   155.296
  149   18.236   18.210   36.493    0.447    147.957   155.011
  150   18.216   18.190   36.490    0.448    148.949   155.119
  151   18.193   18.167   36.487    0.450    149.942   155.076
  152   18.174   18.147   36.484    0.452    150.935   154.987
  153   18.154   18.127   36.482    0.453    151.927   155.084
  154   18.145   18.118   36.480    0.455    152.920   155.214
  155   18.125   18.098   36.477    0.457    153.912   155.085
  156   18.092   18.065   36.473    0.458    154.905   155.214
  157   18.071   18.043   36.470    0.460    155.898   155.304
  158   18.047   18.019   36.467    0.462    156.890   155.180
  159   18.033   18.006   36.464    0.463    157.883   155.006
  160   18.021   17.994   36.462    0.465    158.875   155.025
  161   18.016   17.988   36.461    0.467    159.868   154.951
  162   18.013   17.985   36.461    0.469    160.861   154.764
  163   18.006   17.978   36.459    0.470    161.853   154.774
  164   17.984   17.955   36.455    0.472    162.846   154.778
  165   17.939   17.911   36.448    0.474    163.838   154.566
  166   17.902   17.873   36.444    0.475    164.831   154.142
  167   17.894   17.865   36.442    0.477    165.823   153.864
  168   17.880   17.851   36.440    0.479    166.816   153.831
  169   17.858   17.829   36.437    0.480    167.809   153.812
  170   17.829   17.800   36.432    0.482    168.801   153.586
  171   17.803   17.773   36.427    0.484    169.794   153.299
  172   17.788   17.758   36.425    0.485    170.786   153.162
  173   17.776   17.746   36.423    0.487    171.779   153.085
  174   17.745   17.715   36.418    0.489    172.771   153.069
  175   17.653   17.623   36.405    0.490    173.764   152.977
  176   17.607   17.577   36.398    0.492    174.756   152.597
  177   17.572   17.542   36.392    0.493    175.749   152.363
  178   17.554   17.523   36.389    0.495    176.741   152.411
  179   17.531   17.500   36.386    0.497    177.734   152.315
  180   17.510   17.479   36.383    0.498    178.726   152.163
  181   17.493   17.462   36.380    0.500    179.719   152.180
  182   17.458   17.427   36.375    0.502    180.711   152.077
  183   17.435   17.404   36.371    0.503    181.704   151.899
  184   17.409   17.378   36.366    0.505    182.696   151.696
  185   17.355   17.324   36.357    0.506    183.689   151.213
  186   17.289   17.257   36.344    0.508    184.681   150.376
  187   17.213   17.181   36.332    0.510    185.674   149.659
  188   17.174   17.143   36.325    0.511    186.666   148.827
  189   17.139   17.107   36.320    0.513    187.658   148.109
  190   17.117   17.086   36.316    0.514    188.651   147.732
  191   17.058   17.026   36.306    0.516    189.643   147.524
  192   17.016   16.984   36.299    0.518    190.636   146.970
  193   16.979   16.947   36.292    0.519    191.628   146.069
  194   16.934   16.902   36.285    0.521    192.621   144.573
  195   16.927   16.894   36.283    0.522    193.613   143.237
  196   16.920   16.887   36.282    0.524    194.605   142.845
  197   16.891   16.859   36.280    0.525    195.598   142.905
  198   16.875   16.842   36.280    0.527    196.590   144.287
  199   16.859   16.826   36.279    0.529    197.583   146.950
  200   16.855   16.822   36.279    0.530    198.575   148.605
  201   16.854   16.821   36.279    0.532    199.567   149.428
  202   16.854   16.821   36.279    0.533    200.560   149.720
  203   16.854   16.820   36.279    0.535    201.552   149.661
  204   16.854   16.820   36.279    0.536    202.545   149.571
  205   16.854   16.820   36.279    0.538    203.537   149.294
  206   16.853   16.819   36.280    0.539    204.529   149.273
  207   16.849   16.815   36.279    0.541    205.522   149.478
  208   16.842   16.807   36.278    0.543    206.514   149.806
  209   16.835   16.801   36.278    0.544    207.506   149.961
  210   16.813   16.779   36.274    0.546    208.499   150.139
  211   16.788   16.753   36.270    0.547    209.491   150.260
  212   16.746   16.711   36.263    0.549    210.483   150.201
  213   16.729   16.694   36.260    0.550    211.476   149.966
  214   16.682   16.647   36.252    0.552    212.468   149.736
  215   16.642   16.607   36.245    0.553    213.460   149.385
  216   16.605   16.570   36.240    0.555    214.453   149.032
  217   16.592   16.557   36.237    0.556    215.445   148.731
  218   16.585   16.549   36.236    0.558    216.437   148.560
  219   16.549   16.513   36.227    0.560    217.430   148.608
  220   16.518   16.482   36.222    0.561    218.422   148.268
  221   16.515   16.479   36.222    0.563    219.414   147.451
  222   16.500   16.464   36.219    0.564    220.407   146.807
  223   16.476   16.440   36.213    0.566    221.399   146.733
  224   16.381   16.344   36.194    0.567    222.391   146.644
  225   16.346   16.310   36.189    0.569    223.383   144.890
  226   16.300   16.263   36.178    0.570    224.376   141.561
  227   16.225   16.188   36.164    0.572    225.368   137.812
  228   16.162   16.125   36.153    0.573    226.360   133.992
  229   16.131   16.094   36.148    0.575    227.353   130.719
  230   16.100   16.064   36.144    0.576    228.345   129.382
  231   16.066   16.029   36.139    0.578    229.337   130.003
  232   16.025   15.988   36.133    0.579    230.329   131.662
  233   15.996   15.959   36.130    0.581    231.322   133.970
  234   15.971   15.934   36.128    0.582    232.314   136.607
  235   15.965   15.927   36.128    0.584    233.306   139.500
  236   15.959   15.921   36.127    0.585    234.298   141.623
  237   15.953   15.915   36.127    0.587    235.290   142.583
  238   15.949   15.911   36.126    0.588    236.283   142.966
  239   15.939   15.901   36.125    0.590    237.275   143.117
  240   15.935   15.897   36.125    0.591    238.267   143.267
  241   15.924   15.885   36.124    0.593    239.259   143.395
  242   15.899   15.861   36.120    0.594    240.251   143.486
  243   15.885   15.847   36.118    0.595    241.244   143.706
  244   15.853   15.815   36.112    0.597    242.236   144.010
  245   15.808   15.769   36.104    0.598    243.228   143.997
  246   15.742   15.703   36.093    0.600    244.220   143.503
  247   15.665   15.626   36.078    0.601    245.212   142.726
  248   15.544   15.505   36.057    0.603    246.205   141.748
  249   15.445   15.407   36.041    0.604    247.197   140.433
  250   15.410   15.371   36.035    0.606    248.189   138.903
  251   15.397   15.358   36.033    0.607    249.181   137.870
  252   15.370   15.331   36.028    0.608    250.173   137.445
  253   15.355   15.316   36.026    0.610    251.165   137.322
  254   15.329   15.290   36.021    0.611    252.157   137.377
  255   15.231   15.192   36.003    0.613    253.150   137.422
  256   15.183   15.144   35.995    0.614    254.142   136.916
  257   15.118   15.078   35.985    0.616    255.134   136.272
  258   15.073   15.033   35.979    0.617    256.126   135.635
  259   15.038   14.998   35.973    0.618    257.118   135.308
  260   15.003   14.964   35.968    0.620    258.110   135.144
  261   14.989   14.949   35.965    0.621    259.102   134.965
  262   14.972   14.932   35.962    0.623    260.094   134.854
  263   14.937   14.897   35.957    0.624    261.086   134.649
  264   14.910   14.870   35.952    0.625    262.079   134.414
  265   14.850   14.810   35.943    0.627    263.071   134.354
  266   14.791   14.751   35.934    0.628    264.063   134.143
  267   14.750   14.710   35.928    0.629    265.055   133.755
  268   14.735   14.694   35.926    0.631    266.047   133.267
  269   14.725   14.684   35.924    0.632    267.039   133.025
  270   14.707   14.666   35.920    0.634    268.031   132.999
  271   14.657   14.616   35.913    0.635    269.023   133.045
  272   14.643   14.602   35.911    0.636    270.015   132.901
  273   14.611   14.570   35.905    0.638    271.007   132.750
  274   14.572   14.531   35.899    0.639    271.999   132.603
  275   14.548   14.507   35.895    0.640    272.991   132.439
  276   14.533   14.491   35.893    0.642    273.983   132.349
  277   14.522   14.481   35.891    0.643    274.975   132.316
  278   14.508   14.466   35.888    0.644    275.967   132.289
  279   14.481   14.439   35.884    0.646    276.959   132.212
  280   14.457   14.415   35.880    0.647    277.951   132.192
  281   14.414   14.372   35.874    0.648    278.943   132.059
  282   14.403   14.361   35.872    0.650    279.935   131.946
  283   14.384   14.342   35.869    0.651    280.927   131.940
  284   14.369   14.327   35.866    0.652    281.919   131.914
  285   14.361   14.318   35.865    0.654    282.911   131.870
  286   14.328   14.286   35.859    0.655    283.903   131.723
  287   14.271   14.229   35.850    0.656    284.895   131.567
  288   14.229   14.186   35.844    0.658    285.887   131.302
  289   14.214   14.171   35.841    0.659    286.879   130.908
  290   14.198   14.155   35.838    0.660    287.871   130.522
  291   14.153   14.110   35.830    0.662    288.863   130.428
  292   14.090   14.047   35.818    0.663    289.855   130.425
  293   14.010   13.967   35.807    0.664    290.847   130.404
  294   13.974   13.931   35.800    0.666    291.839   130.119
  295   13.917   13.875   35.790    0.667    292.831   129.762
  296   13.857   13.814   35.780    0.668    293.823   129.483
  297   13.798   13.755   35.770    0.670    294.815   129.362
  298   13.748   13.705   35.762    0.671    295.807   129.217
  299   13.686   13.643   35.753    0.672    296.799   129.052
  300   13.658   13.615   35.749    0.673    297.791   128.758
  301   13.646   13.603   35.747    0.675    298.783   128.410
  302   13.642   13.599   35.747    0.676    299.774   128.166
  303   13.637   13.593   35.746    0.677    300.766   128.041
  304   13.633   13.590   35.746    0.679    301.758   127.986
  305   13.627   13.583   35.745    0.680    302.750   127.981
  306   13.601   13.557   35.740    0.681    303.742   127.962
  307   13.552   13.508   35.733    0.682    304.734   127.841
  308   13.536   13.492   35.730    0.684    305.726   127.683
  309   13.518   13.474   35.727    0.685    306.718   127.622
  310   13.497   13.453   35.723    0.686    307.710   127.621
  311   13.472   13.427   35.719    0.688    308.701   127.600
  312   13.444   13.399   35.714    0.689    309.693   127.482
  313   13.391   13.347   35.706    0.690    310.685   127.264
  314   13.338   13.294   35.697    0.691    311.677   127.027
  315   13.283   13.239   35.688    0.693    312.669   126.910
  316   13.204   13.159   35.675    0.694    313.661   126.838
  317   13.168   13.124   35.670    0.695    314.653   126.854
  318   13.143   13.098   35.666    0.696    315.644   127.051
  319   13.129   13.084   35.663    0.698    316.636   127.314
  320   13.122   13.077   35.662    0.699    317.628   127.491
  321   13.118   13.073   35.661    0.700    318.620   127.587
  322   13.116   13.071   35.662    0.701    319.612   127.639
  323   13.102   13.057   35.659    0.703    320.603   127.688
  324   13.076   13.031   35.655    0.704    321.595   127.705
  325   13.069   13.024   35.654    0.705    322.587   127.696
  326   13.068   13.022   35.654    0.706    323.579   127.758
  327   13.063   13.018   35.653    0.708    324.571   127.856
  328   13.061   13.015   35.653    0.709    325.562   127.948
  329   13.055   13.009   35.652    0.710    326.554   127.985
  330   13.046   13.000   35.650    0.711    327.546   128.015
  331   13.032   12.986   35.648    0.713    328.538   128.014
  332   13.025   12.978   35.646    0.714    329.530   128.144
  333   12.989   12.942   35.640    0.715    330.521   128.250
  334   12.958   12.912   35.635    0.716    331.513   128.325
  335   12.926   12.880   35.630    0.717    332.505   128.455
  336   12.917   12.870   35.628    0.719    333.497   128.615
  337   12.910   12.864   35.627    0.720    334.488   128.790
  338   12.904   12.857   35.626    0.721    335.480   128.836
  339   12.900   12.853   35.625    0.722    336.472   128.844
  340   12.894   12.847   35.624    0.724    337.464   128.876
  341   12.880   12.832   35.621    0.725    338.455   128.839
  342   12.870   12.822   35.619    0.726    339.447   128.708
  343   12.865   12.818   35.619    0.727    340.439   128.618
  344   12.862   12.814   35.618    0.729    341.430   128.582
  345   12.853   12.805   35.616    0.730    342.422   128.572
  346   12.837   12.789   35.614    0.731    343.414   128.517
  347   12.798   12.750   35.608    0.732    344.405   128.510
  348   12.768   12.720   35.603    0.734    345.397   128.491
  349   12.745   12.697   35.599    0.735    346.389   128.464
  350   12.738   12.690   35.598    0.736    347.381   128.381
  351   12.717   12.669   35.594    0.737    348.372   128.285
  352   12.668   12.620   35.586    0.738    349.364   128.242
  353   12.649   12.601   35.583    0.740    350.356   128.072
  354   12.637   12.589   35.581    0.741    351.347   127.926
  355   12.621   12.573   35.578    0.742    352.339   127.847
  356   12.592   12.543   35.574    0.743    353.331   127.898
  357   12.571   12.522   35.571    0.745    354.322   127.826
  358   12.551   12.502   35.568    0.746    355.314   127.692
  359   12.530   12.481   35.565    0.747    356.305   127.564
  360   12.511   12.462   35.561    0.748    357.297   127.521
  361   12.496   12.447   35.559    0.749    358.289   127.492
  362   12.468   12.419   35.555    0.751    359.280   127.447
  363   12.452   12.403   35.552    0.752    360.272   127.350
  364   12.439   12.390   35.550    0.753    361.264   127.119
  365   12.426   12.377   35.548    0.754    362.255   126.919
  366   12.419   12.369   35.547    0.755    363.247   126.852
  367   12.413   12.364   35.546    0.757    364.238   126.857
  368   12.410   12.360   35.546    0.758    365.230   126.929
  369   12.408   12.358   35.545    0.759    366.222   126.889
  370   12.402   12.352   35.545    0.760    367.213   126.908
  371   12.398   12.348   35.544    0.761    368.205   126.904
  372   12.392   12.341   35.543    0.763    369.196   126.948
  373   12.387   12.336   35.542    0.764    370.188   126.925
  374   12.384   12.334   35.542    0.765    371.179   126.846
  375   12.368   12.318   35.539    0.766    372.171   126.814
  376   12.357   12.307   35.537    0.767    373.163   126.752
  377   12.340   12.289   35.535    0.769    374.154   126.818
  378   12.319   12.268   35.531    0.770    375.146   126.831
  379   12.290   12.239   35.526    0.771    376.137   126.753
  380   12.232   12.182   35.519    0.772    377.129   126.612
  381   12.177   12.126   35.511    0.773    378.120   126.328
  382   12.152   12.101   35.507    0.775    379.112   125.855
  383   12.146   12.095   35.506    0.776    380.103   125.315
  384   12.095   12.044   35.498    0.777    381.095   124.922
  385   12.021   11.970   35.488    0.778    382.086   124.545
  386   11.930   11.879   35.474    0.779    383.078   123.959
  387   11.886   11.835   35.469    0.781    384.069   123.142
  388   11.860   11.809   35.464    0.782    385.061   122.594
  389   11.838   11.787   35.462    0.783    386.052   122.306
  390   11.821   11.770   35.459    0.784    387.044   122.204
  391   11.791   11.740   35.453    0.785    388.035   122.117
  392   11.710   11.659   35.442    0.786    389.027   122.073
  393   11.677   11.626   35.439    0.788    390.018   121.799
  394   11.669   11.618   35.437    0.789    391.010   121.641
  395   11.657   11.606   35.436    0.790    392.001   121.604
  396   11.636   11.585   35.432    0.791    392.993   121.566
  397   11.603   11.552   35.428    0.792    393.984   121.579
  398   11.568   11.516   35.422    0.793    394.976   121.459
  399   11.514   11.463   35.414    0.794    395.967   121.390
  400   11.491   11.439   35.411    0.796    396.958   121.184
  401   11.477   11.426   35.409    0.797    397.950   121.069
  402   11.458   11.406   35.406    0.798    398.941   120.997
  403   11.446   11.394   35.405    0.799    399.933   120.920
  404   11.428   11.376   35.402    0.800    400.924   120.843
  405   11.404   11.353   35.398    0.801    401.916   120.826
  406   11.393   11.341   35.397    0.802    402.907   120.730
  407   11.379   11.327   35.394    0.803    403.898   120.594
  408   11.364   11.312   35.392    0.805    404.890   120.504
  409   11.348   11.295   35.389    0.806    405.881   120.484
  410   11.327   11.275   35.385    0.807    406.873   120.519
  411   11.274   11.221   35.378    0.808    407.864   120.556
  412   11.238   11.185   35.374    0.809    408.855   120.322
  413   11.224   11.172   35.371    0.810    409.847   120.015
  414   11.211   11.159   35.369    0.811    410.838   119.776
  415   11.193   11.141   35.366    0.813    411.830   119.686
  416   11.176   11.124   35.363    0.814    412.821   119.626
  417   11.164   11.112   35.361    0.815    413.812   119.520
  418   11.109   11.056   35.353    0.816    414.804   119.440
  419   11.048   10.996   35.345    0.817    415.795   119.387
  420   11.026   10.973   35.341    0.818    416.786   119.408
  421   10.999   10.946   35.336    0.819    417.778   119.599
  422   10.978   10.925   35.334    0.820    418.769   119.862
  423   10.959   10.906   35.332    0.821    419.760   120.079
  424   10.931   10.878   35.329    0.823    420.752   119.901
  425   10.908   10.855   35.326    0.824    421.743   119.412
  426   10.899   10.846   35.325    0.825    422.734   118.948
  427   10.870   10.817   35.321    0.826    423.726   118.703
  428   10.834   10.781   35.316    0.827    424.717   118.631
  429   10.797   10.744   35.311    0.828    425.708   118.436
  430   10.773   10.720   35.308    0.829    426.700   118.040
  431   10.748   10.695   35.303    0.830    427.691   117.703
  432   10.692   10.639   35.295    0.831    428.682   117.558
  433   10.642   10.589   35.288    0.832    429.673   117.515
  434   10.615   10.562   35.284    0.833    430.665   117.386
  435   10.577   10.524   35.278    0.835    431.656   117.535
  436   10.536   10.483   35.272    0.836    432.647   117.753
  437   10.515   10.462   35.269    0.837    433.638   117.827
  438   10.481   10.428   35.265    0.838    434.630   117.905
  439   10.457   10.404   35.261    0.839    435.621   117.834
  440   10.447   10.394   35.261    0.840    436.612   117.681
  441   10.442   10.389   35.261    0.841    437.603   117.437
  442   10.437   10.384   35.261    0.842    438.595   117.195
  443   10.433   10.380   35.260    0.843    439.586   117.062
  444   10.433   10.379   35.261    0.844    440.577   116.919
  445   10.432   10.378   35.260    0.845    441.568   116.842
  446   10.430   10.376   35.260    0.846    442.560   116.745
  447   10.421   10.366   35.259    0.847    443.551   116.701
  448   10.399   10.345   35.256    0.848    444.542   116.734
  449   10.387   10.333   35.255    0.850    445.533   116.714
  450   10.385   10.330   35.254    0.851    446.525   116.646
  451   10.363   10.309   35.251    0.852    447.516   116.588
  452   10.349   10.295   35.249    0.853    448.507   116.594
  453   10.319   10.265   35.245    0.854    449.498   116.645
  454   10.297   10.242   35.242    0.855    450.489   116.640
  455   10.286   10.231   35.240    0.856    451.480   116.564
  456   10.282   10.227   35.240    0.857    452.472   116.524
  457   10.270   10.215   35.238    0.858    453.463   116.510
  458   10.240   10.185   35.233    0.859    454.454   116.561
  459   10.198   10.143   35.227    0.860    455.445   116.576
  460   10.118   10.063   35.218    0.861    456.436   116.553
  461   10.101   10.046   35.215    0.862    457.427   116.436
  462   10.074   10.019   35.212    0.863    458.419   116.449
  463   10.064   10.009   35.210    0.864    459.410   116.503
  464   10.042   9.988   35.207    0.865    460.401   116.601
  465   10.038   9.983   35.207    0.866    461.392   116.645
  466   10.028   9.973   35.205    0.868    462.383   116.630
  467   10.008   9.953   35.203    0.869    463.374   116.642
  468   9.991   9.936   35.200    0.870    464.365   116.679
  469   9.967   9.911   35.197    0.871    465.356   116.763
  470   9.952   9.897   35.195    0.872    466.348   116.779
  471   9.947   9.892   35.194    0.873    467.339   116.838
  472   9.945   9.890   35.194    0.874    468.330   116.844
  473   9.944   9.888   35.194    0.875    469.321   116.932
  474   9.922   9.866   35.191    0.876    470.312   117.007
  475   9.900   9.844   35.188    0.877    471.303   117.009
  476   9.895   9.840   35.187    0.878    472.294   116.896
  477   9.894   9.838   35.187    0.879    473.285   116.858
  478   9.892   9.836   35.187    0.880    474.276   116.884
  479   9.885   9.829   35.186    0.881    475.267   116.877
  480   9.867   9.811   35.183    0.882    476.258   116.893
  481   9.843   9.787   35.180    0.883    477.249   116.901
  482   9.806   9.750   35.175    0.884    478.241   116.902
  483   9.763   9.707   35.170    0.885    479.232   116.859
  484   9.741   9.685   35.167    0.886    480.223   116.727
  485   9.733   9.677   35.166    0.887    481.214   116.687
  486   9.727   9.670   35.165    0.888    482.205   116.693
  487   9.717   9.660   35.163    0.889    483.196   116.737
  488   9.666   9.609   35.157    0.890    484.187   116.806
  489   9.623   9.567   35.151    0.891    485.178   116.818
  490   9.599   9.543   35.148    0.892    486.169   116.806
  491   9.584   9.528   35.146    0.893    487.160   116.834
  492   9.570   9.514   35.145    0.894    488.151   116.902
  493   9.543   9.486   35.142    0.895    489.142   116.908
  494   9.525   9.469   35.140    0.896    490.133   116.797
  495   9.518   9.461   35.139    0.898    491.124   116.715
  496   9.496   9.440   35.136    0.899    492.115   116.680
  497   9.459   9.402   35.131    0.900    493.106   116.665
  498   9.438   9.382   35.129    0.901    494.097   116.584
  499   9.420   9.363   35.127    0.902    495.088   116.528
  500   9.408   9.351   35.125    0.903    496.079   116.491
  501   9.396   9.339   35.124    0.904    497.070   116.445
  502   9.387   9.330   35.123    0.905    498.061   116.419
  503   9.370   9.312   35.121    0.906    499.052   116.442
  504   9.359   9.301   35.119    0.907    500.042   116.443
  505   9.354   9.297   35.119    0.908    501.033   116.520
  506   9.346   9.288   35.118    0.909    502.024   116.582
  507   9.343   9.286   35.118    0.910    503.015   116.610
  508   9.336   9.278   35.117    0.911    504.006   116.645
  509   9.332   9.274   35.116    0.912    504.997   116.708
  510   9.332   9.274   35.116    0.913    505.988   116.701
  511   9.331   9.273   35.116    0.914    506.979   116.700
  512   9.330   9.272   35.116    0.915    507.970   116.656
  513   9.325   9.267   35.116    0.916    508.961   116.656
  514   9.303   9.245   35.112    0.917    509.952   116.673
  515   9.283   9.225   35.110    0.918    510.943   116.705
  516   9.253   9.195   35.106    0.919    511.933   116.776
  517   9.234   9.175   35.104    0.920    512.924   116.857
  518   9.204   9.146   35.100    0.921    513.915   116.986
  519   9.173   9.114   35.096    0.922    514.906   117.004
  520   9.160   9.101   35.095    0.923    515.897   116.990
  521   9.149   9.090   35.094    0.924    516.888   117.051
  522   9.144   9.086   35.094    0.925    517.879   117.084
  523   9.140   9.081   35.094    0.926    518.870   117.093
  524   9.138   9.079   35.096    0.927    519.860   116.953
  525   9.111   9.053   35.094    0.928    520.851   116.775
  526   9.067   9.009   35.091    0.929    521.842   116.481
  527   9.032   8.973   35.088    0.930    522.833   116.079
  528   9.022   8.963   35.087    0.931    523.824   115.685
  529   9.011   8.952   35.087    0.931    524.815   115.509
  530   8.979   8.920   35.085    0.932    525.805   115.507
  531   8.930   8.871   35.081    0.933    526.796   115.537
  532   8.887   8.829   35.077    0.934    527.787   115.684
  533   8.848   8.790   35.072    0.935    528.778   116.195
  534   8.822   8.764   35.069    0.936    529.769   116.887
  535   8.809   8.750   35.068    0.937    530.759   117.480
  536   8.796   8.737   35.066    0.938    531.750   117.853
  537   8.782   8.724   35.065    0.939    532.741   118.059
  538   8.761   8.702   35.062    0.940    533.732   118.133
  539   8.726   8.668   35.058    0.941    534.723   118.261
  540   8.714   8.656   35.057    0.942    535.713   118.263
  541   8.715   8.656   35.058    0.943    536.704   118.269
  542   8.714   8.655   35.058    0.944    537.695   118.332
  543   8.710   8.651   35.057    0.945    538.686   118.368
  544   8.672   8.613   35.053    0.946    539.676   118.433
  545   8.640   8.581   35.050    0.947    540.667   118.274
  546   8.628   8.569   35.048    0.948    541.658   118.247
  547   8.623   8.564   35.048    0.949    542.649   118.350
  548   8.618   8.559   35.047    0.950    543.639   118.456
  549   8.604   8.545   35.046    0.951    544.630   118.558
  550   8.593   8.533   35.045    0.952    545.621   118.616
  551   8.584   8.524   35.044    0.952    546.612   118.653
  552   8.573   8.514   35.043    0.953    547.602   118.731
  553   8.569   8.510   35.043    0.954    548.593   118.776
  554   8.566   8.506   35.042    0.955    549.584   118.839
  555   8.559   8.499   35.042    0.956    550.574   118.886
  556   8.554   8.494   35.041    0.957    551.565   118.961
  557   8.548   8.488   35.041    0.958    552.556   118.969
  558   8.545   8.485   35.040    0.959    553.547   118.986
  559   8.541   8.481   35.040    0.960    554.537   118.908
  560   8.540   8.480   35.040    0.961    555.528   118.963
  561   8.537   8.477   35.040    0.962    556.519   119.062
  562   8.525   8.465   35.038    0.963    557.509   119.094
  563   8.508   8.447   35.036    0.964    558.500   119.078
  564   8.483   8.422   35.034    0.965    559.491   119.102
  565   8.479   8.419   35.034    0.966    560.481   119.179
  566   8.475   8.414   35.033    0.967    561.472   119.305
  567   8.464   8.403   35.032    0.968    562.463   119.374
  568   8.456   8.395   35.031    0.968    563.453   119.298
  569   8.437   8.376   35.029    0.969    564.444   119.292
  570   8.412   8.351   35.026    0.970    565.435   119.252
  571   8.366   8.305   35.021    0.971    566.425   119.281
  572   8.336   8.276   35.018    0.972    567.416   119.226
  573   8.316   8.255   35.016    0.973    568.406   119.207
  574   8.299   8.238   35.014    0.974    569.397   119.374
  575   8.281   8.221   35.012    0.975    570.388   119.563
  576   8.272   8.211   35.011    0.976    571.378   119.706
  577   8.269   8.208   35.011    0.977    572.369   119.764
  578   8.263   8.202   35.011    0.978    573.359   119.715
  579   8.263   8.202   35.011    0.979    574.350   119.693
  580   8.260   8.199   35.011    0.980    575.341   119.624
  581   8.243   8.181   35.009    0.981    576.331   119.646
  582   8.229   8.168   35.007    0.981    577.322   119.681
  583   8.207   8.145   35.004    0.982    578.312   119.692
  584   8.191   8.130   35.002    0.983    579.303   119.689
  585   8.173   8.112   35.001    0.984    580.293   119.693
  586   8.165   8.103   35.000    0.985    581.284   119.635
  587   8.150   8.089   34.998    0.986    582.275   119.680
  588   8.080   8.018   34.991    0.987    583.265   119.855
  589   8.037   7.975   34.989    0.988    584.256   119.903
  590   7.973   7.912   34.982    0.989    585.246   120.191
  591   7.927   7.866   34.979    0.990    586.237   120.665
  592   7.878   7.817   34.974    0.991    587.227   121.332
  593   7.836   7.776   34.969    0.991    588.218   121.901
  594   7.793   7.733   34.964    0.992    589.208   122.417
  595   7.755   7.694   34.960    0.993    590.199   122.935
  596   7.709   7.649   34.956    0.994    591.189   123.534
  597   7.684   7.624   34.954    0.995    592.180   124.082
  598   7.672   7.611   34.953    0.996    593.170   124.620
  599   7.661   7.600   34.952    0.997    594.161   125.009
  600   7.653   7.592   34.953    0.998    595.151   125.169
  601   7.651   7.590   34.954    0.999    596.142   125.282
  602   7.647   7.586   34.955    0.999    597.132   125.263
  603   7.640   7.579   34.955    1.000    598.123   125.326
  604   7.636   7.575   34.957    1.001    599.113   125.335
  605   7.615   7.554   34.958    1.002    600.104   125.320
  606   7.594   7.533   34.956    1.003    601.094   125.272
  607   7.587   7.526   34.956    1.004    602.085   125.254
  608   7.584   7.523   34.956    1.005    603.075   125.354
  609   7.579   7.518   34.955    1.005    604.066   125.457
  610   7.572   7.510   34.954    1.006    605.056   125.488
  611   7.565   7.503   34.953    1.007    606.046   125.506
  612   7.555   7.494   34.952    1.008    607.037   125.604
  613   7.545   7.484   34.950    1.009    608.027   125.763
  614   7.528   7.467   34.947    1.010    609.018   125.891
  615   7.480   7.419   34.942    1.011    610.008   126.065
  616   7.451   7.390   34.939    1.012    610.999   126.142
  617   7.389   7.328   34.937    1.012    611.989   126.445
  618   7.362   7.301   34.935    1.013    612.979   126.870
  619   7.356   7.295   34.934    1.014    613.970   127.401
  620   7.352   7.291   34.935    1.015    614.960   127.931
  621   7.350   7.288   34.935    1.016    615.951   128.325
  622   7.345   7.283   34.935    1.017    616.941   128.440
  623   7.341   7.279   34.935    1.017    617.931   128.408
  624   7.333   7.271   34.934    1.018    618.922   128.430
  625   7.327   7.265   34.934    1.019    619.912   128.421
  626   7.321   7.259   34.934    1.020    620.902   128.439
  627   7.313   7.251   34.933    1.021    621.893   128.445
  628   7.306   7.244   34.933    1.022    622.883   128.512
  629   7.305   7.243   34.933    1.023    623.874   128.551
  630   7.305   7.243   34.933    1.023    624.864   128.586
  631   7.302   7.240   34.933    1.024    625.854   128.661
  632   7.300   7.238   34.932    1.025    626.845   128.769
  633   7.297   7.235   34.932    1.026    627.835   128.845
  634   7.278   7.216   34.931    1.027    628.825   128.867
  635   7.244   7.181   34.929    1.028    629.816   128.913
  636   7.213   7.151   34.927    1.028    630.806   128.938
  637   7.188   7.126   34.925    1.029    631.796   129.151
  638   7.153   7.091   34.924    1.030    632.787   129.514
  639   7.144   7.081   34.924    1.031    633.777   129.781
  640   7.130   7.067   34.923    1.032    634.767   130.089
  641   7.103   7.041   34.922    1.033    635.757   130.476
  642   7.080   7.018   34.920    1.033    636.748   130.739
  643   7.068   7.006   34.919    1.034    637.738   130.997
  644   7.028   6.966   34.916    1.035    638.728   131.280
  645   6.981   6.919   34.916    1.036    639.719   131.548
  646   6.971   6.909   34.916    1.037    640.709   131.762
  647   6.958   6.896   34.916    1.037    641.699   132.162
  648   6.958   6.896   34.916    1.038    642.689   132.518
  649   6.931   6.868   34.915    1.039    643.680   132.830
  650   6.914   6.851   34.914    1.040    644.670   132.938
  651   6.874   6.812   34.913    1.041    645.660   133.032
  652   6.860   6.798   34.913    1.041    646.650   133.251
  653   6.854   6.792   34.913    1.042    647.641   133.619
  654   6.845   6.783   34.913    1.043    648.631   133.956
  655   6.840   6.778   34.913    1.044    649.621   134.161
  656   6.827   6.765   34.913    1.045    650.611   134.420
  657   6.809   6.746   34.912    1.045    651.602   134.591
  658   6.797   6.734   34.912    1.046    652.592   134.650
  659   6.785   6.722   34.911    1.047    653.582   134.709
  660   6.779   6.716   34.911    1.048    654.572   134.839
  661   6.778   6.715   34.911    1.049    655.562   135.131
  662   6.776   6.713   34.911    1.049    656.553   135.365
  663   6.775   6.712   34.911    1.050    657.543   135.443
  664   6.775   6.711   34.911    1.051    658.533   135.424
  665   6.774   6.710   34.911    1.052    659.523   135.513
  666   6.774   6.711   34.912    1.053    660.513   135.557
  667   6.769   6.705   34.911    1.053    661.504   135.568
  668   6.762   6.699   34.911    1.054    662.494   135.528
  669   6.757   6.694   34.911    1.055    663.484   135.597
  670   6.760   6.697   34.911    1.056    664.474   135.774
  671   6.751   6.688   34.911    1.057    665.464   135.855
  672   6.751   6.687   34.911    1.057    666.454   135.797
  673   6.725   6.662   34.910    1.058    667.444   136.145
  674   6.711   6.647   34.910    1.059    668.435   136.414
  675   6.697   6.633   34.910    1.060    669.425   136.678
  676   6.683   6.619   34.910    1.060    670.415   136.716
