 station cast   lat    long    jday   mo/da/yr   gmt
  38      1   27.588 -89.999   268    09/25/21  1355 
 
    File created by Jay Hooper - 13-Dec-2021   
            GOMECC4 Cruise Sep 2021 
             NOAA Ship Ronald H Brown
                  
 
     Primary (T,S,O) sensors - Calibrated CTD data   

   pr       te       th       sa       ht       ga       ox
dbars    deg c    deg c      psu  dyn. cm    gamma  umol/kg
    1   28.489   28.489   36.215    0.005    0.993   195.029
    2   28.489   28.489   36.215    0.009    1.987   195.056
    3   28.489   28.488   36.215    0.014    2.980   195.083
    4   28.489   28.488   36.215    0.019    3.973   195.109
    5   28.489   28.488   36.214    0.024    4.967   195.357
    6   28.492   28.491   36.215    0.028    5.960   195.025
    7   28.494   28.492   36.214    0.033    6.954   195.297
    8   28.494   28.492   36.214    0.038    7.947   195.386
    9   28.495   28.493   36.214    0.042    8.940   194.865
   10   28.490   28.488   36.215    0.047    9.934   195.359
   11   28.490   28.487   36.215    0.052    10.927   195.441
   12   28.491   28.488   36.214    0.057    11.920   195.397
   13   28.492   28.489   36.214    0.061    12.914   195.524
   14   28.493   28.490   36.214    0.066    13.907   195.476
   15   28.495   28.491   36.214    0.071    14.900   195.400
   16   28.494   28.490   36.214    0.076    15.893   195.318
   17   28.492   28.488   36.215    0.080    16.887   195.541
   18   28.493   28.488   36.215    0.085    17.880   195.923
   19   28.495   28.490   36.215    0.090    18.873   195.609
   20   28.495   28.490   36.216    0.094    19.867   195.428
   21   28.491   28.486   36.232    0.099    20.860   195.597
   22   28.491   28.486   36.245    0.104    21.853   195.122
   23   28.487   28.481   36.254    0.109    22.846   195.255
   24   28.475   28.469   36.271    0.113    23.840   195.417
   25   28.468   28.462   36.278    0.118    24.833   195.075
   26   28.461   28.455   36.282    0.123    25.826   195.463
   27   28.456   28.450   36.284    0.127    26.820   195.082
   28   28.453   28.447   36.285    0.132    27.813   195.160
   29   28.450   28.443   36.287    0.137    28.806   195.100
   30   28.447   28.440   36.288    0.141    29.799   195.287
   31   28.446   28.438   36.289    0.146    30.792   195.029
   32   28.442   28.435   36.290    0.151    31.786   194.935
   33   28.441   28.433   36.290    0.155    32.779   194.961
   34   28.439   28.431   36.291    0.160    33.772   195.612
   35   28.438   28.429   36.291    0.164    34.765   195.082
   36   28.436   28.428   36.292    0.169    35.759   195.488
   37   28.420   28.411   36.295    0.174    36.752   195.490
   38   28.398   28.389   36.300    0.178    37.745   195.399
   39   28.389   28.380   36.302    0.183    38.738   195.477
   40   28.365   28.355   36.306    0.188    39.731   195.486
   41   28.307   28.297   36.311    0.192    40.725   195.366
   42   27.925   27.915   36.364    0.197    41.718   195.255
   43   27.558   27.548   36.428    0.201    42.711   194.400
   44   27.491   27.481   36.432    0.205    43.704   194.999
   45   27.359   27.349   36.443    0.210    44.697   195.675
   46   27.286   27.275   36.451    0.214    45.690   195.592
   47   27.247   27.236   36.456    0.218    46.684   195.918
   48   27.143   27.132   36.463    0.222    47.677   195.907
   49   26.969   26.958   36.479    0.226    48.670   196.312
   50   26.857   26.846   36.494    0.230    49.663   197.068
   51   26.815   26.803   36.501    0.234    50.656   196.212
   52   26.794   26.782   36.504    0.238    51.649   195.824
   53   26.738   26.726   36.509    0.242    52.642   195.336
   54   26.591   26.579   36.530    0.246    53.636   195.135
   55   26.496   26.483   36.546    0.250    54.629   194.345
   56   26.293   26.281   36.574    0.254    55.622   192.810
   57   26.263   26.250   36.582    0.257    56.615   191.047
   58   26.260   26.247   36.585    0.261    57.608   191.578
   59   26.256   26.243   36.590    0.265    58.601   191.843
   60   26.244   26.231   36.609    0.269    59.594   191.573
   61   26.172   26.158   36.651    0.273    60.587   189.283
   62   25.942   25.928   36.650    0.276    61.580   185.739
   63   25.613   25.599   36.624    0.280    62.573   182.951
   64   25.452   25.438   36.630    0.283    63.567   181.430
   65   25.395   25.381   36.627    0.287    64.560   181.809
   66   25.343   25.328   36.625    0.290    65.553   182.659
   67   25.248   25.233   36.618    0.294    66.546   182.579
   68   25.162   25.147   36.627    0.297    67.539   182.304
   69   25.003   24.988   36.593    0.301    68.532   181.739
   70   24.968   24.953   36.631    0.304    69.525   183.739
   71   24.816   24.801   36.633    0.307    70.518   183.016
   72   24.638   24.622   36.620    0.311    71.511   181.041
   73   24.499   24.483   36.609    0.314    72.504   180.405
   74   24.384   24.368   36.592    0.317    73.497   182.207
   75   24.175   24.159   36.556    0.320    74.490   184.869
   76   23.995   23.979   36.521    0.323    75.483   187.861
   77   23.731   23.715   36.454    0.327    76.476   190.788
   78   23.521   23.505   36.397    0.330    77.469   194.842
   79   23.173   23.156   36.313    0.333    78.462   199.249
   80   23.077   23.061   36.288    0.336    79.455   204.241
   81   23.044   23.027   36.292    0.339    80.448   207.770
   82   22.995   22.978   36.295    0.342    81.441   206.613
   83   22.854   22.837   36.271    0.345    82.434   204.357
   84   22.799   22.782   36.268    0.348    83.427   202.932
   85   22.721   22.704   36.263    0.351    84.420   201.984
   86   22.650   22.633   36.258    0.354    85.413   201.470
   87   22.573   22.556   36.257    0.357    86.406   200.776
   88   22.566   22.549   36.271    0.360    87.399   199.493
   89   22.657   22.639   36.319    0.363    88.392   197.491
   90   22.669   22.651   36.335    0.366    89.385   194.355
   91   22.442   22.424   36.274    0.369    90.378   191.906
   92   22.244   22.225   36.248    0.372    91.371   192.949
   93   22.111   22.093   36.228    0.375    92.364   194.770
   94   22.003   21.985   36.228    0.377    93.357   194.913
   95   21.980   21.962   36.248    0.380    94.349   192.609
   96   22.040   22.021   36.292    0.383    95.342   189.645
   97   22.070   22.051   36.323    0.386    96.335   186.705
   98   21.921   21.902   36.311    0.389    97.328   183.791
   99   21.900   21.881   36.325    0.391    98.321   181.648
  100   21.806   21.786   36.323    0.394    99.314   180.354
  101   21.744   21.724   36.321    0.397    100.307   179.042
  102   21.639   21.619   36.312    0.399    101.300   177.893
  103   21.591   21.571   36.312    0.402    102.293   175.741
  104   21.567   21.547   36.312    0.405    103.286   173.981
  105   21.505   21.484   36.315    0.407    104.278   174.417
  106   21.462   21.442   36.325    0.410    105.271   173.643
  107   21.702   21.681   36.472    0.413    106.264   169.989
  108   21.923   21.902   36.605    0.415    107.257   165.546
  109   22.067   22.045   36.724    0.418    108.250   161.927
  110   22.057   22.035   36.748    0.420    109.243   155.902
  111   21.627   21.605   36.654    0.423    110.236   150.390
  112   21.357   21.335   36.594    0.425    111.228   147.888
  113   21.303   21.281   36.577    0.427    112.221   146.820
  114   21.119   21.097   36.531    0.430    113.214   147.591
  115   20.761   20.739   36.451    0.432    114.207   147.459
  116   20.693   20.671   36.436    0.434    115.200   145.676
  117   20.665   20.642   36.431    0.437    116.193   144.570
  118   20.659   20.636   36.430    0.439    117.185   144.122
  119   20.646   20.623   36.433    0.442    118.178   144.003
  120   20.634   20.612   36.442    0.444    119.171   143.629
  121   20.629   20.606   36.453    0.446    120.164   143.093
  122   20.636   20.613   36.469    0.449    121.157   142.614
  123   20.663   20.639   36.508    0.451    122.149   141.917
  124   20.654   20.630   36.520    0.453    123.142   141.691
  125   20.630   20.607   36.519    0.455    124.135   141.320
  126   20.613   20.589   36.521    0.458    125.128   140.593
  127   20.594   20.570   36.522    0.460    126.121   140.129
  128   20.542   20.518   36.524    0.462    127.113   140.018
  129   20.470   20.446   36.521    0.464    128.106   139.539
  130   20.446   20.422   36.544    0.467    129.099   137.812
  131   20.445   20.420   36.592    0.469    130.092   136.679
  132   20.398   20.373   36.625    0.471    131.084   137.145
  133   20.327   20.302   36.634    0.473    132.077   137.568
  134   20.302   20.276   36.639    0.475    133.070   138.314
  135   20.320   20.294   36.660    0.477    134.063   140.170
  136   20.262   20.237   36.662    0.479    135.055   142.989
  137   20.208   20.182   36.656    0.481    136.048   146.547
  138   20.133   20.108   36.648    0.483    137.041   147.466
  139   19.969   19.943   36.632    0.486    138.033   146.267
  140   19.890   19.864   36.617    0.488    139.026   145.244
  141   19.797   19.771   36.600    0.490    140.019   143.751
  142   19.759   19.732   36.595    0.492    141.012   140.032
  143   19.746   19.720   36.602    0.494    142.004   137.549
  144   19.672   19.645   36.595    0.496    142.997   136.524
  145   19.606   19.580   36.588    0.498    143.990   136.775
  146   19.538   19.511   36.579    0.500    144.982   136.942
  147   19.456   19.429   36.569    0.501    145.975   136.386
  148   19.438   19.411   36.569    0.503    146.968   134.884
  149   19.371   19.343   36.565    0.505    147.960   133.388
  150   19.252   19.225   36.549    0.507    148.953   133.277
  151   19.109   19.082   36.528    0.509    149.946   132.354
  152   19.069   19.042   36.522    0.511    150.938   129.341
  153   19.054   19.027   36.523    0.513    151.931   125.939
  154   19.039   19.011   36.524    0.515    152.924   126.538
  155   18.949   18.921   36.510    0.517    153.916   128.497
  156   18.827   18.799   36.487    0.519    154.909   128.224
  157   18.776   18.748   36.479    0.520    155.901   123.093
  158   18.761   18.733   36.480    0.522    156.894   120.604
  159   18.745   18.717   36.484    0.524    157.887   120.905
  160   18.683   18.654   36.478    0.526    158.879   123.885
  161   18.647   18.618   36.471    0.528    159.872   125.821
  162   18.622   18.593   36.464    0.530    160.865   124.615
  163   18.609   18.580   36.460    0.531    161.857   122.547
  164   18.597   18.568   36.458    0.533    162.850   120.579
  165   18.582   18.553   36.455    0.535    163.842   119.850
  166   18.551   18.522   36.463    0.537    164.835   119.806
  167   18.561   18.532   36.480    0.539    165.827   123.174
  168   18.557   18.527   36.486    0.540    166.820   130.658
  169   18.559   18.529   36.490    0.542    167.813   135.427
  170   18.564   18.533   36.492    0.544    168.805   137.497
  171   18.568   18.537   36.496    0.546    169.798   138.446
  172   18.574   18.543   36.500    0.548    170.790   139.026
  173   18.530   18.500   36.496    0.549    171.783   139.776
  174   18.369   18.338   36.474    0.551    172.775   140.660
  175   18.257   18.226   36.458    0.553    173.768   140.081
  176   18.202   18.171   36.450    0.555    174.760   139.465
  177   18.153   18.122   36.442    0.556    175.753   140.094
  178   18.082   18.051   36.430    0.558    176.746   140.809
  179   17.970   17.939   36.412    0.560    177.738   138.995
  180   17.904   17.873   36.402    0.562    178.731   136.634
  181   17.849   17.818   36.394    0.563    179.723   135.289
  182   17.795   17.763   36.386    0.565    180.716   133.944
  183   17.706   17.674   36.377    0.567    181.708   134.024
  184   17.659   17.628   36.371    0.568    182.701   135.157
  185   17.641   17.609   36.368    0.570    183.693   136.318
  186   17.615   17.584   36.364    0.572    184.686   136.240
  187   17.578   17.547   36.359    0.573    185.678   135.330
  188   17.545   17.513   36.354    0.575    186.671   134.637
  189   17.476   17.444   36.345    0.577    187.663   134.328
  190   17.391   17.359   36.334    0.578    188.656   134.724
  191   17.333   17.301   36.324    0.580    189.648   135.021
  192   17.251   17.218   36.310    0.582    190.640   134.704
  193   17.169   17.137   36.299    0.583    191.633   133.202
  194   17.130   17.097   36.294    0.585    192.625   131.995
  195   17.059   17.026   36.283    0.586    193.618   133.064
  196   17.003   16.970   36.275    0.588    194.610   133.967
  197   16.978   16.945   36.272    0.590    195.603   134.123
  198   16.927   16.894   36.264    0.591    196.595   134.153
  199   16.898   16.865   36.259    0.593    197.588   134.197
  200   16.893   16.860   36.258    0.594    198.580   134.027
  201   16.864   16.831   36.253    0.596    199.572   133.754
  202   16.798   16.764   36.243    0.597    200.565   132.894
  203   16.692   16.659   36.226    0.599    201.557   132.124
  204   16.631   16.597   36.214    0.601    202.550   131.489
  205   16.558   16.524   36.204    0.602    203.542   130.618
  206   16.548   16.514   36.203    0.604    204.534   127.634
  207   16.533   16.500   36.201    0.605    205.527   125.769
  208   16.497   16.463   36.194    0.607    206.519   125.930
  209   16.439   16.405   36.184    0.608    207.512   125.802
  210   16.418   16.384   36.182    0.610    208.504   124.916
  211   16.412   16.378   36.181    0.611    209.496   123.151
  212   16.368   16.333   36.172    0.613    210.489   122.270
  213   16.233   16.199   36.152    0.614    211.481   122.283
  214   16.156   16.121   36.141    0.616    212.473   121.873
  215   16.115   16.080   36.135    0.617    213.466   120.843
  216   16.102   16.067   36.133    0.619    214.458   118.744
  217   16.093   16.059   36.132    0.620    215.450   117.077
  218   16.077   16.042   36.129    0.622    216.443   116.908
  219   16.045   16.010   36.124    0.623    217.435   117.033
  220   16.025   15.990   36.121    0.625    218.427   117.151
  221   16.006   15.971   36.119    0.626    219.420   117.310
  222   15.982   15.947   36.115    0.628    220.412   117.317
  223   15.952   15.917   36.110    0.629    221.404   117.157
  224   15.922   15.886   36.105    0.631    222.397   116.936
  225   15.877   15.841   36.099    0.632    223.389   116.713
  226   15.831   15.796   36.092    0.634    224.381   116.484
  227   15.782   15.746   36.085    0.635    225.374   116.240
  228   15.751   15.715   36.080    0.637    226.366   116.068
  229   15.739   15.702   36.078    0.638    227.358   115.957
  230   15.684   15.648   36.069    0.640    228.350   115.994
  231   15.644   15.607   36.063    0.641    229.343   116.032
  232   15.599   15.563   36.055    0.643    230.335   116.179
  233   15.531   15.495   36.046    0.644    231.327   116.274
  234   15.491   15.454   36.040    0.645    232.319   116.509
  235   15.444   15.408   36.033    0.647    233.312   117.030
  236   15.407   15.370   36.027    0.648    234.304   117.526
  237   15.379   15.342   36.022    0.650    235.296   117.884
  238   15.359   15.322   36.020    0.651    236.288   118.249
  239   15.341   15.304   36.017    0.653    237.281   118.034
  240   15.286   15.248   36.009    0.654    238.273   117.502
  241   15.261   15.224   36.006    0.655    239.265   117.455
  242   15.248   15.210   36.004    0.657    240.257   118.151
  243   15.238   15.201   36.003    0.658    241.250   119.119
  244   15.227   15.190   36.001    0.660    242.242   120.030
  245   15.199   15.162   35.997    0.661    243.234   120.437
  246   15.189   15.151   35.996    0.662    244.226   120.388
  247   15.175   15.137   35.993    0.664    245.218   120.562
  248   15.144   15.106   35.988    0.665    246.211   120.824
  249   15.064   15.026   35.976    0.667    247.203   121.010
  250   14.983   14.944   35.964    0.668    248.195   121.269
  251   14.909   14.871   35.952    0.669    249.187   122.320
  252   14.887   14.849   35.949    0.671    250.179   123.788
  253   14.885   14.847   35.949    0.672    251.171   125.102
  254   14.886   14.847   35.949    0.674    252.164   125.666
  255   14.884   14.845   35.949    0.675    253.156   125.666
  256   14.863   14.824   35.945    0.676    254.148   125.413
  257   14.780   14.741   35.931    0.678    255.140   125.386
  258   14.720   14.681   35.921    0.679    256.132   125.341
  259   14.632   14.593   35.908    0.680    257.124   124.712
  260   14.606   14.567   35.902    0.682    258.116   123.525
  261   14.581   14.542   35.898    0.683    259.109   121.996
  262   14.570   14.531   35.896    0.684    260.101   120.591
  263   14.562   14.522   35.895    0.686    261.093   120.110
  264   14.525   14.485   35.890    0.687    262.085   120.437
  265   14.484   14.444   35.884    0.689    263.077   121.111
  266   14.466   14.426   35.881    0.690    264.069   122.048
  267   14.445   14.405   35.877    0.691    265.061   123.100
  268   14.386   14.347   35.868    0.693    266.053   124.000
  269   14.356   14.316   35.864    0.694    267.045   124.777
  270   14.333   14.293   35.860    0.695    268.038   125.161
  271   14.302   14.262   35.855    0.697    269.030   124.929
  272   14.287   14.247   35.853    0.698    270.022   124.761
  273   14.277   14.237   35.851    0.699    271.014   124.811
  274   14.265   14.224   35.850    0.701    272.006   124.935
  275   14.256   14.215   35.848    0.702    272.998   125.119
  276   14.237   14.196   35.845    0.703    273.990   125.205
  277   14.213   14.172   35.842    0.705    274.982   125.233
  278   14.206   14.165   35.840    0.706    275.974   125.287
  279   14.167   14.126   35.834    0.707    276.966   125.352
  280   14.145   14.104   35.831    0.708    277.958   125.457
  281   14.134   14.092   35.829    0.710    278.950   125.727
  282   14.119   14.078   35.826    0.711    279.942   125.899
  283   14.059   14.018   35.815    0.712    280.934   126.107
  284   13.994   13.952   35.806    0.714    281.926   126.183
  285   13.959   13.917   35.800    0.715    282.918   126.007
  286   13.936   13.894   35.797    0.716    283.910   125.656
  287   13.921   13.879   35.794    0.718    284.902   125.298
  288   13.885   13.844   35.788    0.719    285.894   125.028
  289   13.865   13.823   35.785    0.720    286.886   124.800
  290   13.835   13.793   35.780    0.722    287.878   124.514
  291   13.828   13.786   35.780    0.723    288.870   123.952
  292   13.826   13.784   35.779    0.724    289.862   123.275
  293   13.823   13.780   35.779    0.725    290.854   122.945
  294   13.818   13.775   35.778    0.727    291.846   122.898
  295   13.808   13.765   35.776    0.728    292.838   122.889
  296   13.788   13.745   35.773    0.729    293.830   122.893
  297   13.765   13.722   35.771    0.731    294.822   122.750
  298   13.753   13.710   35.769    0.732    295.814   122.139
  299   13.732   13.689   35.765    0.733    296.806   121.514
  300   13.710   13.666   35.761    0.734    297.798   121.277
  301   13.680   13.637   35.756    0.736    298.790   121.003
  302   13.667   13.623   35.754    0.737    299.782   120.622
  303   13.649   13.605   35.751    0.738    300.774   119.945
  304   13.617   13.574   35.745    0.740    301.766   119.399
  305   13.565   13.522   35.737    0.741    302.758   119.524
  306   13.537   13.494   35.732    0.742    303.750   119.703
  307   13.520   13.476   35.729    0.743    304.741   119.914
  308   13.485   13.441   35.723    0.745    305.733   120.224
  309   13.449   13.405   35.718    0.746    306.725   120.545
  310   13.428   13.384   35.715    0.747    307.717   120.707
  311   13.394   13.350   35.708    0.748    308.709   120.816
  312   13.354   13.310   35.700    0.750    309.701   120.922
  313   13.262   13.218   35.685    0.751    310.693   121.172
  314   13.222   13.178   35.680    0.752    311.685   121.626
  315   13.209   13.164   35.677    0.753    312.677   122.869
  316   13.165   13.120   35.669    0.755    313.668   123.455
  317   13.113   13.069   35.661    0.756    314.660   123.748
  318   13.048   13.004   35.648    0.757    315.652   123.914
  319   12.999   12.955   35.641    0.758    316.644   124.193
  320   12.955   12.910   35.634    0.760    317.636   124.717
  321   12.937   12.893   35.631    0.761    318.628   125.179
  322   12.934   12.890   35.630    0.762    319.620   125.266
  323   12.925   12.880   35.629    0.763    320.611   125.387
  324   12.911   12.866   35.627    0.765    321.603   125.460
  325   12.898   12.853   35.625    0.766    322.595   125.483
  326   12.886   12.841   35.623    0.767    323.587   125.386
  327   12.857   12.812   35.617    0.768    324.579   125.396
  328   12.813   12.768   35.609    0.770    325.570   125.536
  329   12.740   12.695   35.600    0.771    326.562   125.806
  330   12.730   12.685   35.597    0.772    327.554   126.184
  331   12.725   12.680   35.596    0.773    328.546   126.631
  332   12.716   12.671   35.595    0.774    329.538   126.791
  333   12.704   12.659   35.593    0.776    330.529   126.768
  334   12.696   12.650   35.591    0.777    331.521   126.823
  335   12.684   12.638   35.589    0.778    332.513   126.944
  336   12.650   12.604   35.583    0.779    333.505   127.145
  337   12.631   12.585   35.580    0.781    334.497   127.164
  338   12.622   12.576   35.578    0.782    335.488   127.141
  339   12.595   12.548   35.573    0.783    336.480   127.142
  340   12.563   12.517   35.568    0.784    337.472   127.248
  341   12.544   12.498   35.565    0.785    338.464   127.239
  342   12.537   12.491   35.564    0.787    339.455   127.113
  343   12.527   12.480   35.562    0.788    340.447   127.042
  344   12.509   12.462   35.559    0.789    341.439   127.074
  345   12.484   12.437   35.555    0.790    342.430   127.020
  346   12.469   12.422   35.553    0.791    343.422   126.957
  347   12.456   12.409   35.551    0.793    344.414   126.871
  348   12.435   12.388   35.547    0.794    345.406   126.925
  349   12.427   12.380   35.546    0.795    346.397   126.882
  350   12.380   12.333   35.539    0.796    347.389   126.875
  351   12.342   12.295   35.534    0.797    348.381   126.823
  352   12.320   12.272   35.530    0.799    349.372   126.697
  353   12.296   12.249   35.527    0.800    350.364   126.573
  354   12.284   12.236   35.524    0.801    351.356   126.463
  355   12.259   12.212   35.520    0.802    352.348   126.474
  356   12.224   12.177   35.515    0.803    353.339   126.419
  357   12.178   12.130   35.509    0.805    354.331   126.283
  358   12.165   12.118   35.507    0.806    355.323   125.827
  359   12.160   12.112   35.507    0.807    356.314   125.423
  360   12.154   12.106   35.506    0.808    357.306   125.146
  361   12.149   12.101   35.506    0.809    358.297   124.900
  362   12.145   12.097   35.505    0.811    359.289   124.489
  363   12.143   12.095   35.505    0.812    360.281   124.212
  364   12.141   12.093   35.505    0.813    361.272   124.103
  365   12.141   12.092   35.505    0.814    362.264   124.033
  366   12.140   12.091   35.505    0.815    363.256   123.924
  367   12.136   12.088   35.505    0.816    364.247   123.885
  368   12.129   12.080   35.504    0.818    365.239   123.748
  369   12.124   12.075   35.503    0.819    366.231   123.658
  370   12.121   12.072   35.503    0.820    367.222   123.506
  371   12.113   12.064   35.502    0.821    368.214   123.343
  372   12.112   12.062   35.502    0.822    369.205   123.111
  373   12.114   12.064   35.502    0.824    370.197   122.950
  374   12.091   12.041   35.499    0.825    371.189   122.892
  375   12.067   12.017   35.496    0.826    372.180   122.841
  376   12.042   11.992   35.492    0.827    373.172   122.534
  377   11.977   11.927   35.483    0.828    374.163   122.206
  378   11.942   11.892   35.478    0.829    375.155   121.891
  379   11.931   11.882   35.477    0.831    376.146   121.537
  380   11.926   11.876   35.476    0.832    377.138   121.171
  381   11.920   11.870   35.475    0.833    378.130   120.776
  382   11.912   11.862   35.474    0.834    379.121   120.630
  383   11.897   11.847   35.471    0.835    380.113   120.709
  384   11.886   11.835   35.469    0.836    381.104   120.690
  385   11.879   11.829   35.468    0.838    382.096   120.779
  386   11.868   11.818   35.467    0.839    383.087   121.014
  387   11.867   11.816   35.467    0.840    384.079   121.292
  388   11.854   11.803   35.465    0.841    385.070   121.381
  389   11.844   11.793   35.463    0.842    386.062   121.288
  390   11.841   11.790   35.463    0.843    387.053   121.191
  391   11.841   11.790   35.463    0.845    388.045   121.163
  392   11.830   11.779   35.462    0.846    389.036   121.052
  393   11.825   11.774   35.461    0.847    390.028   120.906
  394   11.820   11.769   35.460    0.848    391.019   120.775
  395   11.813   11.761   35.459    0.849    392.011   120.670
  396   11.806   11.754   35.458    0.850    393.002   120.563
  397   11.796   11.744   35.457    0.852    393.994   120.407
  398   11.783   11.731   35.455    0.853    394.985   120.340
  399   11.777   11.725   35.454    0.854    395.977   120.327
  400   11.767   11.714   35.452    0.855    396.968   120.330
  401   11.753   11.701   35.450    0.856    397.960   120.376
  402   11.737   11.685   35.448    0.857    398.951   120.448
  403   11.727   11.675   35.446    0.859    399.943   120.453
  404   11.716   11.664   35.444    0.860    400.934   120.512
  405   11.687   11.635   35.440    0.861    401.925   120.580
  406   11.656   11.603   35.435    0.862    402.917   120.580
  407   11.632   11.579   35.431    0.863    403.908   120.528
  408   11.619   11.567   35.429    0.864    404.900   120.501
  409   11.614   11.561   35.428    0.865    405.891   120.591
  410   11.612   11.559   35.428    0.867    406.883   120.618
  411   11.599   11.545   35.426    0.868    407.874   120.696
  412   11.566   11.513   35.421    0.869    408.865   120.762
  413   11.557   11.503   35.420    0.870    409.857   120.726
  414   11.552   11.498   35.419    0.871    410.848   120.704
  415   11.543   11.490   35.417    0.872    411.840   120.706
  416   11.506   11.452   35.411    0.873    412.831   120.790
  417   11.414   11.361   35.398    0.875    413.822   120.854
  418   11.383   11.330   35.394    0.876    414.814   120.669
  419   11.357   11.303   35.389    0.877    415.805   120.581
  420   11.337   11.284   35.386    0.878    416.797   120.671
  421   11.320   11.266   35.384    0.879    417.788   120.727
  422   11.295   11.242   35.380    0.880    418.779   120.771
  423   11.280   11.227   35.378    0.881    419.771   120.748
  424   11.266   11.212   35.376    0.883    420.762   120.650
  425   11.247   11.193   35.373    0.884    421.753   120.595
  426   11.241   11.187   35.372    0.885    422.745   120.538
  427   11.235   11.181   35.371    0.886    423.736   120.531
  428   11.225   11.171   35.370    0.887    424.727   120.568
  429   11.209   11.155   35.368    0.888    425.719   120.620
  430   11.202   11.148   35.367    0.889    426.710   120.560
  431   11.197   11.142   35.366    0.890    427.701   120.551
  432   11.187   11.132   35.365    0.892    428.693   120.564
  433   11.178   11.124   35.363    0.893    429.684   120.514
  434   11.168   11.113   35.362    0.894    430.675   120.511
  435   11.157   11.102   35.360    0.895    431.667   120.504
  436   11.144   11.089   35.358    0.896    432.658   120.495
  437   11.111   11.056   35.354    0.897    433.649   120.529
  438   11.096   11.041   35.351    0.898    434.640   120.429
  439   11.091   11.036   35.350    0.899    435.632   120.331
  440   11.076   11.021   35.348    0.901    436.623   120.330
  441   11.036   10.981   35.342    0.902    437.614   120.365
  442   11.012   10.956   35.339    0.903    438.605   120.290
  443   10.978   10.922   35.334    0.904    439.597   120.197
  444   10.947   10.892   35.329    0.905    440.588   120.115
  445   10.897   10.841   35.322    0.906    441.579   120.066
  446   10.866   10.811   35.317    0.907    442.571   119.955
  447   10.845   10.789   35.314    0.908    443.562   119.760
  448   10.830   10.774   35.312    0.909    444.553   119.510
  449   10.813   10.758   35.310    0.911    445.544   119.292
  450   10.797   10.741   35.307    0.912    446.535   119.188
  451   10.782   10.726   35.305    0.913    447.527   119.119
  452   10.752   10.696   35.300    0.914    448.518   119.053
  453   10.687   10.631   35.290    0.915    449.509   119.089
  454   10.647   10.591   35.284    0.916    450.500   119.055
  455   10.622   10.566   35.280    0.917    451.492   119.176
  456   10.599   10.543   35.276    0.918    452.483   119.252
  457   10.583   10.527   35.273    0.919    453.474   119.398
  458   10.561   10.506   35.269    0.920    454.465   119.492
  459   10.554   10.498   35.268    0.922    455.456   119.609
  460   10.551   10.495   35.268    0.923    456.447   119.812
  461   10.543   10.486   35.267    0.924    457.439   119.885
  462   10.537   10.481   35.266    0.925    458.430   119.955
  463   10.536   10.480   35.266    0.926    459.421   119.928
  464   10.529   10.472   35.264    0.927    460.412   119.913
  465   10.512   10.456   35.261    0.928    461.403   119.969
  466   10.480   10.423   35.257    0.929    462.394   120.081
  467   10.461   10.405   35.254    0.930    463.386   120.139
  468   10.455   10.398   35.253    0.931    464.377   120.284
  469   10.451   10.394   35.252    0.932    465.368   120.542
  470   10.443   10.386   35.251    0.933    466.359   120.688
  471   10.432   10.375   35.250    0.935    467.350   120.645
  472   10.427   10.370   35.249    0.936    468.341   120.609
  473   10.417   10.360   35.248    0.937    469.332   120.626
  474   10.405   10.348   35.247    0.938    470.324   120.637
  475   10.395   10.337   35.251    0.939    471.315   120.608
  476   10.345   10.288   35.245    0.940    472.306   120.456
  477   10.308   10.250   35.240    0.941    473.297   119.944
  478   10.303   10.246   35.239    0.942    474.288   119.212
  479   10.296   10.238   35.238    0.943    475.279   118.749
  480   10.287   10.229   35.236    0.944    476.270   118.610
  481   10.267   10.209   35.234    0.945    477.261   118.569
  482   10.241   10.183   35.231    0.946    478.252   118.568
  483   10.180   10.122   35.224    0.947    479.243   118.629
  484   10.177   10.120   35.224    0.949    480.234   118.700
  485   10.173   10.115   35.223    0.950    481.225   118.821
  486   10.152   10.094   35.220    0.951    482.217   119.079
  487   10.129   10.071   35.217    0.952    483.208   119.222
  488   10.091   10.033   35.212    0.953    484.199   119.370
  489   10.042   9.984   35.206    0.954    485.190   119.515
  490   10.012   9.954   35.201    0.955    486.181   119.731
  491   9.984   9.926   35.198    0.956    487.172   119.972
  492   9.960   9.902   35.194    0.957    488.163   120.210
  493   9.912   9.854   35.188    0.958    489.154   120.343
  494   9.870   9.812   35.182    0.959    490.145   120.360
  495   9.845   9.787   35.179    0.960    491.136   120.268
  496   9.827   9.769   35.176    0.961    492.127   120.237
  497   9.812   9.754   35.174    0.962    493.118   120.161
  498   9.803   9.745   35.173    0.963    494.109   120.086
  499   9.800   9.741   35.173    0.964    495.100   120.084
  500   9.787   9.728   35.171    0.965    496.091   120.143
  501   9.784   9.725   35.170    0.966    497.082   120.065
  502   9.781   9.722   35.170    0.967    498.073   119.964
  503   9.768   9.710   35.168    0.968    499.064   119.922
  504   9.726   9.667   35.163    0.969    500.055   119.984
  505   9.694   9.636   35.159    0.970    501.046   120.019
  506   9.667   9.608   35.155    0.972    502.037   120.048
  507   9.651   9.593   35.153    0.973    503.028   120.069
  508   9.639   9.580   35.151    0.974    504.019   120.148
  509   9.637   9.579   35.151    0.975    505.010   120.224
  510   9.634   9.575   35.150    0.976    506.000   120.302
  511   9.633   9.574   35.150    0.977    506.991   120.307
  512   9.624   9.565   35.149    0.978    507.982   120.332
  513   9.618   9.558   35.148    0.979    508.973   120.340
  514   9.609   9.549   35.147    0.980    509.964   120.278
  515   9.606   9.546   35.146    0.981    510.955   120.265
  516   9.601   9.541   35.145    0.982    511.946   120.183
  517   9.592   9.532   35.144    0.983    512.937   120.120
  518   9.580   9.521   35.142    0.984    513.928   120.107
  519   9.564   9.504   35.139    0.985    514.919   120.173
  520   9.545   9.486   35.136    0.986    515.910   120.219
  521   9.531   9.471   35.134    0.987    516.901   120.287
  522   9.497   9.437   35.129    0.988    517.891   120.356
  523   9.457   9.397   35.124    0.989    518.882   120.431
  524   9.435   9.376   35.122    0.990    519.873   120.459
  525   9.424   9.364   35.120    0.991    520.864   120.510
  526   9.412   9.352   35.119    0.992    521.855   120.650
  527   9.405   9.345   35.118    0.993    522.846   120.717
  528   9.383   9.323   35.115    0.994    523.837   120.765
  529   9.374   9.313   35.114    0.995    524.827   120.715
  530   9.343   9.282   35.111    0.996    525.818   120.658
  531   9.304   9.244   35.107    0.997    526.809   120.595
  532   9.271   9.210   35.104    0.998    527.800   120.505
  533   9.263   9.203   35.103    0.999    528.791   120.392
  534   9.263   9.202   35.103    1.000    529.782   120.377
  535   9.259   9.199   35.103    1.001    530.773   120.421
  536   9.242   9.182   35.101    1.002    531.763   120.462
  537   9.229   9.168   35.100    1.003    532.754   120.347
  538   9.167   9.107   35.092    1.004    533.745   120.358
  539   9.131   9.071   35.089    1.005    534.736   120.211
  540   9.084   9.024   35.082    1.006    535.727   120.004
  541   9.060   9.000   35.079    1.007    536.717   119.493
  542   9.056   8.995   35.079    1.008    537.708   118.941
  543   9.052   8.992   35.078    1.009    538.699   118.804
  544   9.049   8.988   35.078    1.010    539.690   118.762
  545   9.047   8.986   35.078    1.011    540.680   118.791
  546   9.044   8.983   35.078    1.012    541.671   118.831
  547   9.042   8.981   35.078    1.013    542.662   118.803
  548   9.035   8.974   35.077    1.014    543.653   118.820
  549   9.031   8.970   35.077    1.015    544.644   118.843
  550   9.011   8.950   35.074    1.016    545.634   118.872
  551   8.955   8.894   35.068    1.017    546.625   118.941
  552   8.942   8.881   35.066    1.018    547.616   118.875
  553   8.931   8.870   35.065    1.019    548.607   118.863
  554   8.922   8.861   35.064    1.020    549.597   118.860
  555   8.919   8.858   35.063    1.021    550.588   118.912
  556   8.918   8.856   35.063    1.022    551.579   118.953
  557   8.911   8.850   35.063    1.023    552.569   119.034
  558   8.905   8.843   35.062    1.024    553.560   119.046
  559   8.897   8.835   35.061    1.025    554.551   119.013
  560   8.887   8.826   35.060    1.026    555.542   118.983
  561   8.880   8.818   35.059    1.027    556.532   119.001
  562   8.869   8.808   35.058    1.028    557.523   119.077
  563   8.861   8.799   35.057    1.029    558.514   119.137
  564   8.849   8.787   35.056    1.030    559.504   119.134
  565   8.832   8.770   35.054    1.031    560.495   119.093
  566   8.819   8.757   35.052    1.032    561.486   119.082
  567   8.794   8.732   35.050    1.033    562.476   119.134
  568   8.765   8.703   35.046    1.034    563.467   119.204
  569   8.735   8.673   35.043    1.035    564.458   119.253
  570   8.701   8.639   35.040    1.036    565.448   119.241
  571   8.667   8.605   35.036    1.037    566.439   119.305
  572   8.662   8.600   35.036    1.038    567.430   119.237
  573   8.662   8.599   35.035    1.039    568.420   119.317
  574   8.661   8.599   35.035    1.040    569.411   119.469
  575   8.658   8.596   35.035    1.041    570.402   119.520
  576   8.645   8.583   35.034    1.042    571.392   119.515
  577   8.622   8.559   35.031    1.042    572.383   119.502
  578   8.611   8.549   35.030    1.043    573.373   119.507
  579   8.582   8.520   35.026    1.044    574.364   119.597
  580   8.561   8.499   35.024    1.045    575.355   119.723
  581   8.551   8.488   35.023    1.046    576.345   119.944
  582   8.549   8.486   35.023    1.047    577.336   120.127
  583   8.545   8.482   35.022    1.048    578.327   120.274
  584   8.534   8.471   35.021    1.049    579.317   120.341
  585   8.522   8.459   35.020    1.050    580.308   120.320
  586   8.509   8.446   35.018    1.051    581.298   120.299
  587   8.502   8.439   35.018    1.052    582.289   120.339
  588   8.493   8.430   35.017    1.053    583.279   120.377
  589   8.488   8.425   35.016    1.054    584.270   120.414
  590   8.467   8.403   35.014    1.055    585.261   120.428
  591   8.429   8.366   35.010    1.056    586.251   120.453
  592   8.394   8.331   35.007    1.057    587.242   120.491
  593   8.378   8.315   35.005    1.058    588.232   120.553
  594   8.362   8.299   35.004    1.059    589.223   120.609
  595   8.336   8.273   35.001    1.060    590.213   120.663
  596   8.330   8.267   35.001    1.061    591.204   120.679
  597   8.325   8.262   35.001    1.062    592.194   120.760
  598   8.320   8.256   35.000    1.063    593.185   120.836
  599   8.304   8.241   34.999    1.063    594.175   120.912
  600   8.286   8.222   34.997    1.064    595.166   120.947
  601   8.264   8.200   34.995    1.065    596.156   120.955
  602   8.239   8.176   34.993    1.066    597.147   121.023
  603   8.230   8.166   34.992    1.067    598.137   121.056
  604   8.226   8.162   34.991    1.068    599.128   121.126
  605   8.217   8.153   34.990    1.069    600.118   121.191
  606   8.193   8.129   34.988    1.070    601.109   121.294
  607   8.174   8.110   34.986    1.071    602.099   121.311
  608   8.149   8.085   34.983    1.072    603.090   121.428
  609   8.123   8.059   34.981    1.073    604.080   121.576
  610   8.089   8.026   34.977    1.074    605.071   121.972
  611   8.076   8.012   34.976    1.075    606.061   122.242
  612   8.065   8.001   34.975    1.076    607.052   122.424
  613   8.034   7.970   34.972    1.077    608.042   122.667
  614   8.023   7.959   34.972    1.077    609.033   122.825
  615   8.007   7.943   34.970    1.078    610.023   122.987
  616   7.986   7.922   34.969    1.079    611.014   123.140
  617   7.973   7.909   34.968    1.080    612.004   123.182
  618   7.967   7.903   34.968    1.081    612.994   123.239
  619   7.956   7.891   34.967    1.082    613.985   123.280
  620   7.947   7.882   34.966    1.083    614.975   123.219
  621   7.940   7.876   34.966    1.084    615.966   123.154
  622   7.920   7.856   34.964    1.085    616.956   123.141
  623   7.905   7.841   34.963    1.086    617.947   123.129
  624   7.893   7.829   34.962    1.087    618.937   123.204
  625   7.891   7.827   34.962    1.087    619.927   123.296
  626   7.877   7.813   34.961    1.088    620.918   123.452
  627   7.837   7.773   34.957    1.089    621.908   123.581
  628   7.814   7.750   34.955    1.090    622.898   123.630
  629   7.791   7.727   34.952    1.091    623.889   123.699
  630   7.746   7.682   34.948    1.092    624.879   123.940
  631   7.717   7.653   34.946    1.093    625.870   124.437
  632   7.706   7.641   34.945    1.094    626.860   124.912
  633   7.701   7.637   34.945    1.095    627.850   125.097
  634   7.685   7.621   34.943    1.096    628.841   125.298
  635   7.673   7.608   34.943    1.096    629.831   125.396
  636   7.655   7.590   34.941    1.097    630.821   125.482
  637   7.628   7.563   34.940    1.098    631.812   125.582
  638   7.620   7.555   34.939    1.099    632.802   125.603
  639   7.617   7.552   34.939    1.100    633.792   125.745
  640   7.612   7.547   34.939    1.101    634.783   125.863
  641   7.606   7.541   34.939    1.102    635.773   125.997
  642   7.594   7.529   34.938    1.103    636.763   126.042
  643   7.592   7.527   34.938    1.104    637.754   126.052
  644   7.590   7.525   34.938    1.104    638.744   126.047
  645   7.589   7.524   34.938    1.105    639.734   126.034
  646   7.586   7.521   34.938    1.106    640.725   126.095
  647   7.582   7.516   34.938    1.107    641.715   126.083
  648   7.572   7.506   34.937    1.108    642.705   126.103
  649   7.547   7.482   34.935    1.109    643.695   126.109
  650   7.531   7.465   34.934    1.110    644.686   126.169
  651   7.520   7.455   34.934    1.111    645.676   126.391
  652   7.516   7.451   34.933    1.112    646.666   126.580
  653   7.511   7.446   34.933    1.112    647.657   126.721
  654   7.507   7.441   34.933    1.113    648.647   126.780
  655   7.500   7.434   34.932    1.114    649.637   126.819
  656   7.488   7.423   34.932    1.115    650.627   126.813
  657   7.473   7.407   34.931    1.116    651.618   126.899
  658   7.467   7.401   34.931    1.117    652.608   126.884
  659   7.461   7.395   34.931    1.118    653.598   126.981
  660   7.458   7.392   34.931    1.119    654.588   127.098
  661   7.455   7.389   34.931    1.119    655.578   127.147
  662   7.450   7.384   34.931    1.120    656.569   127.123
  663   7.445   7.379   34.930    1.121    657.559   127.112
  664   7.441   7.375   34.930    1.122    658.549   127.123
  665   7.434   7.368   34.930    1.123    659.539   127.090
  666   7.409   7.343   34.928    1.124    660.530   127.101
  667   7.393   7.326   34.927    1.125    661.520   127.136
  668   7.384   7.318   34.926    1.126    662.510   127.221
  669   7.365   7.299   34.925    1.126    663.500   127.345
  670   7.349   7.283   34.924    1.127    664.490   127.486
  671   7.343   7.277   34.924    1.128    665.480   127.683
  672   7.342   7.275   34.924    1.129    666.471   127.974
  673   7.341   7.275   34.924    1.130    667.461   128.151
  674   7.330   7.264   34.923    1.131    668.451   128.229
  675   7.323   7.256   34.923    1.132    669.441   128.265
  676   7.314   7.247   34.923    1.132    670.431   128.264
  677   7.299   7.232   34.922    1.133    671.421   128.346
  678   7.276   7.209   34.920    1.134    672.412   128.471
  679   7.238   7.172   34.918    1.135    673.402   128.589
  680   7.232   7.165   34.918    1.136    674.392   128.679
  681   7.227   7.160   34.917    1.137    675.382   128.888
  682   7.217   7.150   34.917    1.138    676.372   129.334
  683   7.184   7.117   34.916    1.138    677.362   129.551
  684   7.181   7.113   34.916    1.139    678.352   129.598
  685   7.179   7.112   34.916    1.140    679.343   129.636
  686   7.174   7.107   34.915    1.141    680.333   129.812
  687   7.166   7.098   34.915    1.142    681.323   130.071
  688   7.154   7.086   34.915    1.143    682.313   130.116
  689   7.148   7.080   34.914    1.143    683.303   130.170
  690   7.147   7.079   34.914    1.144    684.293   130.217
  691   7.146   7.078   34.914    1.145    685.283   130.267
  692   7.143   7.075   34.914    1.146    686.273   130.397
  693   7.135   7.067   34.914    1.147    687.263   130.471
  694   7.106   7.039   34.913    1.148    688.253   130.539
  695   7.103   7.035   34.913    1.149    689.243   130.547
  696   7.098   7.030   34.912    1.149    690.233   130.650
  697   7.087   7.019   34.912    1.150    691.224   130.882
  698   7.078   7.010   34.911    1.151    692.214   131.045
  699   7.059   6.991   34.910    1.152    693.204   131.225
  700   7.014   6.946   34.909    1.153    694.194   131.351
  701   7.002   6.934   34.909    1.154    695.184   131.433
  702   6.998   6.930   34.908    1.154    696.174   131.663
  703   6.995   6.927   34.908    1.155    697.164   132.141
  704   6.992   6.924   34.908    1.156    698.154   132.346
  705   6.985   6.916   34.908    1.157    699.144   132.424
  706   6.976   6.908   34.908    1.158    700.134   132.476
  707   6.968   6.899   34.908    1.159    701.124   132.531
  708   6.964   6.895   34.908    1.159    702.114   132.667
  709   6.957   6.888   34.908    1.160    703.104   132.762
  710   6.934   6.865   34.907    1.161    704.094   132.823
  711   6.921   6.852   34.907    1.162    705.084   132.865
  712   6.911   6.842   34.906    1.163    706.074   132.970
  713   6.903   6.835   34.906    1.163    707.064   133.321
  714   6.896   6.828   34.906    1.164    708.054   133.586
  715   6.883   6.814   34.905    1.165    709.044   133.717
  716   6.873   6.804   34.905    1.166    710.034   133.759
  717   6.868   6.799   34.905    1.167    711.024   133.861
  718   6.866   6.797   34.905    1.168    712.014   134.045
  719   6.861   6.792   34.905    1.168    713.004   134.218
  720   6.857   6.788   34.905    1.169    713.994   134.239
  721   6.849   6.779   34.905    1.170    714.984   134.285
  722   6.810   6.741   34.904    1.171    715.973   134.363
  723   6.797   6.728   34.904    1.172    716.963   134.394
  724   6.793   6.724   34.904    1.172    717.953   134.820
  725   6.788   6.719   34.903    1.173    718.943   135.184
  726   6.780   6.711   34.903    1.174    719.933   135.371
  727   6.763   6.694   34.903    1.175    720.923   135.474
  728   6.740   6.670   34.903    1.176    721.913   135.570
  729   6.727   6.658   34.903    1.176    722.903   135.726
  730   6.722   6.652   34.902    1.177    723.893   136.060
  731   6.721   6.651   34.903    1.178    724.883   136.246
  732   6.719   6.650   34.903    1.179    725.873   136.385
  733   6.716   6.646   34.903    1.180    726.862   136.432
  734   6.712   6.643   34.903    1.180    727.852   136.471
  735   6.707   6.637   34.903    1.181    728.842   136.503
  736   6.703   6.633   34.903    1.182    729.832   136.501
  737   6.695   6.625   34.903    1.183    730.822   136.520
  738   6.679   6.609   34.902    1.184    731.812   136.608
  739   6.675   6.605   34.902    1.184    732.802   136.736
  740   6.674   6.604   34.902    1.185    733.792   136.943
  741   6.673   6.603   34.902    1.186    734.781   137.100
  742   6.669   6.599   34.902    1.187    735.771   137.251
  743   6.659   6.589   34.902    1.188    736.761   137.301
  744   6.645   6.575   34.902    1.188    737.751   137.285
  745   6.631   6.561   34.902    1.189    738.741   137.316
  746   6.622   6.551   34.902    1.190    739.731   137.421
  747   6.608   6.538   34.902    1.191    740.720   137.623
  748   6.595   6.524   34.901    1.191    741.710   137.869
  749   6.586   6.515   34.901    1.192    742.700   138.094
  750   6.583   6.512   34.901    1.193    743.690   138.218
  751   6.580   6.509   34.901    1.194    744.680   138.343
  752   6.578   6.507   34.901    1.195    745.669   138.523
  753   6.576   6.505   34.901    1.195    746.659   138.605
  754   6.575   6.504   34.901    1.196    747.649   138.657
  755   6.563   6.492   34.901    1.197    748.639   138.713
  756   6.551   6.480   34.901    1.198    749.629   138.770
  757   6.546   6.475   34.901    1.199    750.618   138.843
  758   6.545   6.474   34.901    1.199    751.608   139.006
  759   6.540   6.469   34.901    1.200    752.598   139.140
  760   6.537   6.465   34.901    1.201    753.588   139.211
  761   6.536   6.464   34.901    1.202    754.577   139.254
  762   6.535   6.463   34.901    1.202    755.567   139.298
  763   6.532   6.460   34.901    1.203    756.557   139.389
  764   6.531   6.459   34.901    1.204    757.547   139.379
  765   6.526   6.454   34.901    1.205    758.536   139.412
  766   6.519   6.447   34.901    1.206    759.526   139.420
  767   6.507   6.436   34.901    1.206    760.516   139.508
  768   6.496   6.424   34.901    1.207    761.506   139.595
  769   6.481   6.409   34.901    1.208    762.495   139.750
  770   6.467   6.395   34.901    1.209    763.485   139.985
  771   6.452   6.380   34.901    1.209    764.475   140.217
  772   6.446   6.374   34.900    1.210    765.464   140.452
  773   6.444   6.372   34.900    1.211    766.454   140.619
  774   6.444   6.372   34.900    1.212    767.444   140.833
  775   6.442   6.370   34.901    1.212    768.433   140.993
  776   6.442   6.369   34.901    1.213    769.423   141.043
  777   6.439   6.367   34.901    1.214    770.413   141.049
  778   6.432   6.360   34.901    1.215    771.403   141.105
  779   6.428   6.356   34.901    1.215    772.392   141.170
  780   6.427   6.354   34.901    1.216    773.382   141.283
  781   6.425   6.352   34.901    1.217    774.372   141.349
  782   6.423   6.350   34.901    1.218    775.361   141.411
  783   6.421   6.348   34.901    1.219    776.351   141.401
  784   6.419   6.346   34.901    1.219    777.340   141.441
  785   6.412   6.339   34.901    1.220    778.330   141.497
  786   6.405   6.332   34.901    1.221    779.320   141.618
  787   6.400   6.327   34.901    1.222    780.309   141.717
  788   6.396   6.323   34.901    1.222    781.299   141.792
  789   6.394   6.320   34.901    1.223    782.289   141.869
  790   6.393   6.319   34.901    1.224    783.278   141.945
  791   6.391   6.317   34.901    1.225    784.268   142.050
  792   6.390   6.317   34.901    1.225    785.258   142.123
  793   6.387   6.314   34.901    1.226    786.247   142.202
  794   6.385   6.311   34.901    1.227    787.237   142.169
  795   6.383   6.309   34.901    1.228    788.226   142.218
  796   6.380   6.306   34.901    1.228    789.216   142.234
  797   6.376   6.302   34.901    1.229    790.205   142.268
  798   6.373   6.299   34.901    1.230    791.195   142.322
  799   6.371   6.297   34.901    1.231    792.185   142.383
  800   6.361   6.287   34.901    1.231    793.174   142.460
  801   6.355   6.281   34.901    1.232    794.164   142.486
  802   6.337   6.262   34.902    1.233    795.153   142.646
  803   6.321   6.247   34.902    1.234    796.143   142.795
  804   6.320   6.245   34.902    1.234    797.132   142.878
  805   6.319   6.245   34.902    1.235    798.122   143.032
  806   6.313   6.238   34.902    1.236    799.112   143.219
  807   6.302   6.227   34.902    1.237    800.101   143.453
  808   6.293   6.218   34.902    1.237    801.091   143.560
  809   6.282   6.207   34.902    1.238    802.080   143.679
  810   6.264   6.190   34.903    1.239    803.070   143.816
  811   6.260   6.185   34.903    1.240    804.059   143.973
  812   6.259   6.184   34.903    1.240    805.049   144.203
  813   6.258   6.183   34.903    1.241    806.038   144.426
  814   6.251   6.176   34.904    1.242    807.028   144.566
  815   6.246   6.171   34.904    1.243    808.017   144.551
  816   6.238   6.163   34.904    1.243    809.007   144.558
  817   6.224   6.149   34.904    1.244    809.996   144.664
  818   6.221   6.146   34.904    1.245    810.986   144.737
  819   6.213   6.138   34.904    1.246    811.975   144.856
  820   6.207   6.131   34.904    1.246    812.965   144.925
  821   6.205   6.130   34.904    1.247    813.954   145.093
  822   6.203   6.128   34.904    1.248    814.944   145.309
  823   6.201   6.125   34.905    1.249    815.933   145.429
  824   6.197   6.121   34.905    1.249    816.923   145.579
  825   6.195   6.119   34.904    1.250    817.912   145.589
  826   6.194   6.118   34.904    1.251    818.901   145.637
  827   6.193   6.117   34.904    1.252    819.891   145.747
  828   6.193   6.117   34.904    1.252    820.880   145.844
  829   6.183   6.107   34.904    1.253    821.870   145.894
  830   6.183   6.107   34.904    1.254    822.859   145.963
  831   6.182   6.106   34.904    1.254    823.849   146.035
  832   6.180   6.104   34.904    1.255    824.838   146.107
  833   6.180   6.104   34.904    1.256    825.827   146.147
  834   6.180   6.103   34.904    1.257    826.817   146.160
  835   6.176   6.099   34.904    1.257    827.806   146.232
  836   6.168   6.091   34.904    1.258    828.796   146.244
  837   6.158   6.082   34.904    1.259    829.785   146.310
  838   6.132   6.056   34.904    1.260    830.774   146.485
  839   6.117   6.041   34.904    1.260    831.764   146.653
  840   6.113   6.036   34.904    1.261    832.753   146.922
  841   6.106   6.030   34.904    1.262    833.743   147.320
  842   6.100   6.023   34.905    1.263    834.732   147.713
  843   6.097   6.020   34.905    1.263    835.721   147.962
  844   6.090   6.013   34.905    1.264    836.711   148.069
  845   6.081   6.004   34.905    1.265    837.700   148.186
  846   6.080   6.002   34.905    1.265    838.689   148.280
  847   6.079   6.002   34.905    1.266    839.679   148.391
  848   6.079   6.002   34.905    1.267    840.668   148.521
  849   6.079   6.002   34.905    1.268    841.657   148.633
  850   6.078   6.001   34.905    1.268    842.647   148.674
  851   6.078   6.000   34.905    1.269    843.636   148.704
  852   6.077   5.999   34.905    1.270    844.625   148.696
  853   6.076   5.998   34.905    1.270    845.615   148.661
  854   6.069   5.992   34.905    1.271    846.604   148.682
  855   6.066   5.988   34.906    1.272    847.593   148.685
  856   6.063   5.985   34.906    1.273    848.583   148.735
  857   6.061   5.983   34.906    1.273    849.572   148.848
  858   6.060   5.981   34.906    1.274    850.561   148.897
  859   6.057   5.979   34.906    1.275    851.551   148.959
  860   6.056   5.977   34.906    1.276    852.540   149.036
  861   6.049   5.971   34.906    1.276    853.529   149.133
  862   6.043   5.965   34.906    1.277    854.518   149.194
  863   6.021   5.943   34.907    1.278    855.508   149.265
  864   6.007   5.929   34.908    1.278    856.497   149.336
  865   6.002   5.924   34.908    1.279    857.486   149.458
  866   5.980   5.901   34.908    1.280    858.476   149.689
  867   5.969   5.891   34.908    1.281    859.465   149.837
  868   5.968   5.889   34.908    1.281    860.454   150.054
  869   5.965   5.887   34.908    1.282    861.443   150.322
  870   5.964   5.885   34.908    1.283    862.433   150.553
  871   5.953   5.874   34.908    1.283    863.422   150.740
  872   5.946   5.867   34.908    1.284    864.411   150.855
  873   5.944   5.866   34.908    1.285    865.400   150.988
  874   5.944   5.865   34.908    1.285    866.389   151.184
  875   5.940   5.861   34.908    1.286    867.379   151.320
  876   5.938   5.859   34.909    1.287    868.368   151.425
  877   5.933   5.854   34.909    1.288    869.357   151.525
  878   5.931   5.852   34.908    1.288    870.346   151.632
  879   5.929   5.849   34.908    1.289    871.336   151.738
  880   5.921   5.842   34.908    1.290    872.325   151.823
  881   5.914   5.835   34.909    1.290    873.314   151.840
  882   5.896   5.816   34.909    1.291    874.303   151.958
  883   5.884   5.805   34.909    1.292    875.292   152.031
  884   5.875   5.796   34.909    1.292    876.281   152.332
  885   5.869   5.790   34.909    1.293    877.271   152.766
  886   5.869   5.789   34.909    1.294    878.260   152.979
  887   5.867   5.787   34.909    1.295    879.249   153.154
  888   5.865   5.786   34.909    1.295    880.238   153.292
  889   5.863   5.784   34.909    1.296    881.227   153.441
  890   5.862   5.782   34.910    1.297    882.216   153.510
  891   5.860   5.780   34.910    1.297    883.206   153.551
  892   5.858   5.778   34.910    1.298    884.195   153.620
  893   5.857   5.777   34.910    1.299    885.184   153.701
  894   5.855   5.775   34.910    1.299    886.173   153.716
  895   5.853   5.773   34.910    1.300    887.162   153.743
  896   5.850   5.770   34.910    1.301    888.151   153.791
  897   5.831   5.751   34.910    1.301    889.140   153.849
  898   5.815   5.735   34.911    1.302    890.129   153.918
  899   5.806   5.726   34.911    1.303    891.119   154.032
  900   5.800   5.719   34.911    1.304    892.108   154.313
  901   5.796   5.716   34.911    1.304    893.097   154.562
  902   5.795   5.715   34.911    1.305    894.086   154.791
  903   5.793   5.712   34.911    1.306    895.075   155.009
  904   5.788   5.708   34.911    1.306    896.064   155.096
  905   5.782   5.701   34.912    1.307    897.053   155.245
  906   5.779   5.698   34.912    1.308    898.042   155.263
  907   5.774   5.693   34.912    1.308    899.031   155.326
  908   5.770   5.689   34.912    1.309    900.020   155.353
  909   5.767   5.686   34.912    1.310    901.009   155.456
  910   5.765   5.684   34.912    1.310    901.998   155.598
  911   5.761   5.680   34.912    1.311    902.987   155.768
  912   5.756   5.675   34.913    1.312    903.977   155.877
  913   5.753   5.671   34.913    1.312    904.966   155.975
  914   5.747   5.666   34.913    1.313    905.955   156.011
  915   5.741   5.659   34.913    1.314    906.944   156.060
  916   5.733   5.651   34.913    1.314    907.933   156.155
  917   5.724   5.643   34.914    1.315    908.922   156.325
  918   5.716   5.635   34.914    1.316    909.911   156.525
  919   5.712   5.631   34.914    1.316    910.900   156.717
  920   5.710   5.628   34.914    1.317    911.889   156.932
  921   5.708   5.626   34.914    1.318    912.878   157.121
  922   5.701   5.619   34.914    1.319    913.867   157.262
  923   5.696   5.614   34.914    1.319    914.856   157.427
  924   5.687   5.605   34.914    1.320    915.845   157.540
  925   5.679   5.597   34.914    1.321    916.834   157.645
  926   5.676   5.594   34.914    1.321    917.823   157.722
  927   5.674   5.592   34.915    1.322    918.812   157.890
  928   5.672   5.589   34.915    1.323    919.801   158.151
  929   5.666   5.583   34.915    1.323    920.790   158.297
  930   5.662   5.580   34.915    1.324    921.779   158.381
  931   5.660   5.577   34.915    1.325    922.767   158.436
  932   5.656   5.574   34.915    1.325    923.756   158.584
  933   5.650   5.568   34.916    1.326    924.745   158.783
  934   5.648   5.565   34.916    1.327    925.734   158.916
  935   5.638   5.556   34.916    1.327    926.723   159.013
  936   5.623   5.541   34.916    1.328    927.712   159.189
  937   5.611   5.529   34.917    1.329    928.701   159.310
  938   5.593   5.510   34.917    1.329    929.690   159.530
  939   5.586   5.503   34.917    1.330    930.679   159.897
  940   5.583   5.500   34.917    1.330    931.668   160.306
  941   5.580   5.497   34.917    1.331    932.657   160.636
  942   5.574   5.492   34.918    1.332    933.646   160.846
  943   5.564   5.481   34.918    1.332    934.635   161.040
  944   5.552   5.469   34.918    1.333    935.623   161.207
  945   5.533   5.450   34.919    1.334    936.612   161.451
  946   5.489   5.407   34.920    1.334    937.601   161.739
  947   5.477   5.395   34.920    1.335    938.590   161.937
  948   5.474   5.392   34.920    1.336    939.579   162.384
  949   5.472   5.389   34.920    1.336    940.568   163.079
  950   5.466   5.383   34.921    1.337    941.557   163.868
  951   5.461   5.378   34.921    1.338    942.546   164.207
  952   5.460   5.377   34.921    1.338    943.534   164.430
  953   5.458   5.375   34.921    1.339    944.523   164.532
  954   5.452   5.369   34.921    1.340    945.512   164.645
  955   5.450   5.367   34.922    1.340    946.501   164.735
  956   5.443   5.360   34.922    1.341    947.490   164.806
  957   5.434   5.351   34.922    1.341    948.479   164.943
  958   5.429   5.346   34.922    1.342    949.468   164.985
  959   5.428   5.345   34.922    1.343    950.456   165.088
  960   5.426   5.342   34.922    1.343    951.445   165.231
  961   5.423   5.340   34.922    1.344    952.434   165.444
  962   5.418   5.334   34.923    1.345    953.423   165.715
  963   5.407   5.324   34.923    1.345    954.412   165.864
  964   5.402   5.318   34.923    1.346    955.400   165.909
  965   5.396   5.312   34.923    1.346    956.389   165.924
  966   5.385   5.302   34.924    1.347    957.378   166.065
  967   5.379   5.295   34.924    1.348    958.367   166.290
  968   5.378   5.294   34.924    1.348    959.356   166.529
  969   5.375   5.291   34.924    1.349    960.344   166.731
  970   5.372   5.288   34.924    1.350    961.333   166.962
  971   5.368   5.284   34.924    1.350    962.322   167.113
  972   5.364   5.280   34.924    1.351    963.311   167.227
  973   5.360   5.276   34.925    1.352    964.299   167.290
  974   5.356   5.272   34.925    1.352    965.288   167.418
  975   5.352   5.268   34.925    1.353    966.277   167.554
  976   5.350   5.266   34.925    1.353    967.266   167.682
  977   5.345   5.261   34.925    1.354    968.254   167.746
  978   5.341   5.257   34.925    1.355    969.243   167.795
  979   5.333   5.249   34.925    1.355    970.232   167.903
  980   5.321   5.237   34.926    1.356    971.221   168.101
  981   5.318   5.234   34.926    1.356    972.209   168.239
  982   5.314   5.230   34.926    1.357    973.198   168.449
  983   5.312   5.228   34.926    1.358    974.187   168.628
  984   5.312   5.227   34.926    1.358    975.175   168.815
  985   5.309   5.224   34.926    1.359    976.164   169.022
  986   5.289   5.204   34.927    1.360    977.153   169.213
  987   5.282   5.197   34.927    1.360    978.142   169.294
  988   5.276   5.191   34.927    1.361    979.130   169.457
  989   5.264   5.179   34.928    1.361    980.119   169.686
  990   5.260   5.175   34.928    1.362    981.108   169.884
  991   5.257   5.172   34.928    1.363    982.096   170.175
  992   5.256   5.170   34.928    1.363    983.085   170.544
  993   5.241   5.156   34.928    1.364    984.074   170.798
  994   5.224   5.138   34.929    1.364    985.062   170.896
  995   5.216   5.131   34.929    1.365    986.051   170.989
  996   5.214   5.129   34.929    1.366    987.040   171.188
  997   5.210   5.125   34.929    1.366    988.028   171.578
  998   5.209   5.123   34.929    1.367    989.017   172.033
  999   5.207   5.121   34.930    1.368    990.006   172.283
 1000   5.204   5.119   34.930    1.368    990.994   172.330
 1001   5.202   5.117   34.930    1.369    991.983   172.380
 1002   5.200   5.114   34.930    1.369    992.971   172.460
 1003   5.196   5.110   34.930    1.370    993.960   172.563
 1004   5.194   5.108   34.930    1.371    994.949   172.699
 1005   5.192   5.106   34.930    1.371    995.937   172.822
 1006   5.186   5.100   34.930    1.372    996.926   172.901
 1007   5.178   5.092   34.931    1.372    997.914   173.053
 1008   5.168   5.082   34.931    1.373    998.903   173.176
 1009   5.160   5.074   34.931    1.374    999.892   173.277
 1010   5.155   5.069   34.931    1.374    1000.880   173.513
 1011   5.150   5.064   34.932    1.375    1001.869   173.813
 1012   5.149   5.063   34.932    1.375    1002.857   174.033
 1013   5.148   5.061   34.932    1.376    1003.846   174.199
 1014   5.148   5.061   34.932    1.377    1004.835   174.359
 1015   5.147   5.061   34.932    1.377    1005.823   174.466
 1016   5.146   5.059   34.932    1.378    1006.812   174.523
 1017   5.139   5.053   34.932    1.378    1007.800   174.619
 1018   5.130   5.043   34.932    1.379    1008.789   174.664
 1019   5.122   5.035   34.933    1.379    1009.777   174.730
 1020   5.109   5.022   34.933    1.380    1010.766   174.823
 1021   5.101   5.014   34.933    1.381    1011.754   175.041
 1022   5.098   5.011   34.933    1.381    1012.743   175.314
 1023   5.094   5.008   34.934    1.382    1013.731   175.596
 1024   5.090   5.003   34.934    1.382    1014.720   175.864
 1025   5.084   4.997   34.934    1.383    1015.708   176.138
 1026   5.082   4.995   34.934    1.384    1016.697   176.333
 1027   5.077   4.990   34.934    1.384    1017.685   176.441
 1028   5.071   4.984   34.934    1.385    1018.674   176.529
 1029   5.063   4.976   34.935    1.385    1019.662   176.712
 1030   5.062   4.975   34.935    1.386    1020.651   176.927
 1031   5.059   4.972   34.935    1.387    1021.639   177.277
 1032   5.053   4.966   34.935    1.387    1022.628   177.439
 1033   5.049   4.962   34.936    1.388    1023.616   177.486
 1034   5.047   4.960   34.935    1.388    1024.605   177.526
 1035   5.046   4.959   34.936    1.389    1025.593   177.606
 1036   5.045   4.958   34.936    1.389    1026.582   177.799
 1037   5.041   4.953   34.936    1.390    1027.570   177.909
 1038   5.040   4.952   34.936    1.391    1028.559   177.962
 1039   5.036   4.948   34.936    1.391    1029.547   178.070
 1040   5.033   4.945   34.936    1.392    1030.536   178.182
 1041   5.031   4.943   34.936    1.392    1031.524   178.357
 1042   5.029   4.941   34.936    1.393    1032.513   178.454
 1043   5.025   4.937   34.936    1.394    1033.501   178.534
 1044   5.020   4.932   34.937    1.394    1034.489   178.614
 1045   5.018   4.930   34.937    1.395    1035.478   178.629
 1046   5.017   4.929   34.937    1.395    1036.466   178.755
 1047   5.017   4.929   34.937    1.396    1037.455   178.824
 1048   5.017   4.928   34.937    1.396    1038.443   178.891
 1049   5.017   4.928   34.937    1.397    1039.431   178.937
 1050   5.017   4.928   34.937    1.398    1040.420   178.983
 1051   5.017   4.928   34.937    1.398    1041.408   179.024
 1052   5.016   4.927   34.937    1.399    1042.397   179.078
 1053   5.016   4.927   34.937    1.399    1043.385   179.044
 1054   5.016   4.926   34.937    1.400    1044.373   179.067
 1055   5.016   4.926   34.937    1.400    1045.362   179.064
 1056   5.015   4.925   34.937    1.401    1046.350   179.073
 1057   5.013   4.924   34.937    1.402    1047.339   179.135
 1058   5.011   4.922   34.937    1.402    1048.327   179.197
 1059   5.005   4.916   34.937    1.403    1049.315   179.223
 1060   4.993   4.904   34.938    1.403    1050.304   179.298
 1061   4.986   4.897   34.938    1.404    1051.292   179.387
 1062   4.978   4.888   34.938    1.405    1052.280   179.586
 1063   4.977   4.887   34.938    1.405    1053.269   179.862
 1064   4.976   4.887   34.938    1.406    1054.257   180.096
 1065   4.974   4.884   34.938    1.406    1055.245   180.316
 1066   4.971   4.881   34.939    1.407    1056.234   180.508
 1067   4.969   4.879   34.939    1.407    1057.222   180.594
 1068   4.966   4.876   34.939    1.408    1058.210   180.652
 1069   4.964   4.874   34.939    1.409    1059.199   180.770
 1070   4.956   4.866   34.939    1.409    1060.187   180.976
 1071   4.950   4.860   34.939    1.410    1061.175   181.088
 1072   4.948   4.858   34.939    1.410    1062.163   181.191
 1073   4.948   4.857   34.940    1.411    1063.152   181.336
 1074   4.947   4.856   34.940    1.411    1064.140   181.525
 1075   4.945   4.854   34.939    1.412    1065.128   181.679
 1076   4.942   4.851   34.940    1.413    1066.117   181.864
 1077   4.937   4.847   34.940    1.413    1067.105   181.964
 1078   4.933   4.843   34.940    1.414    1068.093   182.026
 1079   4.926   4.835   34.940    1.414    1069.081   182.110
 1080   4.922   4.832   34.940    1.415    1070.070   182.172
 1081   4.922   4.832   34.940    1.415    1071.058   182.313
 1082   4.916   4.825   34.941    1.416    1072.046   182.511
 1083   4.903   4.812   34.941    1.417    1073.034   182.723
 1084   4.895   4.804   34.941    1.417    1074.023   182.841
 1085   4.894   4.803   34.941    1.418    1075.011   182.920
 1086   4.894   4.803   34.941    1.418    1075.999   183.201
 1087   4.894   4.802   34.941    1.419    1076.987   183.574
 1088   4.889   4.798   34.942    1.419    1077.976   183.782
 1089   4.882   4.790   34.942    1.420    1078.964   183.905
 1090   4.872   4.781   34.942    1.420    1079.952   183.879
 1091   4.864   4.772   34.942    1.421    1080.940   184.016
 1092   4.861   4.769   34.943    1.422    1081.928   184.225
 1093   4.860   4.769   34.942    1.422    1082.917   184.446
 1094   4.856   4.765   34.943    1.423    1083.905   184.664
 1095   4.853   4.762   34.943    1.423    1084.893   184.772
 1096   4.851   4.760   34.943    1.424    1085.881   184.897
 1097   4.851   4.759   34.943    1.424    1086.869   184.916
 1098   4.847   4.756   34.943    1.425    1087.858   184.948
 1099   4.843   4.751   34.943    1.425    1088.846   184.910
 1100   4.838   4.746   34.943    1.426    1089.834   184.932
 1101   4.834   4.742   34.943    1.427    1090.822   184.944
 1102   4.830   4.738   34.944    1.427    1091.810   185.049
 1103   4.827   4.735   34.944    1.428    1092.798   185.312
 1104   4.825   4.733   34.944    1.428    1093.786   185.588
 1105   4.822   4.730   34.944    1.429    1094.775   185.700
 1106   4.818   4.725   34.944    1.429    1095.763   185.840
 1107   4.812   4.720   34.944    1.430    1096.751   185.922
 1108   4.806   4.714   34.944    1.430    1097.739   186.055
 1109   4.802   4.709   34.945    1.431    1098.727   186.198
 1110   4.799   4.706   34.945    1.432    1099.715   186.278
 1111   4.797   4.705   34.945    1.432    1100.703   186.341
 1112   4.796   4.703   34.945    1.433    1101.691   186.478
 1113   4.795   4.702   34.945    1.433    1102.680   186.654
 1114   4.794   4.701   34.945    1.434    1103.668   186.832
 1115   4.792   4.699   34.945    1.434    1104.656   186.938
 1116   4.790   4.697   34.945    1.435    1105.644   187.042
 1117   4.787   4.694   34.945    1.435    1106.632   187.053
 1118   4.782   4.689   34.945    1.436    1107.620   187.108
 1119   4.780   4.687   34.946    1.437    1108.608   187.196
 1120   4.770   4.677   34.946    1.437    1109.596   187.362
 1121   4.766   4.673   34.946    1.438    1110.584   187.459
 1122   4.765   4.671   34.946    1.438    1111.572   187.554
 1123   4.760   4.667   34.946    1.439    1112.560   187.813
 1124   4.757   4.664   34.946    1.439    1113.548   187.999
 1125   4.755   4.661   34.947    1.440    1114.536   188.127
 1126   4.754   4.661   34.947    1.440    1115.525   188.208
 1127   4.753   4.659   34.947    1.441    1116.513   188.264
 1128   4.751   4.657   34.947    1.441    1117.501   188.401
 1129   4.748   4.655   34.947    1.442    1118.489   188.544
 1130   4.742   4.648   34.947    1.443    1119.477   188.658
 1131   4.736   4.642   34.947    1.443    1120.465   188.678
 1132   4.736   4.642   34.947    1.444    1121.453   188.782
 1133   4.736   4.642   34.947    1.444    1122.441   188.948
 1134   4.736   4.642   34.947    1.445    1123.429   189.199
 1135   4.735   4.641   34.947    1.445    1124.417   189.350
 1136   4.735   4.641   34.947    1.446    1125.405   189.419
 1137   4.734   4.640   34.948    1.446    1126.393   189.430
 1138   4.734   4.640   34.947    1.447    1127.381   189.366
 1139   4.732   4.637   34.948    1.447    1128.369   189.369
 1140   4.723   4.628   34.948    1.448    1129.357   189.406
 1141   4.718   4.623   34.948    1.449    1130.345   189.481
 1142   4.716   4.622   34.948    1.449    1131.333   189.623
 1143   4.716   4.621   34.948    1.450    1132.321   189.835
 1144   4.715   4.620   34.948    1.450    1133.309   189.993
 1145   4.714   4.619   34.948    1.451    1134.296   190.187
 1146   4.709   4.614   34.949    1.451    1135.284   190.251
 1147   4.708   4.613   34.949    1.452    1136.272   190.313
 1148   4.708   4.613   34.949    1.452    1137.260   190.384
 1149   4.707   4.612   34.949    1.453    1138.248   190.470
 1150   4.706   4.610   34.949    1.453    1139.236   190.552
 1151   4.703   4.608   34.949    1.454    1140.224   190.649
 1152   4.703   4.607   34.949    1.454    1141.212   190.684
 1153   4.703   4.607   34.949    1.455    1142.200   190.743
 1154   4.702   4.607   34.949    1.456    1143.188   190.733
 1155   4.701   4.606   34.949    1.456    1144.176   190.727
 1156   4.701   4.605   34.949    1.457    1145.164   190.770
 1157   4.700   4.604   34.949    1.457    1146.152   190.800
 1158   4.699   4.603   34.949    1.458    1147.139   190.892
 1159   4.699   4.603   34.949    1.458    1148.127   191.001
 1160   4.696   4.599   34.949    1.459    1149.115   191.055
 1161   4.693   4.597   34.949    1.459    1150.103   191.086
 1162   4.689   4.593   34.949    1.460    1151.091   191.169
 1163   4.687   4.591   34.949    1.460    1152.079   191.256
 1164   4.683   4.587   34.950    1.461    1153.067   191.404
 1165   4.682   4.586   34.950    1.461    1154.055   191.489
 1166   4.682   4.586   34.950    1.462    1155.042   191.568
 1167   4.682   4.586   34.950    1.463    1156.030   191.660
 1168   4.682   4.586   34.950    1.463    1157.018   191.700
 1169   4.681   4.584   34.950    1.464    1158.006   191.791
 1170   4.677   4.580   34.950    1.464    1158.994   191.836
 1171   4.675   4.578   34.950    1.465    1159.982   191.939
 1172   4.672   4.575   34.950    1.465    1160.970   191.966
 1173   4.668   4.571   34.950    1.466    1161.957   192.007
 1174   4.666   4.569   34.950    1.466    1162.945   192.040
 1175   4.661   4.564   34.951    1.467    1163.933   192.144
 1176   4.659   4.561   34.950    1.467    1164.921   192.381
 1177   4.657   4.560   34.951    1.468    1165.909   192.518
 1178   4.657   4.559   34.951    1.468    1166.896   192.627
 1179   4.656   4.559   34.951    1.469    1167.884   192.671
 1180   4.656   4.558   34.951    1.470    1168.872   192.753
 1181   4.654   4.556   34.951    1.470    1169.860   192.807
 1182   4.647   4.549   34.951    1.471    1170.848   192.909
 1183   4.642   4.544   34.951    1.471    1171.835   192.955
 1184   4.635   4.537   34.951    1.472    1172.823   193.029
 1185   4.631   4.533   34.952    1.472    1173.811   193.371
 1186   4.629   4.531   34.952    1.473    1174.799   193.597
 1187   4.628   4.530   34.952    1.473    1175.786   193.765
 1188   4.626   4.528   34.952    1.474    1176.774   193.933
 1189   4.626   4.527   34.952    1.474    1177.762   193.956
 1190   4.623   4.525   34.952    1.475    1178.750   194.030
 1191   4.621   4.523   34.952    1.475    1179.737   194.114
 1192   4.618   4.520   34.952    1.476    1180.725   194.152
 1193   4.614   4.516   34.953    1.476    1181.713   194.260
 1194   4.610   4.511   34.953    1.477    1182.701   194.473
 1195   4.608   4.509   34.953    1.478    1183.688   194.615
 1196   4.606   4.508   34.953    1.478    1184.676   194.745
 1197   4.606   4.507   34.953    1.479    1185.664   194.844
 1198   4.601   4.502   34.953    1.479    1186.651   194.859
 1199   4.600   4.501   34.953    1.480    1187.639   194.865
 1200   4.598   4.499   34.953    1.480    1188.627   194.964
 1201   4.596   4.497   34.953    1.481    1189.615   195.066
 1202   4.595   4.496   34.953    1.481    1190.602   195.076
 1203   4.591   4.492   34.954    1.482    1191.590   195.231
 1204   4.583   4.484   34.954    1.482    1192.578   195.481
 1205   4.579   4.480   34.954    1.483    1193.565   195.717
 1206   4.575   4.476   34.954    1.483    1194.553   195.847
 1207   4.573   4.474   34.954    1.484    1195.541   195.967
 1208   4.573   4.473   34.954    1.484    1196.528   196.224
 1209   4.571   4.471   34.954    1.485    1197.516   196.384
 1210   4.564   4.464   34.955    1.485    1198.504   196.477
 1211   4.562   4.462   34.955    1.486    1199.491   196.553
 1212   4.560   4.461   34.955    1.486    1200.479   196.679
 1213   4.558   4.459   34.955    1.487    1201.467   196.862
 1214   4.557   4.457   34.955    1.488    1202.454   196.962
 1215   4.555   4.455   34.955    1.488    1203.442   197.051
 1216   4.554   4.454   34.955    1.489    1204.429   197.145
 1217   4.552   4.452   34.955    1.489    1205.417   197.235
 1218   4.550   4.450   34.956    1.490    1206.405   197.360
 1219   4.545   4.445   34.956    1.490    1207.392   197.435
 1220   4.543   4.443   34.956    1.491    1208.380   197.512
 1221   4.535   4.435   34.956    1.491    1209.367   197.623
 1222   4.528   4.428   34.956    1.492    1210.355   197.841
 1223   4.525   4.424   34.956    1.492    1211.343   197.999
 1224   4.523   4.422   34.956    1.493    1212.330   198.196
 1225   4.521   4.421   34.956    1.493    1213.318   198.368
 1226   4.520   4.420   34.956    1.494    1214.305   198.491
 1227   4.517   4.416   34.957    1.494    1215.293   198.589
 1228   4.515   4.415   34.957    1.495    1216.281   198.645
 1229   4.515   4.414   34.957    1.495    1217.268   198.705
 1230   4.515   4.414   34.957    1.496    1218.256   198.766
 1231   4.514   4.414   34.957    1.496    1219.243   198.758
 1232   4.514   4.413   34.957    1.497    1220.231   198.743
 1233   4.513   4.412   34.957    1.497    1221.218   198.792
 1234   4.513   4.412   34.957    1.498    1222.206   198.805
 1235   4.510   4.408   34.957    1.498    1223.193   198.838
 1236   4.508   4.407   34.957    1.499    1224.181   198.896
 1237   4.507   4.406   34.957    1.499    1225.168   198.994
 1238   4.505   4.404   34.957    1.500    1226.156   199.059
 1239   4.505   4.403   34.957    1.501    1227.144   199.094
 1240   4.504   4.402   34.957    1.501    1228.131   199.181
 1241   4.504   4.402   34.957    1.502    1229.119   199.273
 1242   4.504   4.402   34.957    1.502    1230.106   199.364
 1243   4.504   4.403   34.957    1.503    1231.094   199.336
 1244   4.505   4.403   34.957    1.503    1232.081   199.346
