 station cast   lat    long    jday   mo/da/yr   gmt
  97      1   22.971 -90.499   284    10/11/21  1124 
 
    File created by Jay Hooper - 13-Dec-2021   
            GOMECC4 Cruise Sep 2021 
             NOAA Ship Ronald H Brown
                  
 
     Primary (T,S,O) sensors - Calibrated CTD data   

   pr       te       th       sa       ht       ga       ox
dbars    deg c    deg c      psu  dyn. cm    gamma  umol/kg
    1   29.595   29.595   36.220    0.005    0.994   193.425
    2   29.595   29.595   36.220    0.010    1.987   193.452
    3   29.595   29.595   36.219    0.015    2.981   193.478
    4   29.595   29.594   36.219    0.020    3.975   193.505
    5   29.595   29.594   36.219    0.025    4.968   193.493
    6   29.596   29.595   36.219    0.030    5.962   193.656
    7   29.597   29.595   36.220    0.035    6.956   193.536
    8   29.598   29.596   36.220    0.041    7.950   193.404
    9   29.599   29.597   36.221    0.046    8.943   193.421
   10   29.600   29.598   36.221    0.051    9.937   193.766
   11   29.601   29.599   36.223    0.056    10.930   193.741
   12   29.601   29.598   36.229    0.061    11.924   193.523
   13   29.592   29.589   36.239    0.066    12.918   193.168
   14   29.584   29.580   36.249    0.071    13.911   193.622
   15   29.574   29.570   36.258    0.076    14.905   194.116
   16   29.570   29.566   36.264    0.081    15.899   194.158
   17   29.571   29.567   36.269    0.086    16.892   194.167
   18   29.546   29.542   36.267    0.091    17.886   194.824
   19   29.536   29.531   36.267    0.096    18.880   194.301
   20   29.527   29.522   36.273    0.101    19.873   193.871
   21   29.514   29.509   36.275    0.106    20.867   194.092
   22   29.514   29.508   36.278    0.111    21.860   193.754
   23   29.531   29.525   36.293    0.116    22.854   194.241
   24   29.520   29.514   36.299    0.121    23.848   196.013
   25   29.483   29.477   36.302    0.126    24.841   196.079
   26   29.452   29.446   36.311    0.131    25.835   196.065
   27   29.432   29.425   36.319    0.136    26.828   196.539
   28   29.418   29.411   36.329    0.141    27.822   197.153
   29   29.406   29.399   36.336    0.146    28.815   196.922
   30   29.376   29.368   36.342    0.151    29.809   196.482
   31   29.367   29.359   36.354    0.156    30.803   196.770
   32   29.321   29.313   36.380    0.161    31.796   196.160
   33   29.284   29.276   36.385    0.165    32.790   196.169
   34   29.278   29.270   36.397    0.170    33.783   196.702
   35   29.261   29.252   36.402    0.175    34.777   196.421
   36   29.244   29.235   36.406    0.180    35.770   196.827
   37   29.237   29.228   36.418    0.185    36.764   196.697
   38   29.254   29.244   36.438    0.190    37.757   196.412
   39   29.284   29.274   36.475    0.194    38.751   195.982
   40   29.206   29.196   36.471    0.199    39.744   195.721
   41   29.045   29.035   36.453    0.204    40.738   197.232
   42   28.892   28.882   36.457    0.209    41.731   199.077
   43   28.832   28.822   36.468    0.213    42.725   200.169
   44   28.641   28.630   36.468    0.218    43.718   199.907
   45   28.190   28.180   36.463    0.222    44.712   200.025
   46   27.933   27.922   36.462    0.227    45.705   201.043
   47   27.911   27.899   36.463    0.231    46.699   200.831
   48   27.827   27.816   36.470    0.235    47.692   199.381
   49   27.708   27.697   36.473    0.240    48.686   196.634
   50   27.612   27.601   36.473    0.244    49.679   195.217
   51   27.550   27.538   36.473    0.248    50.673   194.694
   52   27.280   27.267   36.463    0.252    51.666   194.926
   53   27.072   27.060   36.455    0.257    52.660   197.298
   54   26.988   26.975   36.453    0.261    53.653   198.973
   55   26.916   26.903   36.450    0.265    54.647   198.824
   56   26.748   26.735   36.446    0.269    55.640   198.910
   57   26.611   26.598   36.443    0.273    56.633   200.851
   58   26.524   26.511   36.448    0.277    57.627   203.203
   59   26.482   26.468   36.457    0.281    58.620   204.495
   60   26.481   26.468   36.487    0.285    59.614   204.311
   61   26.498   26.484   36.499    0.289    60.607   203.077
   62   26.233   26.219   36.477    0.292    61.601   202.493
   63   26.008   25.993   36.454    0.296    62.594   203.436
   64   25.900   25.886   36.451    0.300    63.587   205.740
   65   25.703   25.688   36.451    0.304    64.581   207.221
   66   25.494   25.479   36.451    0.307    65.574   207.390
   67   25.248   25.233   36.459    0.311    66.568   207.494
   68   24.945   24.930   36.456    0.314    67.561   205.784
   69   24.766   24.751   36.438    0.318    68.554   203.363
   70   24.501   24.486   36.421    0.321    69.548   203.655
   71   24.244   24.229   36.422    0.325    70.541   204.041
   72   23.981   23.965   36.407    0.328    71.534   202.288
   73   23.708   23.693   36.380    0.331    72.528   199.975
   74   23.593   23.578   36.372    0.334    73.521   200.114
   75   23.527   23.511   36.369    0.337    74.514   201.300
   76   23.408   23.392   36.358    0.340    75.508   201.528
   77   23.289   23.273   36.350    0.344    76.501   200.895
   78   23.171   23.154   36.341    0.347    77.494   200.493
   79   23.051   23.035   36.330    0.350    78.488   200.213
   80   22.986   22.970   36.323    0.353    79.481   200.295
   81   22.850   22.833   36.308    0.356    80.474   200.285
   82   22.702   22.685   36.294    0.359    81.468   200.039
   83   22.601   22.584   36.296    0.362    82.461   199.458
   84   22.477   22.460   36.303    0.365    83.454   198.329
   85   22.436   22.418   36.317    0.367    84.448   196.277
   86   22.356   22.338   36.343    0.370    85.441   194.345
   87   22.160   22.143   36.347    0.373    86.434   191.248
   88   21.948   21.930   36.359    0.376    87.428   186.648
   89   21.789   21.771   36.376    0.378    88.421   181.449
   90   21.696   21.678   36.392    0.381    89.414   175.703
   91   21.663   21.646   36.398    0.384    90.407   170.048
   92   21.655   21.636   36.403    0.386    91.401   168.044
   93   21.619   21.601   36.407    0.389    92.394   168.948
   94   21.484   21.465   36.414    0.392    93.387   169.476
   95   21.287   21.268   36.412    0.394    94.380   166.191
   96   21.238   21.219   36.403    0.397    95.374   161.078
   97   21.198   21.180   36.393    0.399    96.367   160.074
   98   21.144   21.125   36.386    0.402    97.360   161.383
   99   21.138   21.119   36.387    0.404    98.353   161.669
  100   21.051   21.032   36.392    0.407    99.347   161.599
  101   20.906   20.887   36.402    0.409    100.340   158.839
  102   20.849   20.830   36.414    0.411    101.333   153.619
  103   20.839   20.819   36.433    0.414    102.326   150.802
  104   20.770   20.750   36.443    0.416    103.319   150.213
  105   20.704   20.684   36.455    0.418    104.313   148.826
  106   20.605   20.585   36.476    0.421    105.306   146.187
  107   20.393   20.372   36.454    0.423    106.299   143.446
  108   20.147   20.127   36.455    0.425    107.292   139.763
  109   20.097   20.077   36.513    0.427    108.285   135.197
  110   20.091   20.070   36.522    0.429    109.279   131.102
  111   20.036   20.015   36.527    0.432    110.272   128.995
  112   19.911   19.890   36.532    0.434    111.265   127.985
  113   19.856   19.835   36.532    0.436    112.258   126.548
  114   19.844   19.823   36.532    0.438    113.251   125.722
  115   19.754   19.733   36.523    0.440    114.244   126.020
  116   19.648   19.626   36.509    0.442    115.238   125.241
  117   19.586   19.564   36.500    0.444    116.231   123.226
  118   19.481   19.459   36.481    0.446    117.224   121.285
  119   19.390   19.368   36.470    0.448    118.217   119.566
  120   19.383   19.361   36.472    0.450    119.210   117.517
  121   19.315   19.293   36.466    0.452    120.203   116.899
  122   19.280   19.257   36.468    0.454    121.196   116.415
  123   19.258   19.236   36.476    0.456    122.190   116.536
  124   19.217   19.195   36.472    0.458    123.183   117.892
  125   19.186   19.163   36.466    0.460    124.176   118.282
  126   19.128   19.105   36.465    0.462    125.169   116.491
  127   19.092   19.069   36.474    0.464    126.162   114.800
  128   19.069   19.046   36.481    0.465    127.155   115.602
  129   19.009   18.986   36.478    0.467    128.148   118.274
  130   18.907   18.883   36.461    0.469    129.141   119.927
  131   18.815   18.792   36.461    0.471    130.134   118.564
  132   18.741   18.718   36.457    0.473    131.127   117.401
  133   18.669   18.645   36.449    0.475    132.120   117.616
  134   18.483   18.459   36.424    0.477    133.114   117.774
  135   18.421   18.397   36.414    0.478    134.107   115.681
  136   18.384   18.361   36.413    0.480    135.100   112.869
  137   18.338   18.314   36.414    0.482    136.093   112.158
  138   18.279   18.255   36.407    0.484    137.086   113.826
  139   18.249   18.225   36.404    0.486    138.079   115.215
  140   18.182   18.158   36.394    0.487    139.072   115.349
  141   18.113   18.089   36.390    0.489    140.065   114.363
  142   18.030   18.005   36.380    0.491    141.058   114.346
  143   17.920   17.896   36.365    0.493    142.051   114.514
  144   17.858   17.833   36.358    0.494    143.044   113.530
  145   17.768   17.743   36.345    0.496    144.037   113.055
  146   17.629   17.604   36.328    0.498    145.030   112.715
  147   17.554   17.529   36.321    0.499    146.023   112.155
  148   17.502   17.477   36.317    0.501    147.016   112.576
  149   17.468   17.443   36.315    0.503    148.009   113.496
  150   17.391   17.365   36.305    0.504    149.002   114.469
  151   17.357   17.332   36.301    0.506    149.995   114.925
  152   17.269   17.243   36.292    0.508    150.988   114.798
  153   17.244   17.219   36.289    0.509    151.981   114.732
  154   17.197   17.171   36.282    0.511    152.974   115.220
  155   17.158   17.132   36.275    0.512    153.967   114.977
  156   17.149   17.123   36.274    0.514    154.960   113.630
  157   17.102   17.076   36.266    0.516    155.953   112.550
  158   17.038   17.012   36.257    0.517    156.946   112.012
  159   16.932   16.905   36.243    0.519    157.939   111.937
  160   16.840   16.813   36.234    0.520    158.932   111.449
  161   16.778   16.752   36.228    0.522    159.924   112.514
  162   16.762   16.736   36.226    0.524    160.917   115.518
  163   16.762   16.735   36.227    0.525    161.910   117.231
  164   16.743   16.716   36.225    0.527    162.903   117.439
  165   16.681   16.654   36.215    0.528    163.896   117.259
  166   16.651   16.624   36.210    0.530    164.889   116.585
  167   16.619   16.591   36.205    0.531    165.882   115.791
  168   16.545   16.518   36.193    0.533    166.875   114.814
  169   16.483   16.456   36.184    0.534    167.868   113.488
  170   16.402   16.374   36.171    0.536    168.861   112.581
  171   16.379   16.351   36.170    0.537    169.854   111.373
  172   16.379   16.351   36.172    0.539    170.846   111.679
  173   16.346   16.318   36.168    0.540    171.839   113.770
  174   16.293   16.265   36.161    0.542    172.832   115.472
  175   16.285   16.257   36.160    0.543    173.825   115.718
  176   16.285   16.256   36.160    0.545    174.818   115.869
  177   16.270   16.242   36.158    0.547    175.811   116.145
  178   16.242   16.213   36.153    0.548    176.804   116.221
  179   16.191   16.162   36.146    0.550    177.796   115.988
  180   16.141   16.112   36.138    0.551    178.789   115.216
  181   16.046   16.017   36.124    0.552    179.782   114.864
  182   15.947   15.918   36.110    0.554    180.775   115.271
  183   15.912   15.883   36.104    0.555    181.768   116.140
  184   15.877   15.848   36.098    0.557    182.761   116.595
  185   15.849   15.820   36.094    0.558    183.753   116.337
  186   15.833   15.803   36.091    0.560    184.746   115.296
  187   15.817   15.788   36.088    0.561    185.739   113.922
  188   15.776   15.746   36.081    0.563    186.732   113.060
  189   15.708   15.678   36.071    0.564    187.725   112.723
  190   15.680   15.650   36.067    0.566    188.717   112.295
  191   15.649   15.618   36.062    0.567    189.710   111.928
  192   15.633   15.603   36.060    0.569    190.703   111.743
  193   15.613   15.582   36.057    0.570    191.696   111.982
  194   15.600   15.570   36.055    0.571    192.689   112.325
  195   15.576   15.545   36.052    0.573    193.681   112.550
  196   15.507   15.476   36.042    0.574    194.674   112.813
  197   15.498   15.467   36.041    0.576    195.667   113.342
  198   15.497   15.466   36.041    0.577    196.660   113.928
  199   15.495   15.464   36.041    0.579    197.652   114.340
  200   15.413   15.382   36.029    0.580    198.645   114.587
  201   15.326   15.295   36.016    0.581    199.638   114.913
  202   15.304   15.273   36.012    0.583    200.631   115.375
  203   15.286   15.255   36.009    0.584    201.623   115.581
  204   15.256   15.225   36.005    0.586    202.616   115.257
  205   15.235   15.203   36.002    0.587    203.609   115.002
  206   15.204   15.172   35.998    0.588    204.602   115.478
  207   15.194   15.162   35.996    0.590    205.594   116.693
  208   15.147   15.115   35.990    0.591    206.587   118.024
  209   15.084   15.052   35.979    0.593    207.580   118.680
  210   15.024   14.991   35.970    0.594    208.572   118.746
  211   14.971   14.939   35.961    0.595    209.565   118.783
  212   14.929   14.897   35.955    0.597    210.558   118.545
  213   14.907   14.875   35.951    0.598    211.550   117.914
  214   14.846   14.814   35.942    0.599    212.543   117.712
  215   14.816   14.783   35.937    0.601    213.536   117.454
  216   14.779   14.747   35.931    0.602    214.528   116.896
  217   14.736   14.703   35.923    0.604    215.521   116.146
  218   14.653   14.620   35.910    0.605    216.514   115.416
  219   14.622   14.590   35.906    0.606    217.506   114.823
  220   14.592   14.560   35.901    0.608    218.499   114.662
  221   14.547   14.514   35.895    0.609    219.492   115.036
  222   14.510   14.477   35.889    0.610    220.484   115.407
  223   14.476   14.443   35.884    0.612    221.477   115.555
  224   14.444   14.411   35.879    0.613    222.470   115.659
  225   14.424   14.390   35.875    0.614    223.462   115.632
  226   14.396   14.363   35.871    0.616    224.455   115.539
  227   14.376   14.343   35.868    0.617    225.448   115.275
  228   14.328   14.295   35.860    0.618    226.440   114.899
  229   14.270   14.236   35.851    0.620    227.433   114.370
  230   14.211   14.177   35.841    0.621    228.425   113.975
  231   14.160   14.126   35.833    0.622    229.418   113.841
  232   14.143   14.109   35.830    0.623    230.411   114.023
  233   14.120   14.086   35.827    0.625    231.403   114.176
  234   14.090   14.055   35.823    0.626    232.396   114.068
  235   14.053   14.019   35.818    0.627    233.388   113.879
  236   14.030   13.996   35.814    0.629    234.381   113.701
  237   14.021   13.987   35.813    0.630    235.373   113.605
  238   14.009   13.974   35.811    0.631    236.366   113.608
  239   13.957   13.923   35.803    0.632    237.359   113.706
  240   13.916   13.881   35.797    0.634    238.351   113.735
  241   13.895   13.861   35.793    0.635    239.344   113.645
  242   13.859   13.824   35.787    0.636    240.336   113.637
  243   13.813   13.778   35.780    0.638    241.329   113.508
  244   13.783   13.748   35.776    0.639    242.321   113.256
  245   13.764   13.728   35.773    0.640    243.314   112.977
  246   13.744   13.708   35.770    0.641    244.306   112.798
  247   13.718   13.683   35.765    0.643    245.299   112.734
  248   13.686   13.651   35.761    0.644    246.291   112.600
  249   13.658   13.622   35.757    0.645    247.284   112.510
  250   13.623   13.588   35.752    0.647    248.276   112.399
  251   13.593   13.557   35.746    0.648    249.269   112.452
  252   13.574   13.538   35.743    0.649    250.261   112.504
  253   13.549   13.513   35.739    0.650    251.254   112.532
  254   13.471   13.435   35.726    0.652    252.246   112.653
  255   13.391   13.355   35.713    0.653    253.239   112.621
  256   13.367   13.330   35.709    0.654    254.231   112.444
  257   13.353   13.317   35.707    0.655    255.224   112.375
  258   13.328   13.292   35.703    0.657    256.216   112.449
  259   13.269   13.232   35.694    0.658    257.209   112.550
  260   13.221   13.185   35.688    0.659    258.201   112.376
  261   13.209   13.173   35.686    0.660    259.194   112.057
  262   13.159   13.122   35.678    0.661    260.186   111.897
  263   13.111   13.075   35.671    0.663    261.179   111.863
  264   13.084   13.047   35.667    0.664    262.171   111.845
  265   13.045   13.009   35.662    0.665    263.163   111.797
  266   13.036   12.999   35.660    0.666    264.156   111.677
  267   13.030   12.993   35.659    0.668    265.148   111.613
  268   13.018   12.981   35.657    0.669    266.141   111.610
  269   13.006   12.969   35.655    0.670    267.133   111.627
  270   12.997   12.959   35.653    0.671    268.126   111.616
  271   12.964   12.927   35.649    0.672    269.118   111.593
  272   12.939   12.901   35.645    0.674    270.110   111.446
  273   12.925   12.888   35.643    0.675    271.103   111.329
  274   12.895   12.857   35.639    0.676    272.095   111.330
  275   12.847   12.810   35.631    0.677    273.088   111.399
  276   12.802   12.765   35.624    0.678    274.080   111.371
  277   12.799   12.761   35.624    0.680    275.072   111.224
  278   12.785   12.747   35.621    0.681    276.065   111.142
  279   12.756   12.718   35.617    0.682    277.057   111.102
  280   12.747   12.709   35.616    0.683    278.049   111.074
  281   12.747   12.709   35.616    0.684    279.042   110.970
  282   12.735   12.697   35.614    0.686    280.034   111.007
  283   12.692   12.654   35.608    0.687    281.027   111.015
  284   12.667   12.628   35.604    0.688    282.019   110.895
  285   12.647   12.609   35.601    0.689    283.011   110.832
  286   12.636   12.597   35.599    0.690    284.004   110.773
  287   12.620   12.581   35.596    0.692    284.996   110.766
  288   12.580   12.541   35.589    0.693    285.988   110.732
  289   12.509   12.469   35.579    0.694    286.981   110.708
  290   12.475   12.435   35.574    0.695    287.973   110.594
  291   12.451   12.412   35.570    0.696    288.965   110.535
  292   12.435   12.395   35.567    0.697    289.957   110.499
  293   12.419   12.379   35.564    0.699    290.950   110.454
  294   12.395   12.356   35.560    0.700    291.942   110.416
  295   12.327   12.288   35.552    0.701    292.934   110.448
  296   12.305   12.266   35.549    0.702    293.927   110.420
  297   12.274   12.235   35.544    0.703    294.919   110.467
  298   12.245   12.205   35.539    0.704    295.911   110.438
  299   12.231   12.191   35.537    0.706    296.903   110.398
  300   12.227   12.187   35.536    0.707    297.896   110.275
  301   12.226   12.186   35.536    0.708    298.888   110.228
  302   12.221   12.181   35.536    0.709    299.880   110.217
  303   12.206   12.166   35.534    0.710    300.873   110.203
  304   12.183   12.143   35.530    0.711    301.865   110.160
  305   12.167   12.127   35.528    0.713    302.857   110.090
  306   12.148   12.107   35.525    0.714    303.849   110.106
  307   12.125   12.085   35.522    0.715    304.842   110.159
  308   12.120   12.079   35.521    0.716    305.834   110.174
  309   12.104   12.063   35.519    0.717    306.826   110.266
  310   12.083   12.042   35.516    0.718    307.818   110.361
  311   12.064   12.023   35.513    0.720    308.810   110.437
  312   12.049   12.007   35.510    0.721    309.803   110.425
  313   12.044   12.002   35.510    0.722    310.795   110.373
  314   12.038   11.997   35.509    0.723    311.787   110.308
  315   12.026   11.985   35.507    0.724    312.779   110.254
  316   12.016   11.974   35.505    0.725    313.771   110.255
  317   12.006   11.964   35.503    0.726    314.764   110.228
  318   11.996   11.954   35.501    0.728    315.756   110.207
  319   11.978   11.936   35.499    0.729    316.748   110.232
  320   11.964   11.922   35.496    0.730    317.740   110.205
  321   11.934   11.892   35.492    0.731    318.732   110.214
  322   11.880   11.838   35.485    0.732    319.724   110.206
  323   11.848   11.806   35.479    0.733    320.717   110.137
  324   11.846   11.804   35.479    0.734    321.709   110.088
  325   11.846   11.803   35.479    0.736    322.701   110.113
  326   11.843   11.800   35.478    0.737    323.693   110.123
  327   11.831   11.788   35.476    0.738    324.685   110.123
  328   11.813   11.770   35.473    0.739    325.677   110.079
  329   11.769   11.726   35.467    0.740    326.669   110.064
  330   11.737   11.695   35.463    0.741    327.662   110.026
  331   11.715   11.672   35.459    0.742    328.654   110.096
  332   11.703   11.660   35.458    0.743    329.646   110.085
  333   11.698   11.655   35.456    0.745    330.638   110.073
  334   11.696   11.652   35.456    0.746    331.630   110.062
  335   11.687   11.643   35.454    0.747    332.622   110.051
  336   11.618   11.574   35.445    0.748    333.614   110.093
  337   11.578   11.535   35.438    0.749    334.606   110.052
  338   11.543   11.500   35.434    0.750    335.598   109.961
  339   11.527   11.483   35.431    0.751    336.591   109.918
  340   11.516   11.472   35.429    0.752    337.583   109.895
  341   11.509   11.465   35.428    0.754    338.575   109.884
  342   11.497   11.454   35.426    0.755    339.567   109.878
  343   11.448   11.404   35.419    0.756    340.559   109.921
  344   11.404   11.360   35.413    0.757    341.551   109.858
  345   11.370   11.326   35.407    0.758    342.543   109.832
  346   11.351   11.307   35.405    0.759    343.535   109.825
  347   11.336   11.292   35.402    0.760    344.527   109.903
  348   11.318   11.274   35.400    0.761    345.519   109.972
  349   11.301   11.257   35.398    0.762    346.511   109.979
  350   11.287   11.242   35.395    0.764    347.503   109.940
  351   11.250   11.205   35.391    0.765    348.495   109.961
  352   11.241   11.197   35.389    0.766    349.487   109.973
  353   11.237   11.192   35.389    0.767    350.479   109.983
  354   11.224   11.180   35.387    0.768    351.471   109.838
  355   11.211   11.166   35.385    0.769    352.463   109.796
  356   11.203   11.158   35.384    0.770    353.455   109.753
  357   11.190   11.145   35.382    0.771    354.447   109.783
  358   11.176   11.131   35.380    0.772    355.439   109.838
  359   11.165   11.120   35.378    0.773    356.431   109.783
  360   11.139   11.093   35.374    0.775    357.423   109.743
  361   11.132   11.086   35.373    0.776    358.415   109.646
  362   11.116   11.070   35.371    0.777    359.407   109.651
  363   11.094   11.048   35.368    0.778    360.399   109.641
  364   11.078   11.032   35.365    0.779    361.391   109.604
  365   11.061   11.016   35.363    0.780    362.383   109.532
  366   11.056   11.010   35.362    0.781    363.375   109.510
  367   11.048   11.002   35.361    0.782    364.367   109.518
  368   11.044   10.998   35.360    0.783    365.359   109.467
  369   11.025   10.979   35.358    0.784    366.351   109.538
  370   11.007   10.961   35.355    0.785    367.343   109.607
  371   10.990   10.943   35.352    0.786    368.335   109.655
  372   10.930   10.883   35.344    0.788    369.327   109.679
  373   10.876   10.829   35.336    0.789    370.319   109.602
  374   10.820   10.774   35.329    0.790    371.310   109.525
  375   10.798   10.752   35.325    0.791    372.302   109.450
  376   10.793   10.747   35.324    0.792    373.294   109.427
  377   10.779   10.732   35.322    0.793    374.286   109.505
  378   10.753   10.707   35.319    0.794    375.278   109.643
  379   10.734   10.687   35.316    0.795    376.270   109.635
  380   10.717   10.670   35.314    0.796    377.262   109.594
  381   10.675   10.628   35.308    0.797    378.254   109.596
  382   10.655   10.609   35.305    0.798    379.246   109.597
  383   10.635   10.588   35.302    0.799    380.237   109.618
  384   10.618   10.571   35.299    0.800    381.229   109.685
  385   10.573   10.526   35.293    0.801    382.221   109.744
  386   10.547   10.500   35.290    0.803    383.213   109.749
  387   10.536   10.489   35.288    0.804    384.205   109.699
  388   10.532   10.485   35.287    0.805    385.197   109.650
  389   10.525   10.477   35.287    0.806    386.189   109.620
  390   10.511   10.464   35.285    0.807    387.180   109.589
  391   10.484   10.436   35.282    0.808    388.172   109.596
  392   10.472   10.425   35.280    0.809    389.164   109.579
  393   10.469   10.422   35.280    0.810    390.156   109.553
  394   10.463   10.415   35.279    0.811    391.148   109.522
  395   10.454   10.407   35.278    0.812    392.140   109.555
  396   10.422   10.374   35.274    0.813    393.131   109.597
  397   10.394   10.346   35.270    0.814    394.123   109.625
  398   10.378   10.330   35.268    0.815    395.115   109.583
  399   10.358   10.310   35.265    0.816    396.107   109.565
  400   10.344   10.296   35.263    0.817    397.099   109.584
  401   10.335   10.287   35.262    0.818    398.090   109.538
  402   10.323   10.275   35.260    0.819    399.082   109.508
  403   10.299   10.251   35.257    0.820    400.074   109.482
  404   10.240   10.192   35.249    0.821    401.066   109.491
  405   10.202   10.154   35.244    0.822    402.057   109.451
  406   10.198   10.150   35.243    0.823    403.049   109.427
  407   10.187   10.139   35.242    0.824    404.041   109.514
  408   10.178   10.130   35.241    0.826    405.033   109.551
  409   10.171   10.122   35.240    0.827    406.024   109.542
  410   10.163   10.115   35.239    0.828    407.016   109.499
  411   10.157   10.109   35.238    0.829    408.008   109.406
  412   10.143   10.094   35.236    0.830    409.000   109.426
  413   10.122   10.073   35.234    0.831    409.991   109.397
  414   10.104   10.055   35.231    0.832    410.983   109.415
  415   10.099   10.050   35.230    0.833    411.975   109.406
  416   10.090   10.040   35.230    0.834    412.967   109.407
  417   10.082   10.033   35.229    0.835    413.958   109.478
  418   10.070   10.020   35.227    0.836    414.950   109.490
  419   10.041   9.991   35.223    0.837    415.942   109.471
  420   9.984   9.935   35.216    0.838    416.933   109.511
  421   9.931   9.881   35.208    0.839    417.925   109.471
  422   9.911   9.862   35.205    0.840    418.917   109.391
  423   9.906   9.856   35.205    0.841    419.908   109.428
  424   9.904   9.855   35.204    0.842    420.900   109.456
  425   9.902   9.853   35.204    0.843    421.892   109.500
  426   9.899   9.849   35.204    0.844    422.884   109.519
  427   9.896   9.846   35.204    0.845    423.875   109.494
  428   9.892   9.842   35.203    0.846    424.867   109.488
  429   9.879   9.829   35.202    0.847    425.858   109.474
  430   9.854   9.804   35.198    0.848    426.850   109.378
  431   9.842   9.792   35.197    0.849    427.842   109.339
  432   9.832   9.782   35.195    0.850    428.833   109.418
  433   9.820   9.770   35.194    0.851    429.825   109.546
  434   9.808   9.758   35.192    0.852    430.817   109.690
  435   9.775   9.725   35.187    0.853    431.808   109.786
  436   9.734   9.683   35.182    0.854    432.800   109.857
  437   9.672   9.622   35.174    0.855    433.792   110.001
  438   9.636   9.585   35.170    0.856    434.783   110.148
  439   9.636   9.586   35.169    0.857    435.775   110.284
  440   9.634   9.583   35.169    0.858    436.766   110.428
  441   9.626   9.576   35.168    0.859    437.758   110.511
  442   9.621   9.570   35.168    0.860    438.750   110.472
  443   9.612   9.561   35.167    0.861    439.741   110.432
  444   9.602   9.551   35.166    0.862    440.733   110.413
  445   9.601   9.550   35.166    0.863    441.724   110.277
  446   9.599   9.548   35.166    0.864    442.716   110.231
  447   9.594   9.542   35.165    0.865    443.707   110.138
  448   9.590   9.539   35.165    0.866    444.699   110.149
  449   9.565   9.514   35.162    0.867    445.691   110.151
  450   9.556   9.505   35.160    0.868    446.682   110.123
  451   9.549   9.497   35.160    0.869    447.674   110.074
  452   9.548   9.496   35.160    0.870    448.665   110.092
  453   9.547   9.495   35.160    0.871    449.657   110.059
  454   9.544   9.492   35.159    0.872    450.648   109.965
  455   9.529   9.477   35.157    0.873    451.640   109.977
  456   9.513   9.461   35.155    0.874    452.631   109.958
  457   9.484   9.431   35.151    0.875    453.623   109.997
  458   9.446   9.394   35.147    0.876    454.614   110.121
  459   9.433   9.381   35.145    0.877    455.606   110.229
  460   9.417   9.364   35.142    0.878    456.597   110.388
  461   9.386   9.334   35.138    0.879    457.589   110.559
  462   9.351   9.299   35.134    0.880    458.580   110.646
  463   9.294   9.242   35.127    0.881    459.572   110.685
  464   9.281   9.229   35.126    0.882    460.563   110.686
  465   9.279   9.226   35.125    0.883    461.555   110.880
  466   9.276   9.224   35.125    0.884    462.546   111.052
  467   9.267   9.215   35.125    0.885    463.538   111.122
  468   9.255   9.203   35.123    0.886    464.529   111.098
  469   9.241   9.188   35.122    0.887    465.521   110.956
  470   9.221   9.168   35.119    0.888    466.512   110.860
  471   9.207   9.154   35.118    0.889    467.504   110.824
  472   9.197   9.145   35.116    0.890    468.495   110.841
  473   9.194   9.141   35.116    0.891    469.487   110.922
  474   9.187   9.134   35.115    0.892    470.478   111.017
  475   9.173   9.120   35.113    0.893    471.469   111.051
  476   9.146   9.093   35.111    0.894    472.461   111.156
  477   9.131   9.078   35.108    0.895    473.452   111.196
  478   9.111   9.058   35.106    0.896    474.444   111.289
  479   9.090   9.036   35.104    0.897    475.435   111.370
  480   9.085   9.032   35.103    0.898    476.427   111.418
  481   9.082   9.029   35.103    0.899    477.418   111.459
  482   9.080   9.026   35.103    0.900    478.409   111.479
  483   9.075   9.021   35.102    0.900    479.401   111.512
  484   9.061   9.007   35.101    0.901    480.392   111.526
  485   9.011   8.957   35.095    0.902    481.383   111.587
  486   8.993   8.940   35.093    0.903    482.375   111.565
  487   8.991   8.937   35.093    0.904    483.366   111.554
  488   8.983   8.929   35.092    0.905    484.358   111.591
  489   8.974   8.920   35.091    0.906    485.349   111.630
  490   8.935   8.881   35.086    0.907    486.340   111.767
  491   8.912   8.858   35.084    0.908    487.332   111.779
  492   8.900   8.846   35.082    0.909    488.323   111.828
  493   8.895   8.840   35.082    0.910    489.314   111.924
  494   8.886   8.832   35.081    0.911    490.306   111.991
  495   8.856   8.802   35.077    0.912    491.297   112.005
  496   8.847   8.793   35.076    0.913    492.288   111.928
  497   8.842   8.787   35.075    0.914    493.280   111.885
  498   8.826   8.772   35.074    0.915    494.271   111.989
  499   8.810   8.755   35.072    0.916    495.262   112.110
  500   8.799   8.744   35.071    0.917    496.254   112.116
  501   8.761   8.707   35.067    0.918    497.245   112.208
  502   8.747   8.692   35.065    0.919    498.236   112.245
  503   8.736   8.681   35.064    0.920    499.228   112.336
  504   8.706   8.651   35.061    0.921    500.219   112.441
  505   8.695   8.640   35.060    0.921    501.210   112.474
  506   8.674   8.619   35.058    0.922    502.202   112.571
  507   8.656   8.602   35.056    0.923    503.193   112.656
  508   8.638   8.583   35.054    0.924    504.184   112.791
  509   8.626   8.571   35.053    0.925    505.175   112.900
  510   8.620   8.565   35.052    0.926    506.167   112.957
  511   8.611   8.556   35.051    0.927    507.158   112.980
  512   8.606   8.550   35.050    0.928    508.149   112.951
  513   8.602   8.547   35.050    0.929    509.140   112.967
  514   8.599   8.544   35.050    0.930    510.132   112.956
  515   8.594   8.538   35.049    0.931    511.123   112.948
  516   8.587   8.532   35.049    0.932    512.114   112.955
  517   8.584   8.529   35.048    0.933    513.105   112.930
  518   8.578   8.523   35.048    0.934    514.097   112.964
  519   8.565   8.509   35.046    0.935    515.088   113.030
  520   8.536   8.480   35.044    0.936    516.079   113.086
  521   8.520   8.464   35.042    0.936    517.070   113.149
  522   8.513   8.457   35.041    0.937    518.061   113.208
  523   8.502   8.446   35.040    0.938    519.053   113.353
  524   8.488   8.432   35.038    0.939    520.044   113.480
  525   8.470   8.414   35.036    0.940    521.035   113.644
  526   8.437   8.380   35.033    0.941    522.026   113.747
  527   8.429   8.373   35.033    0.942    523.017   113.740
  528   8.428   8.372   35.033    0.943    524.009   113.798
  529   8.428   8.371   35.033    0.944    525.000   113.914
  530   8.426   8.369   35.033    0.945    525.991   113.992
  531   8.423   8.367   35.033    0.946    526.982   114.006
  532   8.418   8.362   35.033    0.947    527.973   114.016
  533   8.407   8.350   35.032    0.948    528.965   114.025
  534   8.399   8.342   35.031    0.948    529.956   113.960
  535   8.387   8.330   35.029    0.949    530.947   114.044
  536   8.346   8.289   35.025    0.950    531.938   114.108
  537   8.329   8.272   35.023    0.951    532.929   114.141
  538   8.315   8.258   35.021    0.952    533.920   114.237
  539   8.303   8.247   35.020    0.953    534.911   114.438
  540   8.293   8.236   35.019    0.954    535.902   114.558
  541   8.288   8.231   35.018    0.955    536.894   114.653
  542   8.271   8.214   35.017    0.956    537.885   114.725
  543   8.253   8.196   35.015    0.957    538.876   114.813
  544   8.240   8.183   35.014    0.958    539.867   114.846
  545   8.233   8.176   35.013    0.959    540.858   114.917
  546   8.227   8.170   35.013    0.959    541.849   115.031
  547   8.221   8.164   35.012    0.960    542.840   115.142
  548   8.219   8.161   35.012    0.961    543.831   115.219
  549   8.207   8.149   35.011    0.962    544.822   115.287
  550   8.187   8.130   35.009    0.963    545.813   115.283
  551   8.174   8.116   35.008    0.964    546.805   115.307
  552   8.155   8.098   35.006    0.965    547.796   115.372
  553   8.141   8.083   35.005    0.966    548.787   115.493
  554   8.109   8.051   35.002    0.967    549.778   115.635
  555   8.088   8.030   35.000    0.968    550.769   115.776
  556   8.074   8.016   34.999    0.969    551.760   115.948
  557   8.055   7.997   34.997    0.969    552.751   116.134
  558   8.037   7.979   34.995    0.970    553.742   116.296
  559   8.029   7.971   34.995    0.971    554.733   116.430
  560   8.023   7.965   34.994    0.972    555.724   116.567
  561   8.015   7.957   34.994    0.973    556.715   116.706
  562   8.001   7.943   34.992    0.974    557.706   116.803
  563   7.987   7.929   34.991    0.975    558.697   116.847
  564   7.981   7.923   34.991    0.976    559.688   116.883
  565   7.973   7.915   34.990    0.977    560.679   116.995
  566   7.961   7.903   34.990    0.977    561.670   117.088
  567   7.951   7.893   34.989    0.978    562.661   117.123
  568   7.924   7.865   34.987    0.979    563.652   117.204
  569   7.901   7.842   34.984    0.980    564.643   117.260
  570   7.859   7.801   34.981    0.981    565.634   117.412
  571   7.842   7.784   34.979    0.982    566.625   117.556
  572   7.827   7.768   34.978    0.983    567.616   117.847
  573   7.793   7.734   34.976    0.984    568.607   118.145
  574   7.775   7.716   34.974    0.985    569.598   118.424
  575   7.758   7.699   34.973    0.985    570.589   118.644
  576   7.739   7.680   34.972    0.986    571.580   118.801
  577   7.730   7.671   34.971    0.987    572.571   118.930
  578   7.712   7.653   34.970    0.988    573.562   119.090
  579   7.687   7.629   34.968    0.989    574.553   119.221
  580   7.679   7.620   34.967    0.990    575.544   119.377
  581   7.671   7.613   34.967    0.991    576.535   119.522
  582   7.657   7.598   34.966    0.991    577.526   119.711
  583   7.632   7.574   34.964    0.992    578.516   119.892
  584   7.621   7.562   34.963    0.993    579.507   120.029
  585   7.602   7.544   34.962    0.994    580.498   120.197
  586   7.596   7.537   34.961    0.995    581.489   120.378
  587   7.591   7.532   34.961    0.996    582.480   120.544
  588   7.587   7.528   34.961    0.997    583.471   120.637
  589   7.577   7.518   34.960    0.997    584.462   120.774
  590   7.571   7.511   34.960    0.998    585.453   120.824
  591   7.551   7.492   34.958    0.999    586.444   120.890
  592   7.533   7.473   34.957    1.000    587.435   120.959
  593   7.523   7.463   34.956    1.001    588.425   121.067
  594   7.517   7.457   34.956    1.002    589.416   121.220
  595   7.512   7.452   34.955    1.003    590.407   121.373
  596   7.495   7.435   34.955    1.003    591.398   121.538
  597   7.477   7.417   34.953    1.004    592.389   121.645
  598   7.453   7.393   34.952    1.005    593.380   121.797
  599   7.443   7.384   34.951    1.006    594.371   121.913
  600   7.439   7.379   34.951    1.007    595.361   122.101
  601   7.436   7.377   34.951    1.008    596.352   122.322
  602   7.434   7.374   34.950    1.009    597.343   122.518
  603   7.430   7.370   34.951    1.009    598.334   122.597
  604   7.429   7.369   34.950    1.010    599.325   122.605
  605   7.425   7.365   34.950    1.011    600.316   122.637
  606   7.419   7.359   34.950    1.012    601.306   122.602
  607   7.400   7.339   34.949    1.013    602.297   122.682
  608   7.391   7.330   34.948    1.014    603.288   122.730
  609   7.388   7.327   34.948    1.014    604.279   122.797
  610   7.381   7.321   34.947    1.015    605.270   122.949
  611   7.357   7.297   34.946    1.016    606.260   123.164
  612   7.344   7.284   34.945    1.017    607.251   123.308
  613   7.341   7.280   34.945    1.018    608.242   123.422
  614   7.336   7.275   34.945    1.019    609.233   123.529
  615   7.325   7.264   34.944    1.019    610.223   123.640
  616   7.320   7.260   34.944    1.020    611.214   123.734
  617   7.314   7.254   34.943    1.021    612.205   123.882
  618   7.297   7.236   34.942    1.022    613.196   124.013
  619   7.291   7.230   34.942    1.023    614.186   124.093
  620   7.286   7.225   34.942    1.024    615.177   124.187
  621   7.282   7.221   34.942    1.024    616.168   124.261
  622   7.278   7.217   34.941    1.025    617.159   124.388
  623   7.276   7.215   34.941    1.026    618.149   124.468
  624   7.273   7.211   34.941    1.027    619.140   124.526
  625   7.269   7.208   34.941    1.028    620.131   124.577
  626   7.264   7.202   34.941    1.029    621.122   124.588
  627   7.252   7.190   34.941    1.029    622.112   124.634
  628   7.238   7.176   34.940    1.030    623.103   124.719
  629   7.227   7.165   34.940    1.031    624.094   124.812
  630   7.217   7.156   34.939    1.032    625.084   124.903
  631   7.194   7.132   34.938    1.033    626.075   125.098
  632   7.173   7.112   34.937    1.034    627.066   125.257
  633   7.170   7.108   34.937    1.034    628.057   125.426
  634   7.158   7.096   34.936    1.035    629.047   125.660
  635   7.141   7.079   34.935    1.036    630.038   125.857
  636   7.135   7.073   34.935    1.037    631.029   126.055
  637   7.130   7.068   34.934    1.038    632.019   126.242
  638   7.116   7.054   34.933    1.039    633.010   126.370
  639   7.104   7.041   34.933    1.039    634.001   126.506
  640   7.094   7.031   34.933    1.040    634.991   126.616
  641   7.086   7.023   34.932    1.041    635.982   126.804
  642   7.081   7.019   34.933    1.042    636.972   126.950
  643   7.078   7.015   34.932    1.043    637.963   127.081
  644   7.077   7.014   34.933    1.043    638.954   127.219
  645   7.077   7.014   34.933    1.044    639.944   127.322
  646   7.076   7.013   34.933    1.045    640.935   127.394
  647   7.073   7.010   34.933    1.046    641.926   127.371
  648   7.068   7.005   34.932    1.047    642.916   127.359
  649   7.056   6.993   34.932    1.048    643.907   127.378
  650   7.052   6.989   34.932    1.048    644.897   127.338
  651   7.050   6.987   34.932    1.049    645.888   127.417
  652   7.047   6.983   34.932    1.050    646.879   127.587
  653   7.045   6.982   34.932    1.051    647.869   127.703
  654   7.044   6.981   34.932    1.052    648.860   127.770
  655   7.042   6.978   34.932    1.052    649.850   127.766
  656   7.038   6.975   34.932    1.053    650.841   127.744
  657   7.032   6.968   34.932    1.054    651.832   127.744
  658   7.020   6.956   34.931    1.055    652.822   127.793
  659   7.010   6.946   34.930    1.056    653.813   127.844
  660   7.004   6.941   34.930    1.056    654.803   127.960
  661   7.002   6.938   34.930    1.057    655.794   128.054
  662   6.994   6.930   34.929    1.058    656.784   128.255
  663   6.986   6.922   34.929    1.059    657.775   128.360
  664   6.977   6.913   34.929    1.060    658.765   128.509
  665   6.968   6.904   34.928    1.060    659.756   128.581
  666   6.956   6.892   34.928    1.061    660.746   128.695
  667   6.943   6.879   34.927    1.062    661.737   128.817
  668   6.936   6.871   34.927    1.063    662.728   128.979
  669   6.935   6.870   34.927    1.064    663.718   129.158
  670   6.933   6.868   34.927    1.064    664.709   129.322
  671   6.929   6.864   34.927    1.065    665.699   129.428
  672   6.927   6.862   34.927    1.066    666.690   129.525
  673   6.920   6.855   34.926    1.067    667.680   129.570
  674   6.912   6.847   34.926    1.068    668.671   129.623
  675   6.907   6.842   34.926    1.068    669.661   129.638
  676   6.901   6.837   34.926    1.069    670.652   129.718
  677   6.890   6.825   34.925    1.070    671.642   129.844
  678   6.879   6.814   34.925    1.071    672.632   129.967
  679   6.873   6.808   34.925    1.072    673.623   130.089
  680   6.864   6.799   34.925    1.072    674.613   130.204
  681   6.856   6.791   34.924    1.073    675.604   130.253
  682   6.851   6.785   34.924    1.074    676.594   130.382
  683   6.847   6.781   34.924    1.075    677.585   130.457
  684   6.842   6.777   34.924    1.076    678.575   130.594
  685   6.839   6.773   34.924    1.076    679.566   130.717
  686   6.836   6.770   34.924    1.077    680.556   130.798
  687   6.832   6.767   34.924    1.078    681.546   130.929
  688   6.827   6.762   34.924    1.079    682.537   131.006
  689   6.821   6.755   34.923    1.080    683.527   131.059
  690   6.815   6.749   34.923    1.080    684.518   131.089
  691   6.811   6.745   34.923    1.081    685.508   131.180
  692   6.808   6.742   34.923    1.082    686.499   131.287
  693   6.799   6.733   34.923    1.083    687.489   131.354
  694   6.792   6.726   34.923    1.084    688.479   131.422
  695   6.788   6.722   34.922    1.084    689.470   131.534
  696   6.781   6.715   34.922    1.085    690.460   131.634
  697   6.774   6.708   34.922    1.086    691.451   131.781
  698   6.768   6.702   34.922    1.087    692.441   131.889
  699   6.761   6.695   34.922    1.087    693.431   131.930
  700   6.755   6.689   34.921    1.088    694.422   132.038
  701   6.752   6.685   34.921    1.089    695.412   132.159
  702   6.751   6.684   34.921    1.090    696.402   132.228
  703   6.746   6.679   34.921    1.091    697.393   132.382
  704   6.729   6.662   34.921    1.091    698.383   132.450
  705   6.717   6.650   34.921    1.092    699.373   132.451
  706   6.702   6.635   34.920    1.093    700.364   132.512
  707   6.692   6.625   34.920    1.094    701.354   132.653
  708   6.682   6.615   34.919    1.094    702.344   132.927
  709   6.670   6.603   34.919    1.095    703.335   133.222
  710   6.662   6.595   34.919    1.096    704.325   133.455
  711   6.654   6.587   34.919    1.097    705.315   133.645
  712   6.640   6.573   34.919    1.098    706.306   133.816
  713   6.634   6.567   34.919    1.098    707.296   133.989
  714   6.626   6.559   34.919    1.099    708.286   134.143
  715   6.609   6.542   34.918    1.100    709.277   134.345
  716   6.600   6.533   34.918    1.101    710.267   134.555
  717   6.596   6.528   34.918    1.101    711.257   134.795
  718   6.581   6.514   34.918    1.102    712.247   134.948
  719   6.571   6.503   34.918    1.103    713.238   135.110
  720   6.563   6.496   34.918    1.104    714.228   135.242
  721   6.559   6.491   34.918    1.104    715.218   135.389
  722   6.556   6.489   34.918    1.105    716.209   135.584
  723   6.553   6.485   34.918    1.106    717.199   135.743
  724   6.550   6.482   34.918    1.107    718.189   135.850
  725   6.546   6.478   34.918    1.108    719.179   135.948
  726   6.521   6.453   34.918    1.108    720.170   135.982
  727   6.511   6.443   34.917    1.109    721.160   136.029
  728   6.501   6.433   34.917    1.110    722.150   136.193
  729   6.487   6.419   34.917    1.111    723.140   136.385
  730   6.478   6.410   34.917    1.111    724.131   136.648
  731   6.474   6.405   34.917    1.112    725.121   136.958
  732   6.469   6.400   34.917    1.113    726.111   137.244
  733   6.466   6.398   34.917    1.114    727.101   137.442
  734   6.463   6.394   34.916    1.114    728.091   137.577
  735   6.452   6.384   34.916    1.115    729.082   137.591
  736   6.451   6.382   34.916    1.116    730.072   137.635
  737   6.448   6.380   34.916    1.117    731.062   137.694
  738   6.432   6.363   34.916    1.117    732.052   137.902
  739   6.423   6.354   34.916    1.118    733.042   137.963
  740   6.421   6.353   34.916    1.119    734.033   138.080
  741   6.418   6.349   34.916    1.120    735.023   138.282
  742   6.413   6.344   34.916    1.120    736.013   138.467
  743   6.408   6.339   34.916    1.121    737.003   138.537
  744   6.405   6.336   34.916    1.122    737.993   138.551
  745   6.387   6.318   34.915    1.123    738.983   138.723
  746   6.374   6.305   34.915    1.123    739.974   138.823
  747   6.370   6.301   34.915    1.124    740.964   138.983
  748   6.366   6.297   34.915    1.125    741.954   139.151
  749   6.361   6.292   34.915    1.125    742.944   139.350
  750   6.357   6.287   34.915    1.126    743.934   139.533
  751   6.351   6.282   34.915    1.127    744.924   139.617
  752   6.349   6.279   34.915    1.128    745.914   139.726
  753   6.342   6.272   34.914    1.128    746.904   139.807
  754   6.338   6.268   34.914    1.129    747.895   139.837
  755   6.331   6.261   34.914    1.130    748.885   139.958
  756   6.327   6.257   34.914    1.131    749.875   140.049
  757   6.324   6.254   34.914    1.131    750.865   140.207
  758   6.321   6.251   34.914    1.132    751.855   140.317
  759   6.317   6.247   34.914    1.133    752.845   140.414
  760   6.314   6.244   34.914    1.134    753.835   140.547
  761   6.312   6.242   34.915    1.134    754.825   140.578
  762   6.311   6.240   34.915    1.135    755.815   140.642
  763   6.309   6.238   34.915    1.136    756.805   140.747
  764   6.307   6.237   34.915    1.137    757.795   140.803
  765   6.306   6.235   34.915    1.137    758.785   140.811
  766   6.303   6.232   34.915    1.138    759.776   140.792
  767   6.294   6.224   34.915    1.139    760.766   140.844
  768   6.288   6.217   34.915    1.139    761.756   140.916
  769   6.285   6.214   34.915    1.140    762.746   141.049
  770   6.279   6.208   34.915    1.141    763.736   141.178
  771   6.272   6.201   34.915    1.142    764.726   141.252
  772   6.270   6.199   34.915    1.142    765.716   141.386
  773   6.266   6.195   34.915    1.143    766.706   141.521
  774   6.262   6.191   34.915    1.144    767.696   141.652
  775   6.259   6.188   34.914    1.145    768.686   141.738
  776   6.253   6.182   34.915    1.145    769.676   141.832
  777   6.242   6.171   34.914    1.146    770.666   141.950
  778   6.236   6.165   34.914    1.147    771.656   142.057
  779   6.234   6.162   34.914    1.148    772.646   142.168
  780   6.233   6.161   34.914    1.148    773.636   142.280
  781   6.231   6.160   34.914    1.149    774.626   142.362
  782   6.228   6.156   34.914    1.150    775.616   142.492
  783   6.222   6.150   34.914    1.150    776.606   142.566
  784   6.215   6.143   34.914    1.151    777.596   142.611
  785   6.208   6.136   34.914    1.152    778.586   142.644
  786   6.205   6.133   34.914    1.153    779.576   142.740
  787   6.188   6.116   34.914    1.153    780.566   142.893
  788   6.179   6.107   34.914    1.154    781.556   143.041
  789   6.173   6.101   34.914    1.155    782.546   143.177
  790   6.169   6.097   34.914    1.155    783.536   143.382
  791   6.165   6.093   34.914    1.156    784.525   143.584
  792   6.157   6.085   34.914    1.157    785.515   143.761
  793   6.152   6.079   34.914    1.158    786.505   143.935
  794   6.148   6.076   34.914    1.158    787.495   144.023
  795   6.144   6.071   34.914    1.159    788.485   144.178
  796   6.137   6.065   34.914    1.160    789.475   144.367
  797   6.125   6.052   34.914    1.161    790.465   144.511
  798   6.118   6.045   34.914    1.161    791.455   144.589
  799   6.113   6.040   34.914    1.162    792.445   144.717
  800   6.112   6.039   34.914    1.163    793.435   144.902
  801   6.110   6.037   34.914    1.163    794.425   145.041
  802   6.108   6.035   34.914    1.164    795.414   145.203
  803   6.107   6.034   34.914    1.165    796.404   145.287
  804   6.104   6.031   34.914    1.166    797.394   145.343
  805   6.101   6.028   34.914    1.166    798.384   145.392
  806   6.091   6.018   34.914    1.167    799.374   145.384
  807   6.087   6.014   34.914    1.168    800.364   145.387
  808   6.084   6.011   34.914    1.168    801.354   145.503
  809   6.079   6.006   34.914    1.169    802.344   145.661
  810   6.072   5.999   34.914    1.170    803.333   145.796
  811   6.070   5.996   34.914    1.170    804.323   145.948
  812   6.065   5.992   34.914    1.171    805.313   146.034
  813   6.061   5.987   34.914    1.172    806.303   146.124
  814   6.051   5.977   34.914    1.173    807.293   146.243
  815   6.040   5.966   34.914    1.173    808.283   146.340
  816   6.036   5.962   34.914    1.174    809.272   146.429
  817   6.033   5.959   34.914    1.175    810.262   146.580
  818   6.030   5.956   34.914    1.175    811.252   146.690
  819   6.026   5.952   34.914    1.176    812.242   146.795
  820   6.024   5.950   34.914    1.177    813.232   146.854
  821   6.023   5.948   34.914    1.178    814.221   147.041
  822   6.017   5.943   34.915    1.178    815.211   147.157
  823   6.013   5.938   34.915    1.179    816.201   147.189
  824   6.010   5.935   34.915    1.180    817.191   147.248
  825   6.004   5.930   34.915    1.180    818.181   147.364
  826   5.998   5.924   34.915    1.181    819.170   147.533
  827   5.998   5.924   34.915    1.182    820.160   147.585
  828   5.997   5.922   34.915    1.182    821.150   147.673
  829   5.994   5.919   34.915    1.183    822.140   147.809
  830   5.987   5.912   34.915    1.184    823.129   147.953
  831   5.981   5.906   34.915    1.185    824.119   147.978
  832   5.978   5.903   34.915    1.185    825.109   148.041
  833   5.973   5.897   34.915    1.186    826.099   148.136
  834   5.972   5.897   34.915    1.187    827.088   148.261
  835   5.970   5.895   34.915    1.187    828.078   148.374
  836   5.966   5.890   34.915    1.188    829.068   148.494
  837   5.962   5.887   34.915    1.189    830.058   148.533
  838   5.958   5.882   34.915    1.189    831.047   148.615
  839   5.950   5.874   34.915    1.190    832.037   148.705
  840   5.946   5.870   34.915    1.191    833.027   148.796
  841   5.936   5.860   34.915    1.192    834.016   148.923
  842   5.929   5.853   34.915    1.192    835.006   149.034
  843   5.922   5.846   34.915    1.193    835.996   149.143
  844   5.918   5.842   34.915    1.194    836.985   149.300
  845   5.912   5.837   34.915    1.194    837.975   149.410
  846   5.910   5.834   34.915    1.195    838.965   149.574
  847   5.908   5.832   34.915    1.196    839.955   149.759
  848   5.906   5.830   34.915    1.196    840.944   149.931
  849   5.903   5.827   34.915    1.197    841.934   150.021
  850   5.897   5.821   34.915    1.198    842.924   150.078
  851   5.895   5.818   34.915    1.198    843.913   150.157
  852   5.894   5.817   34.916    1.199    844.903   150.270
  853   5.893   5.816   34.915    1.200    845.892   150.408
  854   5.889   5.812   34.916    1.200    846.882   150.457
  855   5.885   5.808   34.916    1.201    847.872   150.455
  856   5.884   5.807   34.916    1.202    848.861   150.478
  857   5.881   5.804   34.916    1.203    849.851   150.593
  858   5.878   5.801   34.916    1.203    850.841   150.682
  859   5.876   5.799   34.916    1.204    851.830   150.743
  860   5.874   5.797   34.916    1.205    852.820   150.761
  861   5.873   5.796   34.916    1.205    853.810   150.839
  862   5.872   5.795   34.916    1.206    854.799   150.901
  863   5.870   5.793   34.916    1.207    855.789   150.923
  864   5.866   5.789   34.916    1.207    856.778   151.020
  865   5.860   5.783   34.916    1.208    857.768   151.078
  866   5.856   5.779   34.916    1.209    858.757   151.086
  867   5.854   5.777   34.916    1.209    859.747   151.127
  868   5.851   5.773   34.916    1.210    860.737   151.234
  869   5.843   5.766   34.916    1.211    861.726   151.424
  870   5.838   5.760   34.916    1.211    862.716   151.521
  871   5.823   5.746   34.916    1.212    863.705   151.642
  872   5.812   5.734   34.917    1.213    864.695   151.745
  873   5.810   5.732   34.917    1.214    865.684   151.841
  874   5.809   5.731   34.916    1.214    866.674   152.129
  875   5.807   5.729   34.917    1.215    867.664   152.407
  876   5.805   5.727   34.917    1.216    868.653   152.630
  877   5.801   5.723   34.917    1.216    869.643   152.791
  878   5.793   5.715   34.917    1.217    870.632   152.882
  879   5.783   5.705   34.917    1.218    871.622   152.912
  880   5.776   5.697   34.917    1.218    872.611   152.938
  881   5.772   5.693   34.917    1.219    873.601   153.059
  882   5.767   5.689   34.917    1.220    874.590   153.301
  883   5.760   5.682   34.917    1.220    875.580   153.508
  884   5.752   5.674   34.917    1.221    876.569   153.664
  885   5.748   5.670   34.917    1.222    877.559   153.788
  886   5.744   5.666   34.917    1.222    878.548   153.915
  887   5.742   5.663   34.918    1.223    879.538   153.970
  888   5.739   5.660   34.917    1.224    880.527   154.099
  889   5.735   5.657   34.918    1.224    881.517   154.197
  890   5.730   5.651   34.918    1.225    882.506   154.348
  891   5.727   5.648   34.918    1.226    883.496   154.452
  892   5.712   5.633   34.918    1.226    884.485   154.668
  893   5.693   5.614   34.918    1.227    885.475   154.793
  894   5.687   5.608   34.918    1.228    886.464   154.928
  895   5.686   5.606   34.918    1.228    887.453   155.137
  896   5.684   5.605   34.918    1.229    888.443   155.429
  897   5.683   5.603   34.918    1.230    889.432   155.626
  898   5.672   5.593   34.919    1.230    890.422   155.809
  899   5.665   5.585   34.919    1.231    891.411   155.886
  900   5.662   5.582   34.919    1.232    892.401   156.002
  901   5.660   5.580   34.919    1.232    893.390   156.155
  902   5.656   5.576   34.919    1.233    894.379   156.376
  903   5.654   5.575   34.919    1.234    895.369   156.503
  904   5.652   5.573   34.919    1.234    896.358   156.624
  905   5.650   5.570   34.919    1.235    897.348   156.732
  906   5.648   5.568   34.919    1.236    898.337   156.823
  907   5.642   5.563   34.919    1.236    899.326   156.896
  908   5.636   5.556   34.920    1.237    900.316   156.954
  909   5.634   5.554   34.920    1.238    901.305   157.058
  910   5.633   5.553   34.920    1.238    902.295   157.207
  911   5.630   5.550   34.920    1.239    903.284   157.364
  912   5.619   5.539   34.920    1.240    904.273   157.423
  913   5.610   5.529   34.920    1.240    905.263   157.473
  914   5.607   5.527   34.920    1.241    906.252   157.662
  915   5.598   5.517   34.920    1.242    907.241   157.884
  916   5.588   5.507   34.921    1.242    908.231   158.112
  917   5.583   5.503   34.921    1.243    909.220   158.237
  918   5.581   5.500   34.921    1.243    910.209   158.456
  919   5.577   5.497   34.921    1.244    911.199   158.665
  920   5.574   5.493   34.921    1.245    912.188   158.830
  921   5.570   5.489   34.921    1.245    913.177   158.998
  922   5.568   5.487   34.921    1.246    914.167   159.121
  923   5.567   5.486   34.921    1.247    915.156   159.187
  924   5.566   5.485   34.921    1.247    916.145   159.206
  925   5.565   5.484   34.921    1.248    917.135   159.205
  926   5.564   5.483   34.921    1.249    918.124   159.233
  927   5.562   5.481   34.921    1.249    919.113   159.304
  928   5.557   5.476   34.921    1.250    920.103   159.397
  929   5.552   5.471   34.922    1.251    921.092   159.482
  930   5.544   5.462   34.922    1.251    922.081   159.573
  931   5.529   5.448   34.922    1.252    923.071   159.655
  932   5.523   5.442   34.922    1.253    924.060   159.894
  933   5.517   5.435   34.922    1.253    925.049   160.159
  934   5.511   5.429   34.922    1.254    926.038   160.344
  935   5.508   5.426   34.922    1.254    927.028   160.522
  936   5.504   5.422   34.922    1.255    928.017   160.729
  937   5.500   5.418   34.923    1.256    929.006   160.906
  938   5.499   5.417   34.923    1.256    929.995   161.003
  939   5.497   5.415   34.923    1.257    930.985   161.080
  940   5.494   5.412   34.923    1.258    931.974   161.167
  941   5.488   5.406   34.923    1.258    932.963   161.242
  942   5.483   5.401   34.923    1.259    933.952   161.290
  943   5.475   5.392   34.923    1.260    934.942   161.448
  944   5.470   5.388   34.923    1.260    935.931   161.565
  945   5.465   5.382   34.923    1.261    936.920   161.758
  946   5.458   5.375   34.924    1.262    937.909   161.938
  947   5.451   5.368   34.924    1.262    938.898   162.142
  948   5.443   5.360   34.924    1.263    939.888   162.345
  949   5.427   5.345   34.924    1.263    940.877   162.472
  950   5.425   5.343   34.924    1.264    941.866   162.778
  951   5.425   5.342   34.924    1.265    942.855   163.064
  952   5.424   5.341   34.924    1.265    943.844   163.296
  953   5.424   5.341   34.925    1.266    944.834   163.367
  954   5.424   5.341   34.925    1.267    945.823   163.406
  955   5.423   5.340   34.925    1.267    946.812   163.431
  956   5.421   5.338   34.925    1.268    947.801   163.439
  957   5.419   5.336   34.925    1.268    948.790   163.445
  958   5.418   5.335   34.925    1.269    949.779   163.522
  959   5.418   5.334   34.925    1.270    950.768   163.617
  960   5.416   5.333   34.925    1.270    951.758   163.648
  961   5.414   5.331   34.925    1.271    952.747   163.624
  962   5.413   5.329   34.925    1.272    953.736   163.695
  963   5.412   5.329   34.925    1.272    954.725   163.739
  964   5.408   5.325   34.925    1.273    955.714   163.886
  965   5.402   5.318   34.925    1.274    956.703   164.137
