 station cast   lat    long    jday   mo/da/yr   gmt
  27      1   28.171 -86.479   264    09/21/21  1401 
 
    File created by Jay Hooper - 13-Dec-2021   
            GOMECC4 Cruise Sep 2021 
             NOAA Ship Ronald H Brown
                  
 
     Primary (T,S,O) sensors - Calibrated CTD data   

   pr       te       th       sa       ht       ga       ox
dbars    deg c    deg c      psu  dyn. cm    gamma  umol/kg
    1   28.173   28.173   32.815    0.007    0.993   199.393
    2   28.173   28.173   32.814    0.014    1.987   199.420
    3   28.173   28.173   32.814    0.021    2.980   199.447
    4   28.173   28.172   32.814    0.028    3.973   199.475
    5   28.173   28.172   32.814    0.035    4.967   199.624
    6   28.175   28.173   32.816    0.042    5.960   199.578
    7   28.186   28.185   32.835    0.049    6.953   199.447
    8   28.266   28.264   32.955    0.056    7.947   199.345
    9   28.532   28.530   33.337    0.063    8.940   198.473
   10   28.624   28.621   33.469    0.070    9.933   197.624
   11   28.623   28.620   33.474    0.077    10.926   197.154
   12   28.615   28.612   33.489    0.083    11.920   197.321
   13   28.607   28.604   33.504    0.090    12.913   197.243
   14   28.600   28.596   33.518    0.097    13.906   197.176
   15   28.734   28.731   33.694    0.103    14.900   197.238
   16   28.801   28.797   33.783    0.110    15.893   196.673
   17   28.929   28.925   33.941    0.116    16.886   196.018
   18   28.999   28.994   34.051    0.123    17.879   196.164
   19   29.002   28.998   34.083    0.129    18.873   195.758
   20   28.981   28.976   34.164    0.136    19.866   194.882
   21   29.082   29.077   34.436    0.142    20.859   194.190
   22   28.857   28.852   34.764    0.148    21.852   193.667
   23   28.604   28.599   34.844    0.154    22.845   194.327
   24   28.562   28.556   34.896    0.159    23.839   196.443
   25   28.477   28.471   34.973    0.165    24.832   195.779
   26   28.463   28.457   34.988    0.170    25.825   196.067
   27   28.453   28.447   34.994    0.176    26.818   196.518
   28   28.423   28.416   35.075    0.182    27.812   196.275
   29   28.399   28.392   35.125    0.187    28.805   195.131
   30   28.411   28.403   35.168    0.192    29.798   194.592
   31   28.542   28.535   35.284    0.198    30.791   193.541
   32   28.651   28.644   35.412    0.203    31.784   192.215
   33   28.783   28.775   35.694    0.208    32.777   192.164
   34   28.852   28.843   35.980    0.213    33.771   196.796
   35   28.270   28.262   36.007    0.218    34.764   195.900
   36   27.702   27.694   35.961    0.223    35.757   191.783
   37   27.564   27.555   35.970    0.228    36.750   191.171
   38   27.436   27.427   35.976    0.232    37.743   192.091
   39   27.339   27.330   36.078    0.237    38.736   192.398
   40   27.370   27.360   36.182    0.241    39.730   197.124
   41   27.325   27.316   36.216    0.245    40.723   199.276
   42   27.190   27.181   36.262    0.250    41.716   197.161
   43   27.016   27.006   36.288    0.254    42.709   195.631
   44   26.917   26.906   36.307    0.258    43.702   195.868
   45   26.706   26.695   36.317    0.262    44.695   195.405
   46   26.081   26.071   36.244    0.266    45.688   193.383
   47   25.913   25.902   36.209    0.270    46.682   191.169
   48   25.910   25.899   36.209    0.274    47.675   191.967
   49   25.902   25.892   36.208    0.278    48.668   192.387
   50   25.896   25.885   36.207    0.282    49.661   192.139
   51   25.805   25.794   36.188    0.286    50.654   191.951
   52   25.633   25.621   36.149    0.290    51.647   191.212
   53   25.462   25.450   36.144    0.294    52.640   191.016
   54   25.358   25.346   36.163    0.297    53.633   191.027
   55   25.351   25.339   36.172    0.301    54.626   192.570
   56   25.294   25.282   36.186    0.305    55.619   194.214
   57   25.178   25.166   36.201    0.309    56.612   194.206
   58   24.957   24.944   36.228    0.312    57.605   192.902
   59   24.824   24.812   36.243    0.316    58.598   191.318
   60   24.739   24.726   36.252    0.320    59.592   191.148
   61   24.644   24.631   36.262    0.323    60.585   192.108
   62   24.529   24.516   36.276    0.327    61.578   192.404
   63   24.427   24.413   36.288    0.330    62.571   191.537
   64   24.186   24.172   36.320    0.333    63.564   189.693
   65   24.049   24.035   36.323    0.337    64.557   188.066
   66   23.971   23.957   36.319    0.340    65.550   189.430
   67   23.837   23.823   36.332    0.343    66.543   190.800
   68   23.698   23.684   36.330    0.347    67.536   187.681
   69   23.604   23.590   36.322    0.350    68.529   183.712
   70   23.480   23.465   36.311    0.353    69.522   182.919
   71   23.373   23.358   36.327    0.356    70.515   183.769
   72   23.284   23.269   36.331    0.359    71.508   183.553
   73   23.090   23.075   36.333    0.362    72.501   182.733
   74   22.878   22.863   36.338    0.365    73.494   181.944
   75   22.736   22.720   36.342    0.368    74.487   180.805
   76   22.684   22.669   36.375    0.371    75.480   179.618
   77   22.661   22.645   36.401    0.374    76.473   178.786
   78   22.621   22.605   36.412    0.377    77.466   178.141
   79   22.597   22.581   36.411    0.380    78.459   177.709
   80   22.571   22.555   36.409    0.383    79.452   178.026
   81   22.528   22.512   36.402    0.385    80.444   178.540
   82   22.456   22.439   36.401    0.388    81.437   178.421
   83   22.325   22.308   36.399    0.391    82.430   177.526
   84   22.180   22.163   36.413    0.394    83.423   176.557
   85   22.068   22.051   36.423    0.397    84.416   176.149
   86   21.866   21.849   36.429    0.399    85.409   174.810
   87   21.778   21.761   36.425    0.402    86.402   171.721
   88   21.732   21.714   36.430    0.404    87.395   169.123
   89   21.618   21.600   36.441    0.407    88.388   167.554
   90   21.571   21.554   36.442    0.410    89.381   166.172
   91   21.412   21.394   36.466    0.412    90.374   165.216
   92   21.381   21.363   36.476    0.415    91.367   163.055
   93   21.351   21.333   36.486    0.417    92.359   161.267
   94   21.274   21.256   36.485    0.420    93.352   160.280
   95   21.059   21.041   36.469    0.422    94.345   159.396
   96   20.786   20.767   36.456    0.424    95.338   157.634
   97   20.620   20.601   36.457    0.427    96.331   154.592
   98   20.565   20.547   36.470    0.429    97.324   151.794
   99   20.532   20.514   36.477    0.431    98.317   149.462
  100   20.506   20.487   36.484    0.433    99.310   147.575
  101   20.376   20.357   36.486    0.436    100.302   146.901
  102   20.227   20.208   36.486    0.438    101.295   145.711
  103   20.179   20.160   36.483    0.440    102.288   143.260
  104   20.148   20.128   36.481    0.442    103.281   141.153
  105   20.121   20.101   36.481    0.444    104.274   140.421
  106   20.086   20.066   36.494    0.447    105.267   140.545
  107   20.110   20.090   36.528    0.449    106.259   140.320
  108   20.176   20.156   36.588    0.451    107.252   139.864
  109   20.200   20.179   36.609    0.453    108.245   140.020
  110   20.200   20.180   36.624    0.455    109.238   140.834
  111   20.177   20.157   36.634    0.457    110.231   141.873
  112   20.157   20.136   36.648    0.459    111.224   142.946
  113   20.126   20.105   36.654    0.461    112.216   144.270
  114   20.088   20.067   36.653    0.463    113.209   145.286
  115   20.055   20.033   36.650    0.465    114.202   145.590
  116   20.006   19.984   36.647    0.467    115.195   145.230
  117   19.943   19.921   36.642    0.469    116.187   144.646
  118   19.827   19.805   36.630    0.471    117.180   144.226
  119   19.741   19.719   36.622    0.473    118.173   143.515
  120   19.671   19.649   36.614    0.475    119.166   142.705
  121   19.632   19.610   36.607    0.477    120.158   142.003
  122   19.629   19.607   36.606    0.479    121.151   141.682
  123   19.623   19.601   36.605    0.481    122.144   141.708
  124   19.606   19.583   36.602    0.483    123.137   141.804
  125   19.586   19.563   36.598    0.485    124.129   141.724
  126   19.554   19.531   36.595    0.487    125.122   141.519
  127   19.482   19.459   36.587    0.489    126.115   141.312
  128   19.427   19.404   36.582    0.491    127.108   140.838
  129   19.412   19.389   36.581    0.493    128.100   140.277
  130   19.393   19.369   36.580    0.495    129.093   140.089
  131   19.379   19.355   36.579    0.497    130.086   140.256
  132   19.348   19.324   36.579    0.498    131.079   140.381
  133   19.274   19.250   36.576    0.500    132.071   140.715
  134   19.183   19.158   36.567    0.502    133.064   141.573
  135   19.097   19.072   36.556    0.504    134.057   141.446
  136   19.015   18.990   36.547    0.506    135.049   140.981
  137   18.915   18.891   36.537    0.508    136.042   140.771
  138   18.848   18.823   36.530    0.510    137.035   140.465
  139   18.772   18.747   36.520    0.511    138.027   140.220
  140   18.606   18.581   36.499    0.513    139.020   140.110
  141   18.576   18.551   36.495    0.515    140.013   139.732
  142   18.570   18.545   36.495    0.517    141.005   139.639
  143   18.565   18.540   36.495    0.519    141.998   139.710
  144   18.556   18.531   36.494    0.520    142.991   139.656
  145   18.524   18.498   36.491    0.522    143.983   139.602
  146   18.479   18.454   36.486    0.524    144.976   139.640
  147   18.412   18.386   36.478    0.526    145.968   139.751
  148   18.327   18.301   36.468    0.527    146.961   139.857
  149   18.266   18.239   36.460    0.529    147.954   140.031
  150   18.226   18.200   36.454    0.531    148.946   140.140
  151   18.211   18.184   36.451    0.533    149.939   140.066
  152   18.148   18.121   36.443    0.534    150.932   140.050
  153   18.019   17.992   36.425    0.536    151.924   139.653
  154   17.935   17.908   36.413    0.538    152.917   138.616
  155   17.815   17.789   36.398    0.539    153.909   137.769
  156   17.748   17.722   36.389    0.541    154.902   137.410
  157   17.710   17.683   36.384    0.543    155.895   137.753
  158   17.655   17.628   36.378    0.544    156.887   138.218
  159   17.616   17.589   36.372    0.546    157.880   138.300
  160   17.569   17.542   36.365    0.548    158.872   138.067
  161   17.536   17.509   36.361    0.549    159.865   137.922
  162   17.496   17.469   36.355    0.551    160.857   137.902
  163   17.437   17.409   36.347    0.553    161.850   137.746
  164   17.406   17.378   36.342    0.554    162.843   137.483
  165   17.389   17.361   36.339    0.556    163.835   137.247
  166   17.362   17.334   36.335    0.558    164.828   136.947
  167   17.294   17.266   36.326    0.559    165.820   136.857
  168   17.213   17.184   36.315    0.561    166.813   136.937
  169   17.139   17.111   36.306    0.562    167.805   136.853
  170   17.117   17.088   36.303    0.564    168.798   137.582
  171   17.099   17.070   36.301    0.566    169.790   139.122
  172   17.086   17.057   36.300    0.567    170.783   140.235
  173   17.058   17.029   36.297    0.569    171.775   140.311
  174   17.028   16.999   36.293    0.570    172.768   140.081
  175   17.017   16.988   36.291    0.572    173.760   139.724
  176   16.996   16.967   36.287    0.573    174.753   139.566
  177   16.931   16.902   36.278    0.575    175.745   139.528
  178   16.897   16.868   36.273    0.577    176.738   139.483
  179   16.860   16.830   36.266    0.578    177.730   139.368
  180   16.817   16.788   36.259    0.580    178.723   139.550
  181   16.772   16.742   36.253    0.581    179.715   139.618
  182   16.731   16.701   36.247    0.583    180.708   139.446
  183   16.678   16.648   36.239    0.584    181.700   139.246
  184   16.644   16.614   36.234    0.586    182.693   139.232
  185   16.639   16.608   36.233    0.587    183.685   139.212
  186   16.639   16.609   36.233    0.589    184.677   139.402
  187   16.631   16.600   36.232    0.590    185.670   139.595
  188   16.589   16.558   36.226    0.592    186.662   139.764
  189   16.536   16.505   36.217    0.594    187.655   139.644
  190   16.499   16.468   36.210    0.595    188.647   139.286
  191   16.454   16.423   36.203    0.597    189.640   139.150
  192   16.404   16.372   36.195    0.598    190.632   139.213
  193   16.359   16.328   36.189    0.600    191.624   139.084
  194   16.332   16.300   36.185    0.601    192.617   139.011
  195   16.317   16.286   36.183    0.603    193.609   138.995
  196   16.302   16.270   36.180    0.604    194.602   139.006
  197   16.280   16.248   36.176    0.606    195.594   138.970
  198   16.209   16.177   36.164    0.607    196.586   138.794
  199   16.180   16.148   36.160    0.609    197.579   137.825
  200   16.154   16.122   36.155    0.610    198.571   136.555
  201   16.076   16.044   36.143    0.612    199.564   135.830
  202   16.056   16.023   36.139    0.613    200.556   135.222
  203   16.049   16.016   36.137    0.615    201.548   134.706
  204   16.040   16.008   36.135    0.616    202.541   134.219
  205   16.005   15.972   36.130    0.617    203.533   133.862
  206   15.969   15.936   36.124    0.619    204.525   133.431
  207   15.939   15.906   36.119    0.620    205.518   132.973
  208   15.922   15.889   36.117    0.622    206.510   132.485
  209   15.903   15.869   36.114    0.623    207.502   132.219
  210   15.880   15.847   36.110    0.625    208.495   132.275
  211   15.851   15.818   36.105    0.626    209.487   132.535
  212   15.817   15.784   36.099    0.628    210.479   132.400
  213   15.770   15.736   36.092    0.629    211.472   131.437
  214   15.730   15.697   36.086    0.631    212.464   130.424
  215   15.698   15.664   36.080    0.632    213.456   129.961
  216   15.664   15.630   36.074    0.634    214.449   130.138
  217   15.622   15.588   36.068    0.635    215.441   130.586
  218   15.598   15.563   36.064    0.636    216.433   130.686
  219   15.572   15.538   36.060    0.638    217.425   130.510
  220   15.538   15.504   36.055    0.639    218.418   130.255
  221   15.518   15.484   36.052    0.641    219.410   129.780
  222   15.505   15.470   36.049    0.642    220.402   129.401
  223   15.429   15.394   36.038    0.644    221.395   129.238
  224   15.383   15.348   36.031    0.645    222.387   128.996
  225   15.376   15.341   36.030    0.646    223.379   128.747
  226   15.360   15.325   36.027    0.648    224.371   128.709
  227   15.310   15.275   36.019    0.649    225.364   128.825
  228   15.304   15.269   36.018    0.651    226.356   128.820
  229   15.299   15.263   36.017    0.652    227.348   128.912
  230   15.257   15.222   36.010    0.653    228.340   128.992
  231   15.207   15.172   36.002    0.655    229.332   128.672
  232   15.190   15.154   35.998    0.656    230.325   127.983
  233   15.169   15.133   35.994    0.658    231.317   127.571
  234   15.128   15.092   35.989    0.659    232.309   127.434
  235   15.067   15.031   35.979    0.660    233.301   127.358
  236   15.007   14.971   35.969    0.662    234.294   126.820
  237   14.977   14.941   35.964    0.663    235.286   126.040
  238   14.934   14.897   35.957    0.665    236.278   125.465
  239   14.914   14.878   35.954    0.666    237.270   125.067
  240   14.904   14.868   35.952    0.667    238.262   124.890
  241   14.858   14.821   35.944    0.669    239.255   124.910
  242   14.767   14.730   35.930    0.670    240.247   124.938
  243   14.723   14.686   35.922    0.671    241.239   124.525
  244   14.684   14.647   35.914    0.673    242.231   123.792
  245   14.659   14.622   35.910    0.674    243.223   122.894
  246   14.648   14.611   35.907    0.676    244.215   122.103
  247   14.592   14.555   35.899    0.677    245.207   121.601
  248   14.554   14.517   35.894    0.678    246.200   121.322
  249   14.512   14.475   35.889    0.680    247.192   121.378
  250   14.474   14.437   35.883    0.681    248.184   121.606
  251   14.432   14.395   35.875    0.682    249.176   121.712
  252   14.375   14.337   35.866    0.684    250.168   121.637
  253   14.336   14.299   35.859    0.685    251.160   121.495
  254   14.252   14.214   35.847    0.686    252.152   121.488
  255   14.177   14.139   35.835    0.688    253.145   121.360
  256   14.137   14.099   35.828    0.689    254.137   121.188
  257   14.086   14.048   35.820    0.690    255.129   120.893
  258   14.029   13.991   35.811    0.692    256.121   120.323
  259   14.001   13.964   35.806    0.693    257.113   119.572
  260   13.975   13.937   35.803    0.694    258.105   119.063
  261   13.928   13.890   35.796    0.695    259.097   119.008
  262   13.886   13.848   35.789    0.697    260.089   119.224
  263   13.855   13.817   35.783    0.698    261.081   119.249
  264   13.820   13.782   35.777    0.699    262.073   119.068
  265   13.763   13.725   35.769    0.701    263.065   118.847
  266   13.718   13.680   35.762    0.702    264.057   118.480
  267   13.687   13.649   35.757    0.703    265.050   118.335
  268   13.629   13.591   35.748    0.704    266.042   118.310
  269   13.556   13.517   35.737    0.706    267.034   118.344
  270   13.517   13.479   35.731    0.707    268.026   118.172
  271   13.493   13.454   35.727    0.708    269.018   117.987
  272   13.435   13.397   35.717    0.709    270.010   117.939
  273   13.333   13.294   35.703    0.711    271.002   117.918
  274   13.287   13.248   35.695    0.712    271.994   117.747
  275   13.230   13.191   35.686    0.713    272.986   117.682
  276   13.205   13.167   35.681    0.714    273.978   117.562
  277   13.200   13.161   35.681    0.716    274.970   117.603
  278   13.197   13.158   35.680    0.717    275.962   117.701
  279   13.178   13.139   35.678    0.718    276.954   117.727
  280   13.121   13.082   35.669    0.719    277.946   117.721
  281   13.069   13.030   35.661    0.721    278.938   117.556
  282   13.032   12.993   35.655    0.722    279.930   117.381
  283   13.002   12.963   35.651    0.723    280.922   117.280
  284   12.967   12.927   35.646    0.724    281.914   117.162
  285   12.940   12.900   35.642    0.725    282.906   117.000
  286   12.926   12.887   35.639    0.727    283.898   116.812
  287   12.905   12.865   35.635    0.728    284.890   116.771
  288   12.875   12.836   35.631    0.729    285.882   116.816
  289   12.844   12.804   35.626    0.730    286.874   116.887
  290   12.803   12.763   35.620    0.732    287.866   116.861
  291   12.765   12.725   35.614    0.733    288.857   116.862
  292   12.723   12.683   35.607    0.734    289.849   116.883
  293   12.699   12.659   35.603    0.735    290.841   116.926
  294   12.680   12.640   35.600    0.736    291.833   116.990
  295   12.658   12.617   35.596    0.738    292.825   117.009
  296   12.618   12.578   35.590    0.739    293.817   117.063
  297   12.588   12.548   35.586    0.740    294.809   117.044
  298   12.557   12.517   35.582    0.741    295.801   117.084
  299   12.539   12.498   35.579    0.742    296.793   117.122
  300   12.516   12.475   35.575    0.743    297.785   117.171
  301   12.491   12.450   35.571    0.745    298.777   117.157
  302   12.471   12.430   35.568    0.746    299.769   117.172
  303   12.448   12.407   35.564    0.747    300.760   117.134
  304   12.418   12.377   35.560    0.748    301.752   117.119
  305   12.363   12.322   35.552    0.749    302.744   117.178
  306   12.342   12.301   35.549    0.751    303.736   117.192
  307   12.323   12.282   35.546    0.752    304.728   117.229
  308   12.300   12.259   35.542    0.753    305.720   117.322
  309   12.275   12.234   35.537    0.754    306.712   117.380
  310   12.254   12.213   35.534    0.755    307.703   117.355
  311   12.240   12.198   35.531    0.756    308.695   117.249
  312   12.223   12.182   35.529    0.758    309.687   117.241
  313   12.210   12.169   35.526    0.759    310.679   117.271
  314   12.175   12.133   35.521    0.760    311.671   117.336
  315   12.159   12.117   35.518    0.761    312.663   117.257
  316   12.146   12.104   35.516    0.762    313.654   117.195
  317   12.105   12.063   35.510    0.763    314.646   117.254
  318   12.083   12.041   35.506    0.765    315.638   117.261
  319   12.059   12.016   35.502    0.766    316.630   117.233
  320   12.036   11.994   35.498    0.767    317.622   117.191
  321   12.004   11.962   35.494    0.768    318.614   117.146
  322   11.990   11.948   35.492    0.769    319.605   117.174
  323   11.978   11.935   35.489    0.770    320.597   117.228
  324   11.967   11.924   35.487    0.771    321.589   117.270
  325   11.943   11.900   35.483    0.773    322.581   117.330
  326   11.886   11.843   35.475    0.774    323.572   117.366
  327   11.839   11.796   35.468    0.775    324.564   117.309
  328   11.824   11.781   35.465    0.776    325.556   117.253
  329   11.772   11.729   35.457    0.777    326.548   117.308
  330   11.741   11.698   35.453    0.778    327.540   117.269
  331   11.711   11.668   35.448    0.779    328.531   117.273
  332   11.705   11.662   35.447    0.781    329.523   117.230
  333   11.702   11.658   35.446    0.782    330.515   117.223
  334   11.687   11.643   35.444    0.783    331.506   117.267
  335   11.663   11.620   35.441    0.784    332.498   117.237
  336   11.612   11.569   35.433    0.785    333.490   117.277
  337   11.579   11.535   35.428    0.786    334.482   117.198
  338   11.559   11.515   35.425    0.787    335.473   117.120
  339   11.519   11.476   35.419    0.789    336.465   117.130
  340   11.482   11.438   35.414    0.790    337.457   117.117
  341   11.432   11.389   35.406    0.791    338.449   117.081
  342   11.415   11.372   35.403    0.792    339.440   116.958
  343   11.389   11.345   35.399    0.793    340.432   116.888
  344   11.367   11.323   35.396    0.794    341.424   116.840
  345   11.351   11.307   35.393    0.795    342.415   116.788
  346   11.307   11.263   35.388    0.796    343.407   116.756
  347   11.293   11.249   35.385    0.797    344.399   116.669
  348   11.281   11.237   35.383    0.799    345.390   116.610
  349   11.271   11.227   35.381    0.800    346.382   116.592
  350   11.241   11.197   35.377    0.801    347.374   116.574
  351   11.216   11.172   35.374    0.802    348.365   116.533
  352   11.201   11.157   35.372    0.803    349.357   116.545
  353   11.173   11.128   35.368    0.804    350.349   116.528
  354   11.142   11.097   35.363    0.805    351.340   116.532
  355   11.135   11.090   35.362    0.806    352.332   116.481
  356   11.116   11.071   35.360    0.807    353.324   116.521
  357   11.095   11.050   35.357    0.809    354.315   116.545
  358   11.084   11.039   35.355    0.810    355.307   116.549
  359   11.069   11.024   35.353    0.811    356.298   116.529
  360   11.056   11.011   35.351    0.812    357.290   116.497
  361   11.051   11.006   35.350    0.813    358.282   116.478
  362   11.049   11.004   35.350    0.814    359.273   116.440
  363   11.033   10.987   35.348    0.815    360.265   116.485
  364   10.991   10.946   35.342    0.816    361.256   116.491
  365   10.965   10.920   35.338    0.817    362.248   116.391
  366   10.919   10.873   35.332    0.818    363.240   116.428
  367   10.890   10.844   35.327    0.819    364.231   116.382
  368   10.857   10.812   35.322    0.821    365.223   116.412
  369   10.836   10.790   35.319    0.822    366.214   116.419
  370   10.821   10.775   35.316    0.823    367.206   116.421
  371   10.803   10.757   35.313    0.824    368.197   116.416
  372   10.781   10.735   35.310    0.825    369.189   116.345
  373   10.760   10.714   35.307    0.826    370.181   116.321
  374   10.743   10.697   35.305    0.827    371.172   116.297
  375   10.735   10.689   35.304    0.828    372.164   116.280
  376   10.713   10.666   35.300    0.829    373.155   116.313
  377   10.646   10.600   35.291    0.830    374.147   116.406
  378   10.611   10.565   35.286    0.831    375.138   116.394
  379   10.607   10.561   35.285    0.832    376.130   116.321
  380   10.597   10.551   35.284    0.833    377.121   116.277
  381   10.584   10.538   35.282    0.835    378.113   116.291
  382   10.570   10.523   35.280    0.836    379.104   116.298
  383   10.543   10.496   35.277    0.837    380.096   116.318
  384   10.529   10.482   35.275    0.838    381.087   116.295
  385   10.509   10.462   35.272    0.839    382.079   116.316
  386   10.477   10.431   35.268    0.840    383.070   116.355
  387   10.468   10.421   35.266    0.841    384.062   116.279
  388   10.448   10.401   35.263    0.842    385.053   116.238
  389   10.410   10.363   35.258    0.843    386.045   116.212
  390   10.366   10.319   35.252    0.844    387.036   116.215
  391   10.334   10.287   35.248    0.845    388.028   116.280
  392   10.303   10.256   35.243    0.846    389.019   116.288
  393   10.267   10.220   35.238    0.847    390.011   116.322
  394   10.243   10.196   35.235    0.848    391.002   116.281
  395   10.231   10.184   35.233    0.849    391.993   116.248
  396   10.218   10.171   35.231    0.850    392.985   116.337
  397   10.210   10.163   35.230    0.851    393.976   116.354
  398   10.204   10.157   35.229    0.852    394.968   116.352
  399   10.193   10.146   35.228    0.853    395.959   116.364
  400   10.178   10.131   35.226    0.855    396.951   116.385
  401   10.158   10.110   35.223    0.856    397.942   116.408
  402   10.131   10.083   35.220    0.857    398.933   116.404
  403   10.122   10.074   35.219    0.858    399.925   116.355
  404   10.116   10.068   35.218    0.859    400.916   116.378
  405   10.104   10.056   35.216    0.860    401.908   116.398
  406   10.080   10.032   35.213    0.861    402.899   116.430
  407   10.041   9.993   35.208    0.862    403.890   116.450
  408   10.007   9.959   35.203    0.863    404.882   116.398
  409   9.953   9.905   35.196    0.864    405.873   116.427
  410   9.919   9.871   35.191    0.865    406.865   116.465
  411   9.837   9.789   35.181    0.866    407.856   116.606
  412   9.816   9.768   35.177    0.867    408.847   116.624
  413   9.797   9.749   35.174    0.868    409.839   116.688
  414   9.775   9.727   35.171    0.869    410.830   116.746
  415   9.770   9.722   35.171    0.870    411.821   116.809
  416   9.769   9.721   35.171    0.871    412.813   116.858
  417   9.768   9.720   35.171    0.872    413.804   116.851
  418   9.767   9.719   35.171    0.873    414.795   116.830
  419   9.760   9.711   35.170    0.874    415.787   116.813
  420   9.727   9.678   35.166    0.875    416.778   116.831
  421   9.714   9.666   35.164    0.876    417.769   116.841
  422   9.708   9.659   35.163    0.877    418.761   116.800
  423   9.705   9.656   35.163    0.878    419.752   116.904
  424   9.701   9.652   35.162    0.879    420.743   116.974
  425   9.692   9.643   35.161    0.880    421.735   116.986
  426   9.678   9.629   35.160    0.881    422.726   116.939
  427   9.666   9.617   35.158    0.882    423.717   116.910
  428   9.643   9.593   35.155    0.883    424.708   116.971
  429   9.602   9.553   35.150    0.884    425.700   117.055
  430   9.575   9.526   35.146    0.885    426.691   117.075
  431   9.573   9.523   35.146    0.886    427.682   117.037
  432   9.573   9.523   35.146    0.887    428.674   117.077
  433   9.560   9.510   35.144    0.888    429.665   117.160
  434   9.537   9.487   35.141    0.889    430.656   117.220
  435   9.519   9.469   35.139    0.890    431.647   117.185
  436   9.501   9.451   35.136    0.891    432.639   117.181
  437   9.479   9.429   35.133    0.892    433.630   117.259
  438   9.440   9.391   35.129    0.893    434.621   117.292
  439   9.423   9.374   35.126    0.894    435.612   117.307
  440   9.407   9.357   35.124    0.895    436.604   117.326
  441   9.385   9.335   35.122    0.896    437.595   117.394
  442   9.362   9.312   35.119    0.897    438.586   117.469
  443   9.337   9.287   35.116    0.898    439.577   117.464
  444   9.315   9.265   35.113    0.899    440.568   117.477
  445   9.284   9.234   35.109    0.900    441.560   117.506
  446   9.257   9.207   35.106    0.901    442.551   117.577
  447   9.252   9.202   35.105    0.902    443.542   117.635
  448   9.244   9.194   35.104    0.903    444.533   117.714
  449   9.227   9.176   35.102    0.904    445.524   117.741
  450   9.207   9.157   35.100    0.905    446.516   117.734
  451   9.204   9.153   35.100    0.906    447.507   117.730
  452   9.190   9.140   35.098    0.907    448.498   117.752
  453   9.166   9.115   35.095    0.908    449.489   117.822
  454   9.148   9.098   35.093    0.909    450.480   117.799
  455   9.127   9.077   35.091    0.910    451.471   117.830
  456   9.108   9.057   35.088    0.911    452.463   117.901
  457   9.091   9.040   35.086    0.912    453.454   117.974
  458   9.079   9.029   35.085    0.913    454.445   118.022
  459   9.077   9.026   35.085    0.914    455.436   118.021
  460   9.069   9.018   35.084    0.915    456.427   118.006
  461   9.053   9.001   35.081    0.916    457.418   118.018
  462   9.042   8.990   35.080    0.917    458.409   118.052
  463   9.007   8.956   35.077    0.918    459.401   118.110
  464   8.983   8.932   35.073    0.919    460.392   118.118
  465   8.977   8.926   35.073    0.920    461.383   118.105
  466   8.969   8.918   35.072    0.921    462.374   118.138
  467   8.965   8.914   35.072    0.922    463.365   118.229
  468   8.955   8.903   35.071    0.923    464.356   118.297
  469   8.943   8.891   35.069    0.924    465.347   118.249
  470   8.939   8.887   35.069    0.925    466.338   118.274
  471   8.926   8.874   35.067    0.926    467.329   118.245
  472   8.903   8.851   35.065    0.927    468.321   118.336
  473   8.881   8.829   35.062    0.927    469.312   118.373
  474   8.875   8.823   35.062    0.928    470.303   118.398
  475   8.863   8.811   35.060    0.929    471.294   118.471
  476   8.838   8.786   35.057    0.930    472.285   118.494
  477   8.811   8.759   35.054    0.931    473.276   118.544
  478   8.782   8.730   35.051    0.932    474.267   118.620
  479   8.761   8.709   35.049    0.933    475.258   118.689
  480   8.733   8.681   35.046    0.934    476.249   118.739
  481   8.716   8.664   35.044    0.935    477.240   118.781
  482   8.696   8.644   35.042    0.936    478.231   118.885
  483   8.669   8.617   35.039    0.937    479.222   119.024
  484   8.643   8.591   35.036    0.938    480.213   119.102
  485   8.630   8.578   35.034    0.939    481.204   119.126
  486   8.622   8.570   35.034    0.940    482.195   119.204
  487   8.603   8.551   35.032    0.941    483.186   119.259
  488   8.581   8.529   35.029    0.942    484.177   119.331
  489   8.563   8.511   35.028    0.943    485.168   119.400
  490   8.549   8.497   35.026    0.944    486.159   119.491
  491   8.539   8.487   35.025    0.945    487.150   119.617
  492   8.532   8.479   35.024    0.946    488.141   119.706
  493   8.512   8.459   35.023    0.946    489.132   119.767
  494   8.498   8.445   35.021    0.947    490.123   119.794
  495   8.492   8.439   35.020    0.948    491.114   119.787
  496   8.480   8.427   35.019    0.949    492.105   119.779
  497   8.452   8.399   35.017    0.950    493.096   119.833
  498   8.447   8.394   35.016    0.951    494.087   119.828
  499   8.429   8.376   35.014    0.952    495.078   119.855
  500   8.414   8.361   35.013    0.953    496.069   119.938
  501   8.409   8.355   35.012    0.954    497.060   120.032
  502   8.388   8.335   35.010    0.955    498.051   120.158
  503   8.367   8.314   35.008    0.956    499.042   120.250
  504   8.357   8.303   35.007    0.957    500.033   120.287
  505   8.340   8.286   35.006    0.958    501.023   120.325
  506   8.330   8.277   35.005    0.959    502.014   120.361
  507   8.321   8.267   35.004    0.960    503.005   120.433
  508   8.290   8.236   35.001    0.960    503.996   120.537
  509   8.254   8.200   34.997    0.961    504.987   120.631
  510   8.237   8.183   34.995    0.962    505.978   120.683
  511   8.230   8.176   34.994    0.963    506.969   120.824
  512   8.224   8.171   34.994    0.964    507.960   120.989
  513   8.214   8.160   34.993    0.965    508.951   121.121
  514   8.201   8.147   34.992    0.966    509.942   121.186
  515   8.188   8.134   34.991    0.967    510.932   121.211
  516   8.170   8.116   34.989    0.968    511.923   121.254
  517   8.139   8.085   34.986    0.969    512.914   121.360
  518   8.114   8.060   34.984    0.970    513.905   121.412
  519   8.097   8.043   34.982    0.971    514.896   121.524
  520   8.076   8.022   34.981    0.971    515.887   121.660
  521   8.053   7.999   34.979    0.972    516.878   121.813
  522   8.028   7.974   34.977    0.973    517.868   121.960
  523   8.011   7.957   34.976    0.974    518.859   122.047
  524   7.998   7.944   34.975    0.975    519.850   122.197
  525   7.990   7.935   34.974    0.976    520.841   122.317
  526   7.970   7.916   34.973    0.977    521.832   122.446
  527   7.959   7.904   34.972    0.978    522.823   122.463
  528   7.947   7.893   34.971    0.979    523.813   122.609
  529   7.940   7.885   34.970    0.980    524.804   122.730
  530   7.912   7.858   34.968    0.980    525.795   122.843
  531   7.887   7.833   34.966    0.981    526.786   122.889
  532   7.851   7.796   34.963    0.982    527.777   123.002
  533   7.831   7.776   34.961    0.983    528.767   123.088
  534   7.824   7.769   34.961    0.984    529.758   123.275
  535   7.825   7.771   34.961    0.985    530.749   123.508
  536   7.822   7.767   34.961    0.986    531.740   123.730
  537   7.798   7.743   34.959    0.987    532.731   123.869
  538   7.765   7.710   34.956    0.987    533.721   123.940
  539   7.755   7.700   34.955    0.988    534.712   123.899
  540   7.749   7.694   34.955    0.989    535.703   123.953
  541   7.721   7.666   34.953    0.990    536.694   124.115
  542   7.701   7.646   34.951    0.991    537.684   124.282
  543   7.698   7.643   34.951    0.992    538.675   124.358
  544   7.698   7.643   34.951    0.993    539.666   124.477
  545   7.693   7.638   34.950    0.994    540.656   124.607
  546   7.692   7.637   34.950    0.994    541.647   124.664
  547   7.685   7.629   34.949    0.995    542.638   124.786
  548   7.672   7.616   34.948    0.996    543.629   124.799
  549   7.655   7.600   34.947    0.997    544.619   124.745
  550   7.641   7.586   34.946    0.998    545.610   124.740
  551   7.629   7.573   34.945    0.999    546.601   124.879
  552   7.616   7.560   34.944    1.000    547.591   125.021
  553   7.603   7.547   34.942    1.001    548.582   125.144
  554   7.596   7.541   34.942    1.001    549.573   125.252
  555   7.590   7.535   34.942    1.002    550.564   125.387
  556   7.584   7.529   34.941    1.003    551.554   125.491
  557   7.573   7.517   34.941    1.004    552.545   125.567
  558   7.562   7.506   34.940    1.005    553.536   125.630
  559   7.552   7.496   34.939    1.006    554.526   125.649
  560   7.544   7.488   34.938    1.007    555.517   125.740
  561   7.545   7.489   34.939    1.008    556.508   125.836
  562   7.542   7.486   34.938    1.008    557.498   125.968
  563   7.527   7.471   34.938    1.009    558.489   126.082
  564   7.511   7.455   34.937    1.010    559.480   126.124
  565   7.502   7.445   34.936    1.011    560.470   126.096
  566   7.484   7.427   34.935    1.012    561.461   126.158
  567   7.473   7.416   34.934    1.013    562.451   126.236
  568   7.453   7.397   34.933    1.014    563.442   126.361
  569   7.427   7.371   34.931    1.014    564.433   126.474
  570   7.411   7.355   34.930    1.015    565.423   126.582
  571   7.409   7.352   34.930    1.016    566.414   126.760
  572   7.395   7.338   34.929    1.017    567.405   126.974
  573   7.378   7.321   34.928    1.018    568.395   127.189
  574   7.354   7.297   34.927    1.019    569.386   127.372
  575   7.345   7.289   34.927    1.020    570.376   127.452
  576   7.339   7.282   34.926    1.020    571.367   127.536
  577   7.333   7.276   34.926    1.021    572.357   127.702
  578   7.327   7.270   34.926    1.022    573.348   127.862
  579   7.317   7.260   34.925    1.023    574.339   127.951
  580   7.306   7.249   34.925    1.024    575.329   127.983
  581   7.278   7.221   34.923    1.025    576.320   128.061
  582   7.258   7.200   34.922    1.025    577.310   128.113
  583   7.231   7.174   34.921    1.026    578.301   128.326
  584   7.207   7.150   34.919    1.027    579.291   128.541
  585   7.195   7.138   34.919    1.028    580.282   128.736
  586   7.186   7.129   34.918    1.029    581.272   129.037
  587   7.161   7.104   34.917    1.030    582.263   129.362
  588   7.147   7.090   34.917    1.030    583.254   129.562
  589   7.140   7.083   34.917    1.031    584.244   129.702
  590   7.137   7.079   34.916    1.032    585.235   129.890
  591   7.131   7.074   34.916    1.033    586.225   130.031
  592   7.128   7.070   34.916    1.034    587.216   130.170
  593   7.117   7.059   34.916    1.035    588.206   130.259
  594   7.105   7.048   34.915    1.035    589.197   130.365
  595   7.097   7.039   34.915    1.036    590.187   130.402
  596   7.074   7.016   34.914    1.037    591.178   130.501
  597   7.044   6.986   34.913    1.038    592.168   130.586
  598   7.032   6.974   34.913    1.039    593.159   130.721
  599   7.026   6.968   34.912    1.039    594.149   130.991
  600   7.023   6.965   34.912    1.040    595.140   131.266
  601   7.016   6.958   34.912    1.041    596.130   131.485
  602   6.983   6.925   34.911    1.042    597.120   131.642
  603   6.963   6.905   34.910    1.043    598.111   131.723
  604   6.950   6.892   34.910    1.043    599.101   131.830
  605   6.933   6.875   34.909    1.044    600.092   132.117
  606   6.918   6.860   34.908    1.045    601.082   132.409
  607   6.908   6.850   34.908    1.046    602.073   132.712
  608   6.894   6.836   34.908    1.047    603.063   132.946
  609   6.886   6.828   34.907    1.047    604.054   133.100
  610   6.883   6.825   34.908    1.048    605.044   133.274
  611   6.875   6.817   34.907    1.049    606.034   133.429
  612   6.866   6.808   34.907    1.050    607.025   133.569
  613   6.858   6.800   34.907    1.051    608.015   133.679
  614   6.854   6.796   34.907    1.051    609.006   133.766
  615   6.853   6.794   34.907    1.052    609.996   133.872
  616   6.852   6.793   34.907    1.053    610.986   133.980
  617   6.851   6.792   34.907    1.054    611.977   134.051
  618   6.848   6.789   34.907    1.055    612.967   134.125
  619   6.845   6.786   34.907    1.055    613.958   134.160
  620   6.836   6.777   34.907    1.056    614.948   134.162
  621   6.831   6.772   34.907    1.057    615.938   134.152
  622   6.824   6.765   34.906    1.058    616.929   134.242
  623   6.813   6.753   34.906    1.059    617.919   134.361
  624   6.807   6.747   34.906    1.059    618.909   134.454
  625   6.791   6.732   34.906    1.060    619.900   134.592
  626   6.781   6.721   34.906    1.061    620.890   134.703
  627   6.768   6.709   34.905    1.062    621.880   134.818
  628   6.755   6.696   34.905    1.063    622.871   134.994
  629   6.747   6.687   34.905    1.063    623.861   135.120
  630   6.740   6.681   34.904    1.064    624.851   135.309
  631   6.734   6.674   34.904    1.065    625.842   135.502
  632   6.722   6.663   34.904    1.066    626.832   135.696
  633   6.704   6.644   34.904    1.066    627.822   135.827
  634   6.688   6.628   34.904    1.067    628.813   135.969
  635   6.682   6.622   34.903    1.068    629.803   136.084
  636   6.671   6.611   34.903    1.069    630.793   136.368
  637   6.666   6.606   34.903    1.070    631.784   136.580
  638   6.662   6.602   34.903    1.070    632.774   136.728
  639   6.651   6.591   34.903    1.071    633.764   136.850
  640   6.637   6.577   34.903    1.072    634.755   136.942
  641   6.634   6.574   34.903    1.073    635.745   137.012
  642   6.629   6.569   34.903    1.073    636.735   137.171
  643   6.625   6.565   34.903    1.074    637.725   137.282
  644   6.621   6.561   34.903    1.075    638.716   137.391
  645   6.615   6.555   34.903    1.076    639.706   137.535
  646   6.610   6.549   34.903    1.077    640.696   137.593
  647   6.606   6.545   34.903    1.077    641.686   137.676
  648   6.603   6.542   34.903    1.078    642.677   137.770
  649   6.601   6.540   34.903    1.079    643.667   137.873
  650   6.595   6.534   34.903    1.080    644.657   137.924
  651   6.584   6.523   34.902    1.080    645.647   137.994
  652   6.573   6.512   34.902    1.081    646.638   138.017
  653   6.568   6.507   34.902    1.082    647.628   138.083
  654   6.552   6.491   34.902    1.083    648.618   138.288
  655   6.542   6.481   34.902    1.083    649.608   138.492
  656   6.537   6.476   34.902    1.084    650.598   138.684
  657   6.535   6.474   34.902    1.085    651.589   138.893
  658   6.532   6.471   34.902    1.086    652.579   139.014
  659   6.530   6.469   34.902    1.086    653.569   139.110
  660   6.527   6.465   34.902    1.087    654.559   139.206
  661   6.521   6.460   34.902    1.088    655.549   139.267
  662   6.518   6.456   34.902    1.089    656.540   139.334
  663   6.514   6.452   34.902    1.090    657.530   139.368
  664   6.503   6.442   34.902    1.090    658.520   139.443
  665   6.486   6.425   34.902    1.091    659.510   139.514
  666   6.472   6.410   34.902    1.092    660.500   139.619
  667   6.459   6.397   34.901    1.093    661.490   139.767
  668   6.449   6.387   34.901    1.093    662.481   139.992
  669   6.445   6.383   34.901    1.094    663.471   140.252
  670   6.443   6.381   34.901    1.095    664.461   140.525
  671   6.439   6.377   34.901    1.096    665.451   140.738
  672   6.430   6.368   34.902    1.096    666.441   140.848
  673   6.409   6.347   34.902    1.097    667.431   140.915
  674   6.382   6.320   34.901    1.098    668.421   141.052
  675   6.377   6.315   34.901    1.099    669.411   141.190
  676   6.376   6.313   34.901    1.099    670.402   141.459
  677   6.375   6.312   34.901    1.100    671.392   141.785
  678   6.373   6.311   34.901    1.101    672.382   142.041
  679   6.370   6.307   34.902    1.102    673.372   142.181
  680   6.364   6.302   34.902    1.102    674.362   142.201
  681   6.360   6.298   34.902    1.103    675.352   142.235
  682   6.356   6.294   34.902    1.104    676.342   142.326
  683   6.353   6.290   34.902    1.104    677.332   142.461
  684   6.350   6.287   34.902    1.105    678.322   142.502
  685   6.348   6.285   34.902    1.106    679.312   142.525
  686   6.346   6.283   34.902    1.107    680.302   142.540
  687   6.343   6.280   34.902    1.107    681.293   142.618
  688   6.338   6.275   34.902    1.108    682.283   142.670
  689   6.334   6.271   34.902    1.109    683.273   142.753
  690   6.328   6.265   34.902    1.110    684.263   142.814
  691   6.328   6.264   34.902    1.110    685.253   142.896
  692   6.327   6.264   34.902    1.111    686.243   143.019
  693   6.326   6.262   34.902    1.112    687.233   143.128
  694   6.326   6.262   34.902    1.113    688.223   143.183
  695   6.325   6.261   34.902    1.113    689.213   143.204
  696   6.322   6.258   34.902    1.114    690.203   143.188
  697   6.321   6.257   34.902    1.115    691.193   143.181
  698   6.321   6.257   34.902    1.116    692.183   143.222
  699   6.310   6.246   34.902    1.116    693.173   143.234
  700   6.298   6.234   34.902    1.117    694.163   143.301
  701   6.293   6.229   34.902    1.118    695.153   143.305
  702   6.285   6.220   34.902    1.118    696.143   143.395
  703   6.279   6.214   34.902    1.119    697.133   143.576
  704   6.274   6.210   34.902    1.120    698.123   143.819
  705   6.266   6.202   34.902    1.121    699.113   143.987
  706   6.254   6.190   34.902    1.121    700.103   144.094
  707   6.252   6.187   34.902    1.122    701.093   144.155
  708   6.243   6.178   34.902    1.123    702.083   144.350
  709   6.234   6.169   34.902    1.124    703.073   144.581
  710   6.226   6.161   34.902    1.124    704.063   144.747
  711   6.221   6.156   34.902    1.125    705.053   144.874
  712   6.194   6.129   34.903    1.126    706.043   145.059
  713   6.179   6.114   34.903    1.126    707.032   145.208
  714   6.170   6.105   34.903    1.127    708.022   145.393
  715   6.165   6.100   34.903    1.128    709.012   145.726
  716   6.143   6.078   34.903    1.129    710.002   146.097
  717   6.142   6.077   34.903    1.129    710.992   146.348
  718   6.144   6.079   34.903    1.130    711.982   146.551
  719   6.138   6.073   34.903    1.131    712.972   146.830
  720   6.137   6.072   34.903    1.131    713.962   146.978
  721   6.137   6.072   34.903    1.132    714.952   147.100
  722   6.137   6.072   34.903    1.133    715.942   147.192
  723   6.138   6.072   34.903    1.134    716.932   147.171
  724   6.138   6.072   34.903    1.134    717.921   147.174
  725   6.138   6.073   34.903    1.135    718.911   147.128
  726   6.139   6.073   34.903    1.136    719.901   147.054
  727   6.139   6.073   34.903    1.136    720.891   147.008
  728   6.137   6.071   34.903    1.137    721.881   147.059
  729   6.136   6.070   34.904    1.138    722.871   147.091
  730   6.136   6.070   34.903    1.139    723.861   147.177
  731   6.137   6.070   34.904    1.139    724.851   147.209
  732   6.136   6.070   34.903    1.140    725.840   147.270
  733   6.134   6.067   34.904    1.141    726.830   147.258
  734   6.119   6.053   34.904    1.141    727.820   147.261
  735   6.114   6.047   34.904    1.142    728.810   147.278
  736   6.112   6.045   34.904    1.143    729.800   147.337
  737   6.110   6.044   34.904    1.144    730.790   147.480
  738   6.107   6.040   34.904    1.144    731.779   147.637
  739   6.101   6.034   34.904    1.145    732.769   147.723
  740   6.097   6.030   34.904    1.146    733.759   147.826
  741   6.092   6.025   34.904    1.146    734.749   147.896
  742   6.090   6.023   34.904    1.147    735.739   147.962
  743   6.089   6.022   34.904    1.148    736.728   148.070
  744   6.084   6.017   34.904    1.149    737.718   148.182
  745   6.074   6.007   34.904    1.149    738.708   148.289
  746   6.057   5.990   34.905    1.150    739.698   148.388
  747   6.045   5.978   34.905    1.151    740.688   148.471
  748   6.032   5.965   34.905    1.151    741.677   148.712
  749   6.024   5.956   34.905    1.152    742.667   148.976
  750   6.018   5.951   34.905    1.153    743.657   149.231
  751   6.013   5.945   34.905    1.154    744.647   149.495
  752   6.008   5.940   34.905    1.154    745.636   149.709
  753   6.007   5.940   34.905    1.155    746.626   149.899
  754   6.007   5.939   34.906    1.156    747.616   150.002
  755   6.005   5.938   34.906    1.156    748.606   150.169
  756   6.004   5.936   34.906    1.157    749.595   150.269
  757   6.000   5.932   34.906    1.158    750.585   150.306
  758   5.999   5.931   34.906    1.158    751.575   150.286
  759   5.995   5.927   34.906    1.159    752.565   150.317
  760   5.988   5.920   34.906    1.160    753.554   150.393
  761   5.982   5.914   34.906    1.161    754.544   150.532
  762   5.977   5.909   34.906    1.161    755.534   150.653
  763   5.976   5.907   34.906    1.162    756.523   150.741
  764   5.975   5.906   34.907    1.163    757.513   150.881
  765   5.973   5.905   34.907    1.163    758.503   150.955
  766   5.973   5.904   34.907    1.164    759.492   151.056
  767   5.971   5.902   34.907    1.165    760.482   151.104
  768   5.966   5.897   34.907    1.165    761.472   151.159
  769   5.963   5.894   34.907    1.166    762.461   151.151
  770   5.963   5.894   34.907    1.167    763.451   151.252
  771   5.962   5.893   34.907    1.167    764.441   151.372
  772   5.960   5.891   34.907    1.168    765.430   151.459
  773   5.957   5.888   34.907    1.169    766.420   151.496
  774   5.956   5.887   34.907    1.170    767.410   151.489
  775   5.955   5.885   34.907    1.170    768.399   151.529
  776   5.954   5.884   34.907    1.171    769.389   151.625
  777   5.952   5.883   34.907    1.172    770.379   151.626
  778   5.949   5.879   34.907    1.172    771.368   151.658
  779   5.946   5.876   34.907    1.173    772.358   151.691
  780   5.942   5.872   34.907    1.174    773.348   151.774
  781   5.926   5.856   34.908    1.174    774.337   151.868
  782   5.920   5.850   34.908    1.175    775.327   151.891
  783   5.917   5.847   34.908    1.176    776.316   152.023
  784   5.914   5.844   34.908    1.176    777.306   152.220
  785   5.912   5.842   34.908    1.177    778.296   152.432
  786   5.910   5.840   34.908    1.178    779.285   152.643
  787   5.909   5.838   34.908    1.179    780.275   152.751
  788   5.908   5.837   34.908    1.179    781.264   152.826
  789   5.907   5.836   34.908    1.180    782.254   152.902
  790   5.905   5.834   34.908    1.181    783.244   152.934
  791   5.903   5.832   34.908    1.181    784.233   152.986
  792   5.901   5.830   34.908    1.182    785.223   153.009
  793   5.899   5.829   34.908    1.183    786.212   153.047
  794   5.898   5.827   34.908    1.183    787.202   153.026
  795   5.894   5.823   34.908    1.184    788.191   153.065
  796   5.893   5.822   34.908    1.185    789.181   153.153
  797   5.892   5.821   34.909    1.185    790.170   153.212
  798   5.892   5.821   34.909    1.186    791.160   153.278
  799   5.892   5.820   34.908    1.187    792.149   153.286
  800   5.891   5.820   34.909    1.187    793.139   153.292
  801   5.889   5.817   34.909    1.188    794.129   153.307
  802   5.886   5.815   34.909    1.189    795.118   153.352
  803   5.885   5.813   34.909    1.190    796.108   153.388
  804   5.885   5.813   34.909    1.190    797.097   153.426
  805   5.885   5.813   34.909    1.191    798.087   153.404
  806   5.881   5.809   34.909    1.192    799.076   153.469
  807   5.877   5.805   34.909    1.192    800.066   153.479
  808   5.877   5.805   34.909    1.193    801.055   153.505
  809   5.877   5.804   34.909    1.194    802.045   153.551
  810   5.876   5.804   34.909    1.194    803.034   153.649
  811   5.876   5.803   34.909    1.195    804.024   153.711
  812   5.874   5.802   34.909    1.196    805.013   153.747
  813   5.873   5.801   34.909    1.196    806.002   153.753
  814   5.872   5.799   34.909    1.197    806.992   153.792
  815   5.871   5.799   34.909    1.198    807.981   153.819
  816   5.871   5.798   34.909    1.198    808.971   153.864
  817   5.870   5.797   34.909    1.199    809.960   153.816
  818   5.869   5.796   34.909    1.200    810.950   153.789
  819   5.869   5.796   34.909    1.201    811.939   153.783
  820   5.866   5.793   34.909    1.201    812.929   153.870
  821   5.863   5.790   34.909    1.202    813.918   153.889
  822   5.860   5.787   34.909    1.203    814.907   153.963
  823   5.858   5.785   34.909    1.203    815.897   154.065
  824   5.854   5.780   34.909    1.204    816.886   154.222
  825   5.848   5.774   34.909    1.205    817.876   154.323
  826   5.841   5.767   34.910    1.205    818.865   154.386
  827   5.837   5.763   34.910    1.206    819.855   154.497
  828   5.834   5.760   34.910    1.207    820.844   154.586
  829   5.832   5.758   34.910    1.207    821.833   154.723
  830   5.831   5.757   34.910    1.208    822.823   154.795
  831   5.831   5.757   34.910    1.209    823.812   154.806
  832   5.831   5.757   34.910    1.209    824.801   154.840
  833   5.831   5.757   34.910    1.210    825.791   154.875
  834   5.831   5.757   34.910    1.211    826.780   154.921
  835   5.831   5.757   34.910    1.211    827.770   154.944
  836   5.831   5.757   34.910    1.212    828.759   154.968
  837   5.831   5.756   34.910    1.213    829.748   154.999
  838   5.831   5.756   34.910    1.213    830.738   154.946
  839   5.829   5.754   34.910    1.214    831.727   154.927
  840   5.825   5.750   34.910    1.215    832.716   154.881
  841   5.822   5.747   34.910    1.216    833.706   154.945
  842   5.820   5.745   34.910    1.216    834.695   155.050
  843   5.819   5.744   34.910    1.217    835.684   155.163
  844   5.818   5.743   34.910    1.218    836.674   155.266
  845   5.817   5.741   34.910    1.218    837.663   155.385
  846   5.812   5.737   34.910    1.219    838.652   155.417
  847   5.809   5.734   34.910    1.220    839.642   155.413
  848   5.807   5.731   34.910    1.220    840.631   155.416
  849   5.804   5.729   34.910    1.221    841.620   155.426
  850   5.802   5.726   34.911    1.222    842.609   155.462
  851   5.799   5.723   34.911    1.222    843.599   155.534
  852   5.794   5.719   34.911    1.223    844.588   155.602
  853   5.791   5.715   34.911    1.224    845.577   155.702
  854   5.792   5.716   34.911    1.224    846.567   155.846
  855   5.790   5.713   34.911    1.225    847.556   155.920
  856   5.786   5.710   34.911    1.226    848.545   155.971
  857   5.784   5.708   34.911    1.226    849.534   155.981
  858   5.784   5.707   34.911    1.227    850.524   156.058
  859   5.783   5.707   34.911    1.228    851.513   156.161
  860   5.777   5.701   34.911    1.228    852.502   156.180
  861   5.774   5.698   34.911    1.229    853.491   156.184
  862   5.773   5.697   34.911    1.230    854.481   156.208
  863   5.772   5.695   34.911    1.230    855.470   156.342
  864   5.771   5.695   34.911    1.231    856.459   156.420
  865   5.770   5.693   34.911    1.232    857.448   156.495
  866   5.765   5.688   34.912    1.233    858.437   156.501
  867   5.762   5.685   34.912    1.233    859.427   156.501
  868   5.760   5.683   34.912    1.234    860.416   156.518
  869   5.758   5.680   34.912    1.235    861.405   156.612
  870   5.756   5.679   34.912    1.235    862.394   156.680
  871   5.755   5.677   34.912    1.236    863.383   156.778
  872   5.755   5.677   34.912    1.237    864.373   156.862
  873   5.754   5.676   34.912    1.237    865.362   156.932
  874   5.747   5.670   34.912    1.238    866.351   156.979
  875   5.739   5.661   34.912    1.239    867.340   156.981
  876   5.737   5.660   34.912    1.239    868.329   157.023
  877   5.736   5.659   34.912    1.240    869.319   157.141
  878   5.734   5.657   34.913    1.241    870.308   157.246
  879   5.732   5.654   34.912    1.241    871.297   157.351
  880   5.721   5.643   34.913    1.242    872.286   157.397
  881   5.706   5.628   34.913    1.243    873.275   157.447
  882   5.693   5.615   34.914    1.243    874.264   157.622
  883   5.681   5.603   34.914    1.244    875.253   157.897
  884   5.676   5.598   34.914    1.245    876.243   158.256
  885   5.660   5.582   34.914    1.245    877.232   158.679
  886   5.643   5.565   34.915    1.246    878.221   159.330
  887   5.633   5.555   34.915    1.247    879.210   159.919
  888   5.622   5.544   34.916    1.247    880.199   160.149
  889   5.617   5.539   34.916    1.248    881.188   160.498
  890   5.615   5.537   34.916    1.249    882.177   160.615
  891   5.614   5.536   34.916    1.249    883.166   160.658
  892   5.614   5.535   34.916    1.250    884.155   160.713
  893   5.608   5.529   34.916    1.251    885.145   160.716
