 station cast   lat    long    jday   mo/da/yr   gmt
  86      1   20.020 -93.771   281    10/08/21  0653 
 
    File created by Jay Hooper - 13-Dec-2021   
            GOMECC4 Cruise Sep 2021 
             NOAA Ship Ronald H Brown
                  
 
     Primary (T,S,O) sensors - Calibrated CTD data   

   pr       te       th       sa       ht       ga       ox
dbars    deg c    deg c      psu  dyn. cm    gamma  umol/kg
    1   29.419   29.418   34.966    0.006    0.994   193.884
    2   29.419   29.418   34.965    0.012    1.988   193.910
    3   29.419   29.418   34.965    0.018    2.982   193.936
    4   29.419   29.418   34.965    0.024    3.976   193.963
    5   29.419   29.417   34.965    0.030    4.969   194.007
    6   29.427   29.425   34.986    0.035    5.963   193.941
    7   29.435   29.433   35.008    0.041    6.957   193.672
    8   29.443   29.441   35.030    0.047    7.951   193.968
    9   29.451   29.449   35.052    0.053    8.945   193.816
   10   29.459   29.457   35.074    0.059    9.939   193.617
   11   29.468   29.465   35.095    0.065    10.933   193.574
   12   29.477   29.474   35.106    0.071    11.926   193.450
   13   29.480   29.477   35.109    0.076    12.920   193.787
   14   29.496   29.492   35.134    0.082    13.914   193.917
   15   29.555   29.551   35.284    0.088    14.908   193.582
   16   29.641   29.637   35.468    0.094    15.902   193.697
   17   29.700   29.696   35.623    0.099    16.895   193.830
   18   29.683   29.679   35.678    0.105    17.889   193.666
   19   29.598   29.593   35.667    0.110    18.883   193.637
   20   29.411   29.406   35.672    0.116    19.877   193.867
   21   29.089   29.084   35.754    0.121    20.871   195.344
   22   28.626   28.620   35.880    0.126    21.864   197.062
   23   28.155   28.150   35.946    0.131    22.858   197.141
   24   27.636   27.630   36.060    0.135    23.852   197.791
   25   26.937   26.932   36.215    0.139    24.846   197.758
   26   26.770   26.764   36.245    0.144    25.840   200.003
   27   26.461   26.455   36.276    0.148    26.833   199.469
   28   26.400   26.393   36.280    0.152    27.827   197.709
   29   26.215   26.209   36.276    0.156    28.821   197.100
   30   26.018   26.011   36.276    0.160    29.815   194.757
   31   25.494   25.487   36.275    0.163    30.808   195.171
   32   25.168   25.161   36.278    0.167    31.802   193.624
   33   24.747   24.740   36.280    0.171    32.796   192.440
   34   24.206   24.199   36.276    0.174    33.790   192.781
   35   23.497   23.490   36.286    0.177    34.783   191.692
   36   23.281   23.274   36.295    0.180    35.777   191.259
   37   23.237   23.229   36.301    0.183    36.771   190.688
   38   23.084   23.077   36.302    0.186    37.764   189.077
   39   22.777   22.769   36.296    0.189    38.758   188.888
   40   22.504   22.496   36.296    0.192    39.752   187.362
   41   22.302   22.294   36.285    0.195    40.745   185.818
   42   22.203   22.195   36.299    0.198    41.739   188.291
   43   22.103   22.094   36.299    0.201    42.733   183.939
   44   21.981   21.972   36.319    0.204    43.727   179.806
   45   21.900   21.891   36.336    0.206    44.720   173.674
   46   21.840   21.831   36.348    0.209    45.714   166.226
   47   21.812   21.803   36.359    0.212    46.708   162.258
   48   21.749   21.740   36.367    0.214    47.701   159.449
   49   21.720   21.710   36.371    0.217    48.695   156.625
   50   21.577   21.567   36.388    0.219    49.689   154.280
   51   21.477   21.467   36.397    0.222    50.682   149.339
   52   21.404   21.394   36.399    0.225    51.676   146.640
   53   21.385   21.375   36.398    0.227    52.669   146.919
   54   21.381   21.371   36.398    0.230    53.663   147.757
   55   21.339   21.328   36.394    0.232    54.657   148.395
   56   21.238   21.227   36.397    0.235    55.650   148.286
   57   21.179   21.168   36.404    0.237    56.644   146.750
   58   21.144   21.132   36.424    0.240    57.638   142.544
   59   21.071   21.060   36.450    0.242    58.631   133.023
   60   20.969   20.958   36.454    0.244    59.625   128.504
   61   20.798   20.786   36.453    0.247    60.618   126.968
   62   20.727   20.715   36.458    0.249    61.612   128.366
   63   20.589   20.577   36.458    0.251    62.606   127.924
   64   20.492   20.479   36.472    0.254    63.599   125.045
   65   20.344   20.331   36.485    0.256    64.593   121.628
   66   20.241   20.229   36.493    0.258    65.586   118.397
   67   20.198   20.185   36.494    0.260    66.580   115.860
   68   20.171   20.159   36.495    0.262    67.573   116.407
   69   20.072   20.059   36.497    0.264    68.567   116.558
   70   20.025   20.012   36.498    0.267    69.561   115.259
   71   20.015   20.002   36.498    0.269    70.554   114.868
   72   19.966   19.953   36.498    0.271    71.548   114.911
   73   19.833   19.820   36.498    0.273    72.541   114.193
   74   19.748   19.735   36.498    0.275    73.535   113.116
   75   19.691   19.677   36.498    0.277    74.528   112.411
   76   19.686   19.672   36.499    0.279    75.522   112.155
   77   19.668   19.654   36.499    0.281    76.515   112.200
   78   19.639   19.625   36.498    0.283    77.509   112.053
   79   19.586   19.571   36.497    0.285    78.502   111.832
   80   19.488   19.473   36.495    0.287    79.496   111.460
   81   19.429   19.415   36.494    0.289    80.489   111.026
   82   19.408   19.393   36.493    0.291    81.483   110.673
   83   19.402   19.386   36.493    0.293    82.476   110.471
   84   19.379   19.364   36.492    0.295    83.470   110.558
   85   19.314   19.299   36.489    0.297    84.463   110.471
   86   19.280   19.264   36.488    0.299    85.457   110.120
   87   19.265   19.249   36.487    0.301    86.450   109.885
   88   19.227   19.211   36.484    0.303    87.444   109.808
   89   19.182   19.166   36.482    0.305    88.437   109.849
   90   19.078   19.062   36.474    0.307    89.431   109.791
   91   18.942   18.926   36.464    0.308    90.424   109.408
   92   18.882   18.865   36.461    0.310    91.418   108.645
   93   18.875   18.859   36.461    0.312    92.411   108.582
   94   18.866   18.849   36.460    0.314    93.404   108.876
   95   18.838   18.821   36.458    0.316    94.398   108.998
   96   18.797   18.780   36.455    0.318    95.391   108.977
   97   18.761   18.744   36.453    0.320    96.385   108.735
   98   18.717   18.700   36.447    0.321    97.378   108.650
   99   18.602   18.585   36.436    0.323    98.372   108.767
  100   18.552   18.535   36.432    0.325    99.365   108.698
  101   18.533   18.515   36.430    0.327    100.358   108.656
  102   18.479   18.461   36.424    0.329    101.352   108.685
  103   18.429   18.411   36.421    0.330    102.345   108.579
  104   18.402   18.383   36.418    0.332    103.339   108.624
  105   18.374   18.356   36.417    0.334    104.332   108.921
  106   18.346   18.328   36.415    0.336    105.325   109.171
  107   18.336   18.317   36.414    0.338    106.319   109.684
  108   18.327   18.308   36.414    0.339    107.312   110.085
  109   18.283   18.264   36.409    0.341    108.306   110.281
  110   18.225   18.205   36.405    0.343    109.299   110.741
  111   18.134   18.115   36.396    0.345    110.292   112.113
  112   18.043   18.023   36.387    0.346    111.286   112.824
  113   18.009   17.989   36.384    0.348    112.279   113.099
  114   17.998   17.978   36.383    0.350    113.272   113.296
  115   17.986   17.966   36.382    0.352    114.266   113.325
  116   17.898   17.878   36.367    0.353    115.259   113.420
  117   17.714   17.694   36.345    0.355    116.252   113.587
  118   17.571   17.550   36.332    0.357    117.246   113.960
  119   17.522   17.502   36.327    0.358    118.239   115.221
  120   17.506   17.486   36.325    0.360    119.232   116.034
  121   17.440   17.420   36.315    0.362    120.226   116.207
  122   17.356   17.335   36.304    0.363    121.219   115.918
  123   17.267   17.246   36.295    0.365    122.212   115.613
  124   17.191   17.170   36.285    0.366    123.205   115.654
  125   17.122   17.101   36.277    0.368    124.199   115.631
  126   17.067   17.046   36.269    0.370    125.192   115.639
  127   16.993   16.972   36.260    0.371    126.185   115.853
  128   16.921   16.899   36.251    0.373    127.179   116.377
  129   16.862   16.841   36.243    0.374    128.172   116.955
  130   16.817   16.796   36.237    0.376    129.165   117.407
  131   16.788   16.767   36.233    0.377    130.158   117.695
  132   16.751   16.730   36.227    0.379    131.152   117.946
  133   16.688   16.666   36.219    0.380    132.145   118.106
  134   16.651   16.629   36.214    0.382    133.138   118.108
  135   16.584   16.562   36.204    0.384    134.131   118.209
  136   16.534   16.512   36.197    0.385    135.125   118.040
  137   16.463   16.441   36.185    0.387    136.118   117.809
  138   16.433   16.411   36.181    0.388    137.111   117.085
  139   16.429   16.407   36.181    0.390    138.104   116.048
  140   16.423   16.400   36.180    0.391    139.098   115.599
  141   16.412   16.389   36.179    0.393    140.091   115.572
  142   16.395   16.372   36.176    0.394    141.084   115.470
  143   16.352   16.329   36.168    0.396    142.077   115.188
  144   16.263   16.240   36.154    0.397    143.070   114.565
  145   16.198   16.175   36.146    0.399    144.064   113.574
  146   16.183   16.159   36.144    0.400    145.057   112.652
  147   16.162   16.138   36.140    0.402    146.050   112.476
  148   16.120   16.096   36.134    0.403    147.043   112.584
  149   16.083   16.059   36.128    0.405    148.036   112.553
  150   16.052   16.028   36.124    0.406    149.030   112.446
  151   16.037   16.013   36.121    0.408    150.023   112.404
  152   15.983   15.958   36.112    0.409    151.016   112.463
  153   15.902   15.877   36.102    0.410    152.009   112.404
  154   15.872   15.848   36.097    0.412    153.002   112.149
  155   15.858   15.833   36.095    0.413    153.995   111.985
  156   15.817   15.792   36.089    0.415    154.988   111.861
  157   15.772   15.747   36.083    0.416    155.982   111.734
  158   15.748   15.723   36.079    0.418    156.975   111.538
  159   15.736   15.711   36.078    0.419    157.968   111.309
  160   15.731   15.706   36.077    0.421    158.961   111.113
  161   15.708   15.682   36.072    0.422    159.954   110.981
  162   15.658   15.632   36.063    0.423    160.947   110.847
  163   15.585   15.559   36.052    0.425    161.940   110.652
  164   15.560   15.534   36.049    0.426    162.933   110.367
  165   15.527   15.502   36.043    0.428    163.927   110.497
  166   15.475   15.449   36.035    0.429    164.920   110.770
  167   15.437   15.411   36.029    0.431    165.913   110.771
  168   15.396   15.370   36.023    0.432    166.906   110.649
  169   15.355   15.328   36.017    0.433    167.899   110.677
  170   15.287   15.261   36.008    0.435    168.892   110.685
  171   15.266   15.239   36.004    0.436    169.885   110.572
  172   15.155   15.128   35.986    0.438    170.878   110.614
  173   15.092   15.065   35.978    0.439    171.871   110.422
  174   15.075   15.049   35.975    0.440    172.864   110.225
  175   15.040   15.013   35.969    0.442    173.857   110.214
  176   14.994   14.967   35.963    0.443    174.850   110.179
  177   14.947   14.920   35.956    0.444    175.843   110.143
  178   14.894   14.867   35.948    0.446    176.836   110.148
  179   14.859   14.832   35.942    0.447    177.829   110.112
  180   14.824   14.797   35.937    0.448    178.822   109.902
  181   14.782   14.755   35.930    0.450    179.815   109.741
  182   14.742   14.715   35.924    0.451    180.808   109.735
  183   14.709   14.681   35.919    0.453    181.801   109.773
  184   14.672   14.645   35.914    0.454    182.795   109.769
  185   14.649   14.621   35.911    0.455    183.788   109.755
  186   14.632   14.604   35.908    0.457    184.781   109.804
  187   14.618   14.590   35.906    0.458    185.774   109.841
  188   14.611   14.583   35.905    0.459    186.766   109.965
  189   14.602   14.573   35.904    0.461    187.759   109.961
  190   14.590   14.562   35.902    0.462    188.752   110.056
  191   14.582   14.554   35.901    0.463    189.745   110.290
  192   14.569   14.540   35.898    0.465    190.738   110.454
  193   14.545   14.516   35.894    0.466    191.731   110.482
  194   14.527   14.498   35.891    0.467    192.724   110.561
  195   14.492   14.463   35.885    0.469    193.717   110.783
  196   14.442   14.413   35.877    0.470    194.710   110.900
  197   14.350   14.321   35.864    0.471    195.703   110.964
  198   14.312   14.283   35.858    0.472    196.696   110.825
  199   14.281   14.251   35.852    0.474    197.689   110.700
  200   14.225   14.195   35.842    0.475    198.682   110.661
  201   14.149   14.120   35.832    0.476    199.675   110.625
  202   14.095   14.065   35.824    0.478    200.668   110.506
  203   14.062   14.032   35.818    0.479    201.661   110.355
  204   14.014   13.984   35.810    0.480    202.654   110.398
  205   13.954   13.925   35.801    0.482    203.647   110.403
  206   13.915   13.885   35.796    0.483    204.639   110.296
  207   13.873   13.843   35.788    0.484    205.632   110.081
  208   13.807   13.777   35.778    0.485    206.625   110.062
  209   13.762   13.732   35.771    0.487    207.618   110.013
  210   13.689   13.658   35.760    0.488    208.611   109.867
  211   13.611   13.581   35.748    0.489    209.604   109.608
  212   13.500   13.470   35.730    0.490    210.597   109.595
  213   13.377   13.347   35.711    0.492    211.590   109.575
  214   13.356   13.326   35.710    0.493    212.583   109.290
  215   13.355   13.324   35.710    0.494    213.575   109.258
  216   13.350   13.319   35.710    0.495    214.568   109.364
  217   13.348   13.317   35.710    0.497    215.561   109.384
  218   13.342   13.311   35.709    0.498    216.554   109.366
  219   13.329   13.298   35.707    0.499    217.547   109.311
  220   13.320   13.289   35.706    0.500    218.540   109.216
  221   13.304   13.273   35.704    0.501    219.532   109.170
  222   13.298   13.267   35.703    0.503    220.525   109.118
  223   13.293   13.262   35.702    0.504    221.518   109.181
  224   13.293   13.262   35.702    0.505    222.511   109.198
  225   13.285   13.253   35.700    0.506    223.504   109.229
  226   13.277   13.245   35.699    0.508    224.497   109.170
  227   13.268   13.236   35.698    0.509    225.489   109.191
  228   13.265   13.233   35.697    0.510    226.482   109.152
  229   13.262   13.230   35.697    0.511    227.475   109.133
  230   13.251   13.219   35.695    0.512    228.468   109.135
  231   13.246   13.213   35.694    0.514    229.461   109.125
  232   13.229   13.196   35.691    0.515    230.453   109.086
  233   13.184   13.151   35.684    0.516    231.446   109.038
  234   13.144   13.111   35.676    0.517    232.439   109.040
  235   13.036   13.004   35.659    0.519    233.432   109.228
  236   12.943   12.911   35.647    0.520    234.424   109.224
  237   12.902   12.870   35.640    0.521    235.417   109.151
  238   12.863   12.831   35.634    0.522    236.410   109.151
  239   12.812   12.779   35.625    0.523    237.403   109.206
  240   12.785   12.752   35.622    0.525    238.395   109.125
  241   12.765   12.732   35.619    0.526    239.388   109.049
  242   12.744   12.710   35.616    0.527    240.381   108.871
  243   12.728   12.694   35.614    0.528    241.374   108.677
  244   12.701   12.668   35.609    0.529    242.366   108.602
  245   12.674   12.640   35.606    0.530    243.359   108.590
  246   12.661   12.627   35.605    0.532    244.352   108.560
  247   12.645   12.611   35.603    0.533    245.344   108.522
  248   12.610   12.577   35.596    0.534    246.337   108.471
  249   12.569   12.536   35.590    0.535    247.330   108.395
  250   12.552   12.518   35.587    0.536    248.322   108.352
  251   12.531   12.497   35.583    0.538    249.315   108.312
  252   12.472   12.438   35.575    0.539    250.308   108.296
  253   12.424   12.390   35.569    0.540    251.301   108.231
  254   12.392   12.358   35.564    0.541    252.293   108.192
  255   12.354   12.320   35.557    0.542    253.286   108.166
  256   12.295   12.261   35.548    0.543    254.279   108.201
  257   12.276   12.241   35.545    0.544    255.271   108.143
  258   12.251   12.217   35.541    0.546    256.264   108.175
  259   12.223   12.189   35.536    0.547    257.257   108.199
  260   12.146   12.111   35.524    0.548    258.249   108.220
  261   12.104   12.070   35.520    0.549    259.242   108.069
  262   12.069   12.034   35.513    0.550    260.234   107.997
  263   12.044   12.009   35.511    0.551    261.227   108.028
  264   12.042   12.007   35.511    0.552    262.220   108.076
  265   12.033   11.998   35.509    0.554    263.212   108.151
  266   12.024   11.989   35.509    0.555    264.205   108.121
  267   12.018   11.983   35.507    0.556    265.198   108.083
  268   11.961   11.926   35.498    0.557    266.190   108.159
  269   11.910   11.875   35.492    0.558    267.183   108.193
  270   11.906   11.870   35.491    0.559    268.175   108.116
  271   11.905   11.869   35.491    0.560    269.168   108.135
  272   11.901   11.865   35.490    0.561    270.161   108.207
  273   11.886   11.850   35.488    0.563    271.153   108.317
  274   11.862   11.826   35.484    0.564    272.146   108.345
  275   11.812   11.776   35.476    0.565    273.138   108.390
  276   11.779   11.743   35.471    0.566    274.131   108.417
  277   11.707   11.671   35.459    0.567    275.123   108.550
  278   11.643   11.608   35.451    0.568    276.116   108.630
  279   11.622   11.586   35.448    0.569    277.108   108.603
  280   11.597   11.561   35.443    0.570    278.101   108.670
  281   11.572   11.535   35.440    0.572    279.094   108.762
  282   11.563   11.527   35.439    0.573    280.086   108.709
  283   11.550   11.514   35.437    0.574    281.079   108.695
  284   11.525   11.489   35.433    0.575    282.071   108.644
  285   11.510   11.474   35.431    0.576    283.064   108.545
  286   11.498   11.462   35.429    0.577    284.056   108.568
  287   11.472   11.435   35.424    0.578    285.049   108.588
  288   11.417   11.381   35.418    0.579    286.041   108.682
  289   11.397   11.360   35.415    0.580    287.034   108.711
  290   11.388   11.351   35.414    0.581    288.026   108.657
  291   11.377   11.340   35.412    0.583    289.019   108.618
  292   11.363   11.326   35.410    0.584    290.011   108.621
  293   11.342   11.305   35.406    0.585    291.004   108.696
  294   11.317   11.280   35.403    0.586    291.996   108.733
  295   11.315   11.277   35.403    0.587    292.989   108.661
  296   11.309   11.271   35.402    0.588    293.981   108.662
  297   11.274   11.236   35.397    0.589    294.974   108.732
  298   11.242   11.204   35.394    0.590    295.966   108.723
  299   11.234   11.196   35.392    0.591    296.959   108.694
  300   11.230   11.192   35.391    0.592    297.951   108.613
  301   11.227   11.190   35.391    0.593    298.943   108.603
  302   11.225   11.187   35.391    0.594    299.936   108.564
  303   11.219   11.181   35.390    0.596    300.928   108.583
  304   11.215   11.177   35.389    0.597    301.921   108.634
  305   11.214   11.176   35.389    0.598    302.913   108.656
  306   11.211   11.173   35.389    0.599    303.906   108.698
  307   11.200   11.162   35.387    0.600    304.898   108.602
  308   11.190   11.151   35.385    0.601    305.890   108.534
  309   11.180   11.141   35.384    0.602    306.883   108.541
  310   11.172   11.133   35.383    0.603    307.875   108.586
  311   11.158   11.119   35.381    0.604    308.868   108.604
  312   11.137   11.098   35.378    0.605    309.860   108.633
  313   11.126   11.087   35.376    0.606    310.852   108.594
  314   11.093   11.053   35.371    0.607    311.845   108.598
  315   11.066   11.026   35.368    0.609    312.837   108.562
  316   11.050   11.010   35.365    0.610    313.830   108.577
  317   11.036   10.997   35.363    0.611    314.822   108.560
  318   11.026   10.986   35.362    0.612    315.814   108.583
  319   11.024   10.984   35.361    0.613    316.807   108.625
  320   11.004   10.965   35.358    0.614    317.799   108.615
  321   10.968   10.928   35.353    0.615    318.791   108.660
  322   10.935   10.895   35.348    0.616    319.784   108.608
  323   10.909   10.869   35.344    0.617    320.776   108.615
  324   10.896   10.856   35.342    0.618    321.768   108.556
  325   10.889   10.848   35.341    0.619    322.761   108.568
  326   10.877   10.837   35.340    0.620    323.753   108.639
  327   10.869   10.829   35.338    0.621    324.745   108.607
  328   10.858   10.818   35.337    0.622    325.738   108.584
  329   10.853   10.813   35.336    0.623    326.730   108.588
  330   10.853   10.812   35.336    0.625    327.722   108.573
  331   10.851   10.810   35.336    0.626    328.715   108.571
  332   10.846   10.805   35.335    0.627    329.707   108.561
  333   10.790   10.749   35.326    0.628    330.699   108.567
  334   10.767   10.726   35.324    0.629    331.692   108.464
  335   10.756   10.715   35.322    0.630    332.684   108.476
  336   10.750   10.709   35.322    0.631    333.676   108.564
  337   10.747   10.706   35.321    0.632    334.668   108.652
  338   10.742   10.700   35.320    0.633    335.661   108.645
  339   10.715   10.673   35.316    0.634    336.653   108.614
  340   10.693   10.652   35.314    0.635    337.645   108.554
  341   10.685   10.643   35.313    0.636    338.637   108.492
  342   10.676   10.634   35.311    0.637    339.630   108.545
  343   10.655   10.613   35.308    0.638    340.622   108.519
  344   10.629   10.587   35.305    0.639    341.614   108.562
  345   10.609   10.567   35.302    0.640    342.606   108.487
  346   10.600   10.557   35.300    0.641    343.599   108.511
  347   10.561   10.518   35.294    0.642    344.591   108.639
  348   10.532   10.490   35.290    0.644    345.583   108.653
  349   10.483   10.441   35.284    0.645    346.575   108.653
  350   10.456   10.414   35.281    0.646    347.568   108.528
  351   10.434   10.392   35.277    0.647    348.560   108.566
  352   10.408   10.365   35.274    0.648    349.552   108.646
  353   10.380   10.338   35.270    0.649    350.544   108.607
  354   10.348   10.305   35.266    0.650    351.536   108.601
  355   10.342   10.299   35.266    0.651    352.529   108.588
  356   10.333   10.290   35.264    0.652    353.521   108.652
  357   10.321   10.279   35.263    0.653    354.513   108.659
  358   10.313   10.270   35.261    0.654    355.505   108.645
  359   10.304   10.261   35.260    0.655    356.497   108.631
  360   10.289   10.246   35.257    0.656    357.489   108.621
  361   10.268   10.225   35.255    0.657    358.482   108.602
  362   10.261   10.218   35.254    0.658    359.474   108.607
  363   10.251   10.208   35.253    0.659    360.466   108.591
  364   10.237   10.194   35.251    0.660    361.458   108.621
  365   10.205   10.162   35.246    0.661    362.450   108.681
  366   10.168   10.125   35.243    0.662    363.442   108.683
  367   10.164   10.121   35.242    0.663    364.434   108.685
  368   10.163   10.119   35.242    0.664    365.427   108.674
  369   10.160   10.116   35.241    0.665    366.419   108.689
  370   10.156   10.112   35.241    0.666    367.411   108.709
  371   10.149   10.105   35.239    0.667    368.403   108.703
  372   10.143   10.099   35.238    0.668    369.395   108.720
  373   10.133   10.089   35.237    0.669    370.387   108.761
  374   10.115   10.071   35.235    0.670    371.379   108.754
  375   10.094   10.050   35.232    0.671    372.371   108.723
  376   10.080   10.035   35.231    0.672    373.363   108.650
  377   10.078   10.033   35.230    0.673    374.356   108.613
  378   10.067   10.022   35.229    0.674    375.348   108.661
  379   10.064   10.019   35.229    0.675    376.340   108.713
  380   10.062   10.017   35.229    0.676    377.332   108.720
  381   10.062   10.017   35.228    0.677    378.324   108.632
  382   10.054   10.009   35.227    0.678    379.316   108.631
  383   10.042   9.997   35.226    0.679    380.308   108.648
  384   10.015   9.970   35.222    0.680    381.300   108.705
  385   9.986   9.941   35.218    0.681    382.292   108.722
  386   9.978   9.933   35.217    0.682    383.284   108.747
  387   9.967   9.922   35.215    0.683    384.276   108.827
  388   9.956   9.911   35.214    0.684    385.268   108.910
  389   9.950   9.905   35.213    0.686    386.260   108.956
  390   9.941   9.895   35.212    0.687    387.252   108.930
  391   9.927   9.881   35.210    0.688    388.244   108.866
  392   9.916   9.870   35.209    0.689    389.236   108.862
  393   9.903   9.857   35.207    0.690    390.228   108.925
  394   9.886   9.840   35.205    0.691    391.220   109.018
  395   9.870   9.824   35.202    0.692    392.212   109.045
  396   9.850   9.804   35.200    0.693    393.204   109.042
  397   9.839   9.793   35.198    0.694    394.196   108.990
  398   9.822   9.776   35.196    0.695    395.188   109.012
  399   9.803   9.757   35.193    0.696    396.180   108.969
  400   9.767   9.721   35.189    0.697    397.172   109.071
  401   9.753   9.707   35.187    0.698    398.164   109.137
  402   9.740   9.693   35.186    0.699    399.156   109.199
  403   9.730   9.683   35.185    0.700    400.148   109.215
  404   9.716   9.670   35.183    0.701    401.140   109.163
  405   9.692   9.645   35.180    0.702    402.132   109.214
  406   9.670   9.623   35.177    0.703    403.124   109.264
  407   9.658   9.611   35.175    0.704    404.116   109.292
  408   9.625   9.578   35.171    0.705    405.108   109.350
  409   9.591   9.544   35.167    0.706    406.100   109.388
  410   9.573   9.526   35.165    0.707    407.092   109.366
  411   9.558   9.511   35.163    0.708    408.084   109.376
  412   9.548   9.501   35.162    0.708    409.076   109.416
  413   9.547   9.499   35.162    0.709    410.067   109.446
  414   9.544   9.496   35.161    0.710    411.059   109.508
  415   9.540   9.493   35.161    0.711    412.051   109.520
  416   9.534   9.486   35.160    0.712    413.043   109.488
  417   9.528   9.480   35.160    0.713    414.035   109.413
  418   9.525   9.477   35.159    0.714    415.027   109.435
  419   9.524   9.476   35.159    0.715    416.019   109.452
  420   9.523   9.475   35.159    0.716    417.011   109.456
  421   9.521   9.473   35.159    0.717    418.003   109.482
  422   9.501   9.453   35.155    0.718    418.994   109.528
  423   9.446   9.398   35.149    0.719    419.986   109.617
  424   9.405   9.357   35.145    0.720    420.978   109.568
  425   9.391   9.343   35.143    0.721    421.970   109.528
  426   9.382   9.333   35.141    0.722    422.962   109.657
  427   9.365   9.317   35.139    0.723    423.954   109.779
  428   9.355   9.307   35.138    0.724    424.946   109.822
  429   9.351   9.303   35.138    0.725    425.937   109.800
  430   9.346   9.298   35.137    0.726    426.929   109.821
  431   9.334   9.286   35.136    0.727    427.921   109.900
  432   9.324   9.275   35.135    0.728    428.913   109.960
  433   9.314   9.265   35.134    0.729    429.905   109.979
  434   9.306   9.257   35.133    0.730    430.897   109.958
  435   9.295   9.246   35.131    0.731    431.888   109.983
  436   9.280   9.231   35.129    0.732    432.880   110.035
  437   9.262   9.213   35.126    0.733    433.872   110.012
  438   9.227   9.178   35.122    0.734    434.864   110.044
  439   9.192   9.143   35.118    0.735    435.856   110.033
  440   9.172   9.123   35.116    0.736    436.847   110.110
  441   9.157   9.108   35.114    0.737    437.839   110.123
  442   9.147   9.097   35.112    0.738    438.831   110.273
  443   9.083   9.034   35.105    0.739    439.823   110.530
  444   9.047   8.998   35.101    0.740    440.814   110.634
  445   9.018   8.969   35.098    0.741    441.806   110.659
  446   9.004   8.955   35.096    0.742    442.798   110.719
  447   8.994   8.944   35.095    0.743    443.790   110.881
  448   8.978   8.928   35.094    0.744    444.781   111.050
  449   8.971   8.921   35.093    0.744    445.773   111.134
  450   8.954   8.904   35.091    0.745    446.765   111.137
  451   8.916   8.866   35.087    0.746    447.757   111.130
  452   8.903   8.854   35.086    0.747    448.748   111.129
  453   8.902   8.852   35.086    0.748    449.740   111.276
  454   8.902   8.852   35.086    0.749    450.732   111.412
  455   8.902   8.852   35.086    0.750    451.724   111.420
  456   8.902   8.852   35.086    0.751    452.715   111.377
  457   8.901   8.850   35.086    0.752    453.707   111.368
  458   8.892   8.842   35.085    0.753    454.699   111.328
  459   8.878   8.828   35.083    0.754    455.690   111.304
  460   8.872   8.822   35.083    0.755    456.682   111.305
  461   8.869   8.818   35.082    0.756    457.674   111.328
  462   8.864   8.813   35.082    0.757    458.665   111.376
  463   8.853   8.803   35.080    0.758    459.657   111.479
  464   8.832   8.781   35.078    0.759    460.649   111.562
  465   8.814   8.763   35.076    0.760    461.640   111.576
  466   8.807   8.757   35.075    0.761    462.632   111.612
  467   8.800   8.749   35.074    0.761    463.624   111.679
  468   8.789   8.738   35.073    0.762    464.615   111.747
  469   8.780   8.729   35.072    0.763    465.607   111.817
  470   8.775   8.724   35.072    0.764    466.599   111.838
  471   8.766   8.714   35.071    0.765    467.590   111.948
  472   8.759   8.708   35.070    0.766    468.582   111.983
  473   8.693   8.642   35.062    0.767    469.574   112.093
  474   8.620   8.569   35.055    0.768    470.565   112.093
  475   8.604   8.553   35.053    0.769    471.557   112.126
  476   8.602   8.551   35.053    0.770    472.548   112.373
  477   8.598   8.547   35.052    0.771    473.540   112.763
  478   8.596   8.544   35.052    0.772    474.532   112.938
  479   8.591   8.539   35.052    0.773    475.523   112.941
  480   8.589   8.538   35.051    0.774    476.515   112.973
  481   8.587   8.535   35.051    0.775    477.506   112.928
  482   8.587   8.535   35.051    0.775    478.498   112.876
  483   8.587   8.535   35.052    0.776    479.490   112.808
  484   8.587   8.535   35.052    0.777    480.481   112.848
  485   8.584   8.532   35.051    0.778    481.473   112.876
  486   8.569   8.517   35.050    0.779    482.464   112.915
  487   8.557   8.505   35.049    0.780    483.456   112.928
  488   8.552   8.499   35.048    0.781    484.447   112.978
  489   8.542   8.490   35.047    0.782    485.439   113.042
  490   8.541   8.489   35.047    0.783    486.431   113.066
  491   8.525   8.473   35.045    0.784    487.422   113.108
  492   8.489   8.436   35.042    0.785    488.414   113.189
  493   8.486   8.433   35.041    0.786    489.405   113.242
  494   8.481   8.428   35.041    0.787    490.397   113.396
  495   8.476   8.423   35.040    0.787    491.388   113.577
  496   8.462   8.409   35.038    0.788    492.380   113.656
  497   8.449   8.396   35.037    0.789    493.371   113.655
  498   8.436   8.383   35.036    0.790    494.363   113.669
  499   8.420   8.367   35.034    0.791    495.354   113.703
  500   8.417   8.364   35.034    0.792    496.346   113.725
  501   8.416   8.363   35.034    0.793    497.337   113.809
  502   8.415   8.362   35.034    0.794    498.329   113.883
  503   8.414   8.360   35.034    0.795    499.320   113.926
  504   8.412   8.358   35.034    0.796    500.312   113.919
  505   8.410   8.356   35.034    0.797    501.303   113.893
  506   8.409   8.355   35.033    0.798    502.295   113.868
  507   8.408   8.354   35.033    0.798    503.286   113.916
  508   8.405   8.351   35.033    0.799    504.278   113.962
  509   8.402   8.348   35.033    0.800    505.269   113.944
  510   8.397   8.343   35.032    0.801    506.261   113.969
  511   8.387   8.332   35.031    0.802    507.252   114.002
  512   8.377   8.322   35.030    0.803    508.243   114.060
  513   8.321   8.267   35.024    0.804    509.235   114.211
  514   8.259   8.205   35.018    0.805    510.226   114.201
  515   8.250   8.196   35.017    0.806    511.218   114.353
  516   8.250   8.195   35.017    0.807    512.209   114.533
  517   8.245   8.191   35.017    0.808    513.201   114.848
  518   8.214   8.160   35.014    0.808    514.192   115.135
  519   8.186   8.131   35.011    0.809    515.183   115.239
  520   8.171   8.117   35.010    0.810    516.175   115.331
  521   8.138   8.084   35.007    0.811    517.166   115.485
  522   8.118   8.063   35.005    0.812    518.158   115.551
  523   8.098   8.044   35.004    0.813    519.149   115.700
  524   8.091   8.037   35.003    0.814    520.140   115.796
  525   8.090   8.035   35.003    0.815    521.132   115.922
  526   8.087   8.032   35.003    0.816    522.123   115.960
  527   8.083   8.029   35.003    0.817    523.114   115.979
  528   8.082   8.027   35.003    0.817    524.106   115.969
  529   8.082   8.027   35.003    0.818    525.097   115.952
  530   8.079   8.024   35.003    0.819    526.089   115.833
  531   8.075   8.020   35.003    0.820    527.080   115.838
  532   8.071   8.015   35.002    0.821    528.071   115.786
  533   8.048   7.993   35.000    0.822    529.063   115.852
  534   8.018   7.963   34.997    0.823    530.054   115.940
  535   8.003   7.947   34.996    0.824    531.045   116.050
  536   7.998   7.943   34.996    0.825    532.037   116.197
  537   7.991   7.936   34.995    0.825    533.028   116.344
  538   7.974   7.918   34.994    0.826    534.019   116.587
  539   7.954   7.898   34.992    0.827    535.011   116.674
  540   7.932   7.877   34.990    0.828    536.002   116.801
  541   7.916   7.860   34.989    0.829    536.993   116.898
  542   7.912   7.857   34.989    0.830    537.984   117.065
  543   7.904   7.848   34.988    0.831    538.976   117.255
  544   7.891   7.836   34.987    0.832    539.967   117.419
  545   7.883   7.827   34.986    0.832    540.958   117.502
  546   7.858   7.802   34.984    0.833    541.950   117.575
  547   7.828   7.772   34.982    0.834    542.941   117.660
  548   7.823   7.767   34.981    0.835    543.932   117.785
  549   7.817   7.761   34.981    0.836    544.923   117.973
  550   7.813   7.757   34.981    0.837    545.915   118.148
  551   7.808   7.751   34.980    0.838    546.906   118.272
  552   7.802   7.746   34.980    0.839    547.897   118.308
  553   7.789   7.733   34.979    0.839    548.888   118.360
  554   7.776   7.719   34.978    0.840    549.880   118.501
  555   7.765   7.709   34.977    0.841    550.871   118.590
  556   7.763   7.707   34.977    0.842    551.862   118.632
  557   7.758   7.702   34.977    0.843    552.853   118.660
  558   7.751   7.694   34.976    0.844    553.845   118.687
  559   7.746   7.689   34.976    0.845    554.836   118.748
  560   7.742   7.685   34.976    0.846    555.827   118.858
  561   7.738   7.681   34.975    0.846    556.818   118.880
  562   7.735   7.677   34.975    0.847    557.809   118.953
  563   7.732   7.675   34.975    0.848    558.801   119.037
  564   7.727   7.669   34.975    0.849    559.792   119.129
  565   7.719   7.662   34.974    0.850    560.783   119.191
  566   7.712   7.655   34.973    0.851    561.774   119.192
  567   7.705   7.647   34.973    0.852    562.765   119.225
  568   7.701   7.643   34.973    0.852    563.757   119.278
  569   7.696   7.639   34.972    0.853    564.748   119.363
  570   7.693   7.635   34.972    0.854    565.739   119.429
  571   7.689   7.631   34.972    0.855    566.730   119.556
  572   7.687   7.629   34.971    0.856    567.721   119.590
  573   7.680   7.622   34.971    0.857    568.712   119.643
  574   7.671   7.613   34.970    0.858    569.704   119.637
  575   7.665   7.607   34.969    0.859    570.695   119.680
  576   7.656   7.598   34.969    0.859    571.686   119.743
  577   7.648   7.589   34.968    0.860    572.677   119.880
  578   7.643   7.585   34.968    0.861    573.668   119.906
  579   7.641   7.583   34.968    0.862    574.659   119.984
  580   7.637   7.578   34.967    0.863    575.650   120.057
  581   7.627   7.569   34.967    0.864    576.641   120.154
  582   7.616   7.557   34.966    0.865    577.633   120.175
  583   7.603   7.545   34.965    0.865    578.624   120.248
  584   7.591   7.532   34.964    0.866    579.615   120.322
  585   7.581   7.523   34.963    0.867    580.606   120.464
  586   7.579   7.521   34.964    0.868    581.597   120.547
  587   7.577   7.518   34.963    0.869    582.588   120.673
  588   7.573   7.514   34.963    0.870    583.579   120.768
  589   7.570   7.511   34.963    0.871    584.570   120.923
  590   7.567   7.508   34.963    0.871    585.561   121.054
  591   7.564   7.505   34.963    0.872    586.552   121.059
  592   7.558   7.498   34.962    0.873    587.543   121.022
  593   7.552   7.492   34.962    0.874    588.535   120.978
  594   7.549   7.489   34.961    0.875    589.526   121.018
  595   7.540   7.480   34.961    0.876    590.517   121.094
  596   7.515   7.455   34.959    0.877    591.508   121.188
  597   7.494   7.434   34.957    0.877    592.499   121.304
  598   7.480   7.421   34.956    0.878    593.490   121.474
  599   7.463   7.403   34.955    0.879    594.481   121.693
  600   7.450   7.390   34.955    0.880    595.472   121.893
  601   7.444   7.384   34.954    0.881    596.463   122.073
  602   7.435   7.375   34.954    0.882    597.454   122.277
  603   7.434   7.374   34.954    0.882    598.445   122.352
  604   7.434   7.374   34.954    0.883    599.436   122.517
  605   7.431   7.371   34.954    0.884    600.427   122.539
  606   7.427   7.366   34.953    0.885    601.418   122.559
  607   7.424   7.364   34.953    0.886    602.409   122.586
  608   7.424   7.363   34.953    0.887    603.400   122.677
  609   7.423   7.362   34.953    0.887    604.391   122.682
  610   7.422   7.361   34.953    0.888    605.382   122.707
  611   7.421   7.360   34.953    0.889    606.373   122.685
  612   7.418   7.357   34.953    0.890    607.364   122.702
  613   7.416   7.355   34.953    0.891    608.355   122.738
  614   7.413   7.352   34.953    0.892    609.346   122.724
  615   7.410   7.349   34.953    0.893    610.337   122.711
  616   7.405   7.344   34.952    0.893    611.328   122.766
  617   7.402   7.341   34.952    0.894    612.318   122.819
  618   7.399   7.337   34.952    0.895    613.309   122.864
  619   7.394   7.333   34.952    0.896    614.300   122.906
  620   7.387   7.326   34.951    0.897    615.291   122.941
  621   7.382   7.320   34.951    0.898    616.282   122.991
  622   7.379   7.317   34.951    0.898    617.273   123.038
  623   7.373   7.311   34.950    0.899    618.264   123.087
  624   7.361   7.299   34.949    0.900    619.255   123.162
  625   7.353   7.291   34.949    0.901    620.246   123.259
  626   7.348   7.286   34.949    0.902    621.237   123.391
  627   7.345   7.283   34.948    0.903    622.228   123.476
  628   7.341   7.278   34.948    0.903    623.219   123.592
  629   7.337   7.275   34.948    0.904    624.209   123.667
  630   7.335   7.273   34.948    0.905    625.200   123.716
  631   7.332   7.269   34.948    0.906    626.191   123.803
  632   7.327   7.265   34.947    0.907    627.182   123.822
  633   7.322   7.260   34.947    0.908    628.173   123.907
  634   7.313   7.250   34.946    0.909    629.164   123.916
  635   7.301   7.238   34.945    0.909    630.155   123.955
  636   7.284   7.221   34.945    0.910    631.146   124.018
  637   7.276   7.213   34.944    0.911    632.136   124.085
  638   7.273   7.210   34.944    0.912    633.127   124.224
  639   7.266   7.203   34.943    0.913    634.118   124.388
  640   7.254   7.191   34.943    0.914    635.109   124.507
  641   7.250   7.187   34.943    0.914    636.100   124.674
  642   7.237   7.174   34.942    0.915    637.091   124.805
  643   7.217   7.154   34.940    0.916    638.081   124.970
  644   7.207   7.144   34.940    0.917    639.072   125.057
  645   7.204   7.141   34.940    0.918    640.063   125.238
  646   7.199   7.135   34.939    0.918    641.054   125.370
  647   7.196   7.132   34.939    0.919    642.045   125.472
  648   7.194   7.130   34.939    0.920    643.035   125.507
  649   7.192   7.129   34.939    0.921    644.026   125.578
  650   7.192   7.128   34.939    0.922    645.017   125.677
  651   7.188   7.124   34.939    0.923    646.008   125.759
  652   7.183   7.119   34.939    0.923    646.999   125.721
  653   7.174   7.110   34.938    0.924    647.989   125.730
  654   7.170   7.106   34.938    0.925    648.980   125.741
  655   7.169   7.105   34.938    0.926    649.971   125.812
  656   7.168   7.104   34.938    0.927    650.962   125.937
  657   7.168   7.103   34.938    0.928    651.952   126.034
  658   7.166   7.102   34.938    0.928    652.943   126.021
  659   7.156   7.091   34.937    0.929    653.934   126.081
  660   7.148   7.083   34.937    0.930    654.925   126.096
  661   7.139   7.074   34.937    0.931    655.915   126.129
  662   7.138   7.074   34.937    0.932    656.906   126.336
  663   7.138   7.073   34.937    0.933    657.897   126.447
  664   7.131   7.066   34.936    0.933    658.888   126.523
  665   7.114   7.049   34.935    0.934    659.878   126.574
  666   7.107   7.042   34.935    0.935    660.869   126.585
  667   7.104   7.039   34.935    0.936    661.860   126.677
  668   7.099   7.033   34.934    0.937    662.850   126.810
  669   7.091   7.025   34.934    0.937    663.841   126.978
  670   7.081   7.016   34.934    0.938    664.832   127.069
  671   7.073   7.008   34.933    0.939    665.822   127.145
  672   7.066   7.000   34.933    0.940    666.813   127.332
  673   7.063   6.997   34.933    0.941    667.804   127.515
  674   7.055   6.990   34.932    0.942    668.795   127.624
  675   7.048   6.982   34.932    0.942    669.785   127.669
  676   7.041   6.975   34.932    0.943    670.776   127.714
  677   7.033   6.967   34.931    0.944    671.767   127.829
  678   7.028   6.962   34.931    0.945    672.757   127.929
  679   7.021   6.956   34.931    0.946    673.748   127.974
  680   7.018   6.952   34.931    0.946    674.738   128.023
  681   6.991   6.925   34.929    0.947    675.729   128.121
  682   6.974   6.908   34.929    0.948    676.720   128.249
  683   6.965   6.899   34.928    0.949    677.710   128.421
  684   6.947   6.881   34.928    0.950    678.701   128.736
  685   6.938   6.872   34.927    0.950    679.692   129.037
  686   6.924   6.858   34.927    0.951    680.682   129.236
  687   6.916   6.850   34.927    0.952    681.673   129.390
  688   6.913   6.847   34.926    0.953    682.663   129.566
  689   6.912   6.846   34.927    0.954    683.654   129.765
  690   6.911   6.845   34.927    0.954    684.645   129.864
  691   6.909   6.842   34.927    0.955    685.635   129.958
  692   6.903   6.836   34.927    0.956    686.626   129.953
  693   6.898   6.831   34.926    0.957    687.616   129.925
  694   6.889   6.823   34.926    0.958    688.607   129.953
  695   6.884   6.817   34.926    0.958    689.598   130.121
  696   6.880   6.814   34.926    0.959    690.588   130.209
  697   6.877   6.810   34.926    0.960    691.579   130.304
  698   6.875   6.808   34.926    0.961    692.569   130.371
  699   6.872   6.805   34.926    0.962    693.560   130.453
  700   6.871   6.803   34.926    0.962    694.550   130.492
  701   6.870   6.802   34.926    0.963    695.541   130.502
  702   6.870   6.802   34.926    0.964    696.532   130.505
  703   6.869   6.802   34.926    0.965    697.522   130.549
  704   6.869   6.802   34.926    0.966    698.513   130.593
  705   6.866   6.799   34.925    0.966    699.503   130.595
  706   6.861   6.793   34.925    0.967    700.494   130.595
  707   6.856   6.788   34.925    0.968    701.484   130.613
  708   6.851   6.783   34.925    0.969    702.475   130.643
  709   6.844   6.776   34.925    0.970    703.465   130.796
  710   6.838   6.770   34.925    0.970    704.456   130.870
  711   6.834   6.766   34.924    0.971    705.446   130.967
  712   6.829   6.760   34.924    0.972    706.437   131.004
  713   6.822   6.754   34.924    0.973    707.427   131.049
  714   6.813   6.745   34.923    0.974    708.418   131.171
  715   6.806   6.738   34.923    0.974    709.408   131.300
  716   6.802   6.734   34.923    0.975    710.399   131.486
  717   6.796   6.728   34.923    0.976    711.389   131.615
  718   6.793   6.724   34.923    0.977    712.380   131.665
  719   6.791   6.722   34.923    0.978    713.370   131.732
  720   6.786   6.717   34.923    0.978    714.360   131.833
  721   6.780   6.711   34.923    0.979    715.351   131.904
  722   6.775   6.706   34.923    0.980    716.341   131.921
  723   6.771   6.702   34.922    0.981    717.332   131.949
  724   6.759   6.690   34.922    0.981    718.322   132.026
  725   6.752   6.683   34.922    0.982    719.313   132.169
  726   6.747   6.677   34.922    0.983    720.303   132.310
  727   6.745   6.675   34.922    0.984    721.294   132.450
  728   6.741   6.671   34.922    0.985    722.284   132.563
  729   6.737   6.668   34.922    0.985    723.274   132.576
  730   6.728   6.659   34.922    0.986    724.265   132.667
  731   6.723   6.653   34.921    0.987    725.255   132.754
  732   6.711   6.641   34.921    0.988    726.246   132.901
  733   6.706   6.637   34.921    0.989    727.236   132.959
  734   6.705   6.635   34.921    0.989    728.226   133.091
  735   6.703   6.633   34.921    0.990    729.217   133.172
  736   6.701   6.631   34.921    0.991    730.207   133.317
  737   6.700   6.630   34.921    0.992    731.198   133.359
  738   6.699   6.629   34.921    0.992    732.188   133.338
  739   6.697   6.627   34.921    0.993    733.178   133.330
  740   6.696   6.625   34.921    0.994    734.169   133.357
  741   6.693   6.623   34.921    0.995    735.159   133.399
  742   6.691   6.621   34.921    0.996    736.149   133.530
  743   6.686   6.615   34.921    0.996    737.140   133.602
  744   6.681   6.611   34.921    0.997    738.130   133.633
  745   6.678   6.607   34.921    0.998    739.120   133.604
  746   6.677   6.606   34.921    0.999    740.111   133.643
  747   6.676   6.605   34.921    0.999    741.101   133.727
  748   6.676   6.605   34.921    1.000    742.091   133.769
  749   6.673   6.602   34.921    1.001    743.082   133.816
  750   6.668   6.597   34.921    1.002    744.072   133.857
  751   6.666   6.595   34.921    1.003    745.062   133.908
  752   6.659   6.588   34.921    1.003    746.053   133.869
  753   6.656   6.584   34.921    1.004    747.043   133.841
  754   6.651   6.580   34.921    1.005    748.033   133.987
  755   6.643   6.572   34.921    1.006    749.024   134.140
  756   6.641   6.569   34.921    1.006    750.014   134.238
  757   6.639   6.567   34.921    1.007    751.004   134.284
  758   6.626   6.555   34.920    1.008    751.994   134.401
  759   6.609   6.537   34.919    1.009    752.985   134.504
  760   6.602   6.530   34.919    1.010    753.975   134.630
  761   6.596   6.524   34.918    1.010    754.965   134.776
  762   6.593   6.521   34.918    1.011    755.955   134.967
  763   6.587   6.515   34.918    1.012    756.946   135.164
  764   6.583   6.511   34.918    1.013    757.936   135.342
  765   6.583   6.511   34.919    1.013    758.926   135.411
  766   6.579   6.507   34.919    1.014    759.916   135.459
  767   6.576   6.504   34.919    1.015    760.907   135.460
  768   6.575   6.503   34.920    1.016    761.897   135.483
  769   6.575   6.502   34.920    1.017    762.887   135.553
  770   6.570   6.498   34.920    1.017    763.877   135.577
  771   6.564   6.491   34.920    1.018    764.868   135.572
  772   6.561   6.488   34.920    1.019    765.858   135.599
  773   6.550   6.477   34.919    1.020    766.848   135.694
  774   6.543   6.470   34.919    1.020    767.838   135.874
  775   6.535   6.462   34.919    1.021    768.828   136.021
  776   6.528   6.455   34.918    1.022    769.819   136.063
  777   6.523   6.450   34.918    1.023    770.809   136.124
  778   6.520   6.447   34.918    1.023    771.799   136.275
  779   6.519   6.446   34.918    1.024    772.789   136.469
  780   6.518   6.445   34.918    1.025    773.779   136.632
  781   6.516   6.442   34.918    1.026    774.769   136.686
  782   6.506   6.433   34.918    1.026    775.760   136.761
  783   6.500   6.427   34.918    1.027    776.750   136.772
  784   6.488   6.414   34.917    1.028    777.740   136.876
  785   6.465   6.392   34.916    1.029    778.730   137.025
  786   6.464   6.390   34.916    1.030    779.720   137.180
  787   6.464   6.390   34.916    1.030    780.710   137.473
  788   6.464   6.390   34.916    1.031    781.701   137.669
  789   6.463   6.390   34.916    1.032    782.691   137.796
  790   6.463   6.389   34.916    1.033    783.681   137.918
  791   6.462   6.388   34.916    1.033    784.671   137.899
  792   6.461   6.387   34.916    1.034    785.661   137.864
  793   6.460   6.386   34.916    1.035    786.651   137.873
  794   6.459   6.385   34.916    1.036    787.641   137.827
  795   6.458   6.383   34.916    1.036    788.631   137.901
  796   6.454   6.380   34.916    1.037    789.621   137.985
  797   6.438   6.364   34.915    1.038    790.612   138.077
  798   6.429   6.354   34.915    1.039    791.602   138.063
  799   6.428   6.353   34.915    1.039    792.592   138.122
  800   6.426   6.351   34.915    1.040    793.582   138.335
  801   6.418   6.343   34.915    1.041    794.572   138.620
  802   6.399   6.325   34.914    1.042    795.562   138.721
  803   6.390   6.315   34.915    1.042    796.552   138.840
  804   6.387   6.312   34.914    1.043    797.542   138.933
  805   6.386   6.311   34.915    1.044    798.532   139.179
  806   6.385   6.310   34.915    1.045    799.522   139.369
  807   6.383   6.308   34.915    1.045    800.512   139.495
  808   6.378   6.303   34.915    1.046    801.502   139.531
  809   6.373   6.298   34.914    1.047    802.492   139.543
  810   6.371   6.295   34.915    1.048    803.482   139.531
  811   6.365   6.289   34.914    1.048    804.472   139.587
  812   6.347   6.272   34.914    1.049    805.462   139.700
  813   6.342   6.266   34.914    1.050    806.452   139.828
  814   6.341   6.265   34.914    1.051    807.442   140.011
  815   6.339   6.264   34.914    1.051    808.432   140.182
  816   6.338   6.262   34.914    1.052    809.422   140.345
  817   6.336   6.260   34.914    1.053    810.412   140.435
  818   6.334   6.258   34.914    1.054    811.402   140.458
  819   6.333   6.257   34.914    1.054    812.392   140.523
  820   6.332   6.256   34.914    1.055    813.382   140.579
  821   6.331   6.254   34.914    1.056    814.372   140.621
  822   6.324   6.248   34.914    1.057    815.362   140.620
  823   6.320   6.243   34.914    1.057    816.352   140.640
  824   6.317   6.240   34.914    1.058    817.342   140.683
  825   6.295   6.219   34.913    1.059    818.332   140.806
  826   6.272   6.195   34.914    1.060    819.322   140.957
  827   6.261   6.185   34.914    1.060    820.312   141.157
  828   6.257   6.181   34.914    1.061    821.302   141.536
  829   6.249   6.173   34.914    1.062    822.292   141.805
  830   6.241   6.164   34.913    1.063    823.282   142.006
  831   6.226   6.150   34.913    1.063    824.272   142.187
  832   6.218   6.142   34.914    1.064    825.262   142.362
  833   6.214   6.138   34.914    1.065    826.252   142.665
  834   6.215   6.138   34.914    1.066    827.242   142.854
  835   6.213   6.136   34.914    1.066    828.232   143.020
  836   6.211   6.135   34.914    1.067    829.222   143.074
  837   6.211   6.134   34.914    1.068    830.211   143.086
  838   6.210   6.133   34.914    1.068    831.201   143.178
  839   6.208   6.131   34.914    1.069    832.191   143.222
  840   6.205   6.127   34.914    1.070    833.181   143.210
  841   6.200   6.123   34.914    1.071    834.171   143.207
  842   6.199   6.121   34.914    1.071    835.161   143.220
  843   6.196   6.118   34.914    1.072    836.151   143.355
  844   6.190   6.113   34.914    1.073    837.141   143.440
  845   6.188   6.110   34.914    1.074    838.131   143.524
  846   6.183   6.105   34.914    1.074    839.120   143.564
  847   6.174   6.096   34.914    1.075    840.110   143.612
  848   6.169   6.092   34.914    1.076    841.100   143.684
  849   6.167   6.090   34.914    1.076    842.090   143.861
  850   6.166   6.088   34.914    1.077    843.080   143.957
  851   6.163   6.085   34.914    1.078    844.070   144.133
  852   6.161   6.083   34.914    1.079    845.060   144.223
  853   6.160   6.082   34.914    1.079    846.049   144.308
  854   6.158   6.080   34.914    1.080    847.039   144.277
  855   6.156   6.078   34.914    1.081    848.029   144.381
  856   6.154   6.076   34.914    1.082    849.019   144.401
  857   6.151   6.072   34.914    1.082    850.009   144.475
  858   6.144   6.066   34.914    1.083    850.998   144.497
  859   6.140   6.062   34.914    1.084    851.988   144.529
  860   6.134   6.055   34.914    1.084    852.978   144.641
  861   6.122   6.044   34.914    1.085    853.968   144.811
  862   6.110   6.032   34.914    1.086    854.958   144.920
  863   6.102   6.023   34.914    1.087    855.947   144.977
  864   6.097   6.018   34.914    1.087    856.937   145.138
  865   6.087   6.008   34.914    1.088    857.927   145.423
  866   6.075   5.996   34.914    1.089    858.917   145.703
  867   6.065   5.986   34.914    1.090    859.906   145.864
  868   6.053   5.974   34.914    1.090    860.896   146.084
  869   6.032   5.953   34.914    1.091    861.886   146.345
  870   6.022   5.943   34.914    1.092    862.876   146.595
  871   6.016   5.937   34.914    1.092    863.866   146.875
  872   6.009   5.930   34.914    1.093    864.855   147.240
  873   6.003   5.924   34.914    1.094    865.845   147.544
  874   5.987   5.908   34.914    1.094    866.835   147.775
  875   5.971   5.892   34.914    1.095    867.824   147.882
  876   5.964   5.885   34.914    1.096    868.814   148.025
  877   5.957   5.878   34.914    1.097    869.804   148.198
  878   5.953   5.874   34.915    1.097    870.794   148.707
  879   5.951   5.872   34.915    1.098    871.783   149.023
  880   5.948   5.868   34.915    1.099    872.773   149.123
  881   5.942   5.862   34.915    1.099    873.763   149.189
  882   5.932   5.852   34.915    1.100    874.752   149.269
  883   5.929   5.850   34.915    1.101    875.742   149.381
  884   5.927   5.848   34.915    1.102    876.732   149.519
  885   5.926   5.846   34.915    1.102    877.721   149.605
  886   5.926   5.846   34.915    1.103    878.711   149.734
  887   5.925   5.845   34.915    1.104    879.701   149.843
  888   5.924   5.844   34.915    1.104    880.690   149.873
  889   5.921   5.841   34.915    1.105    881.680   149.900
  890   5.918   5.838   34.915    1.106    882.670   149.901
  891   5.910   5.830   34.915    1.106    883.659   149.913
  892   5.904   5.824   34.915    1.107    884.649   149.955
  893   5.901   5.821   34.915    1.108    885.639   150.044
  894   5.900   5.820   34.915    1.108    886.628   150.122
  895   5.897   5.817   34.915    1.109    887.618   150.298
  896   5.889   5.808   34.915    1.110    888.608   150.439
  897   5.880   5.800   34.916    1.111    889.597   150.544
  898   5.876   5.795   34.916    1.111    890.587   150.593
  899   5.875   5.794   34.916    1.112    891.576   150.696
  900   5.874   5.793   34.916    1.113    892.566   150.880
  901   5.873   5.792   34.916    1.113    893.556   151.009
  902   5.871   5.790   34.916    1.114    894.545   151.118
  903   5.866   5.785   34.916    1.115    895.535   151.199
  904   5.858   5.776   34.916    1.115    896.524   151.266
  905   5.848   5.767   34.916    1.116    897.514   151.373
  906   5.835   5.754   34.916    1.117    898.504   151.531
  907   5.821   5.740   34.916    1.117    899.493   151.658
  908   5.809   5.728   34.916    1.118    900.483   151.881
  909   5.807   5.726   34.916    1.119    901.472   152.172
  910   5.800   5.719   34.916    1.120    902.462   152.482
  911   5.793   5.711   34.916    1.120    903.452   152.723
  912   5.787   5.706   34.917    1.121    904.441   152.869
  913   5.785   5.704   34.917    1.122    905.431   153.066
  914   5.785   5.704   34.917    1.122    906.420   153.253
  915   5.784   5.703   34.917    1.123    907.410   153.438
  916   5.781   5.699   34.917    1.124    908.399   153.449
  917   5.778   5.697   34.917    1.124    909.389   153.518
  918   5.776   5.694   34.917    1.125    910.378   153.539
  919   5.774   5.692   34.917    1.126    911.368   153.620
  920   5.773   5.691   34.917    1.126    912.357   153.710
  921   5.770   5.688   34.917    1.127    913.347   153.829
  922   5.765   5.682   34.917    1.128    914.336   153.857
  923   5.762   5.680   34.917    1.128    915.326   153.935
  924   5.762   5.679   34.917    1.129    916.315   154.027
  925   5.760   5.678   34.917    1.130    917.305   154.085
  926   5.759   5.677   34.917    1.130    918.294   154.079
  927   5.756   5.673   34.917    1.131    919.284   154.141
  928   5.750   5.668   34.917    1.132    920.273   154.193
  929   5.747   5.664   34.917    1.132    921.263   154.284
  930   5.736   5.653   34.918    1.133    922.252   154.350
  931   5.727   5.644   34.918    1.134    923.242   154.460
  932   5.722   5.639   34.918    1.134    924.231   154.546
  933   5.714   5.631   34.918    1.135    925.221   154.756
  934   5.704   5.621   34.918    1.136    926.210   155.047
  935   5.703   5.620   34.918    1.136    927.199   155.299
  936   5.700   5.617   34.918    1.137    928.189   155.450
  937   5.681   5.598   34.918    1.138    929.178   155.611
  938   5.654   5.571   34.919    1.139    930.168   155.772
  939   5.648   5.565   34.919    1.139    931.157   155.977
  940   5.644   5.561   34.919    1.140    932.147   156.406
  941   5.639   5.556   34.919    1.140    933.136   156.785
  942   5.621   5.538   34.919    1.141    934.125   157.182
  943   5.600   5.517   34.920    1.142    935.115   157.462
  944   5.594   5.511   34.920    1.142    936.104   157.727
  945   5.592   5.509   34.920    1.143    937.094   158.075
  946   5.591   5.507   34.920    1.144    938.083   158.407
  947   5.586   5.503   34.920    1.144    939.072   158.625
  948   5.585   5.502   34.920    1.145    940.062   158.823
  949   5.584   5.501   34.921    1.146    941.051   158.873
  950   5.582   5.499   34.921    1.146    942.041   158.959
  951   5.581   5.498   34.921    1.147    943.030   159.081
  952   5.578   5.494   34.921    1.148    944.019   159.135
  953   5.576   5.492   34.921    1.148    945.009   159.214
  954   5.574   5.490   34.921    1.149    945.998   159.179
  955   5.571   5.487   34.921    1.150    946.987   159.266
  956   5.567   5.483   34.921    1.150    947.977   159.345
  957   5.565   5.481   34.921    1.151    948.966   159.422
  958   5.565   5.480   34.921    1.152    949.955   159.505
  959   5.562   5.478   34.921    1.152    950.945   159.615
  960   5.562   5.477   34.921    1.153    951.934   159.679
  961   5.560   5.476   34.921    1.154    952.923   159.690
  962   5.560   5.475   34.921    1.154    953.913   159.720
  963   5.560   5.475   34.921    1.155    954.902   159.814
  964   5.560   5.475   34.921    1.156    955.891   159.853
  965   5.560   5.475   34.921    1.156    956.881   159.884
  966   5.560   5.475   34.921    1.157    957.870   159.824
  967   5.560   5.475   34.921    1.158    958.859   159.796
  968   5.559   5.474   34.921    1.158    959.849   159.804
  969   5.553   5.468   34.921    1.159    960.838   159.847
  970   5.549   5.464   34.921    1.159    961.827   159.859
  971   5.548   5.462   34.921    1.160    962.816   159.988
  972   5.545   5.459   34.922    1.161    963.806   160.098
  973   5.540   5.454   34.922    1.161    964.795   160.185
  974   5.534   5.449   34.922    1.162    965.784   160.254
  975   5.527   5.441   34.922    1.163    966.773   160.300
  976   5.525   5.439   34.922    1.163    967.763   160.383
  977   5.524   5.438   34.922    1.164    968.752   160.499
  978   5.522   5.437   34.922    1.165    969.741   160.627
  979   5.521   5.435   34.922    1.165    970.730   160.741
  980   5.520   5.434   34.922    1.166    971.720   160.884
  981   5.518   5.432   34.922    1.167    972.709   160.927
  982   5.516   5.430   34.922    1.167    973.698   160.938
  983   5.514   5.428   34.922    1.168    974.687   160.925
  984   5.509   5.423   34.922    1.169    975.677   161.007
  985   5.506   5.420   34.922    1.169    976.666   161.087
  986   5.504   5.417   34.922    1.170    977.655   161.216
  987   5.503   5.416   34.922    1.171    978.644   161.261
  988   5.500   5.414   34.922    1.171    979.633   161.365
  989   5.493   5.407   34.923    1.172    980.623   161.475
  990   5.486   5.400   34.923    1.172    981.612   161.578
  991   5.482   5.395   34.923    1.173    982.601   161.640
  992   5.480   5.394   34.923    1.174    983.590   161.759
  993   5.474   5.387   34.923    1.174    984.579   161.959
  994   5.463   5.376   34.923    1.175    985.568   162.051
  995   5.460   5.373   34.923    1.176    986.558   162.127
  996   5.453   5.366   34.923    1.176    987.547   162.325
  997   5.448   5.361   34.924    1.177    988.536   162.522
  998   5.446   5.359   34.924    1.178    989.525   162.694
  999   5.443   5.355   34.924    1.178    990.514   162.846
 1000   5.441   5.354   34.924    1.179    991.503   163.064
 1001   5.439   5.352   34.924    1.180    992.493   163.146
 1002   5.437   5.349   34.924    1.180    993.482   163.283
 1003   5.434   5.347   34.924    1.181    994.471   163.352
 1004   5.431   5.344   34.924    1.181    995.460   163.456
 1005   5.428   5.340   34.924    1.182    996.449   163.539
 1006   5.425   5.337   34.924    1.183    997.438   163.617
 1007   5.422   5.334   34.924    1.183    998.427   163.718
 1008   5.418   5.330   34.925    1.184    999.416   163.843
 1009   5.414   5.326   34.925    1.185    1000.405   163.876
 1010   5.408   5.320   34.925    1.185    1001.395   163.986
 1011   5.406   5.318   34.925    1.186    1002.384   164.071
 1012   5.406   5.317   34.925    1.187    1003.373   164.230
 1013   5.403   5.315   34.925    1.187    1004.362   164.344
 1014   5.402   5.314   34.925    1.188    1005.351   164.500
 1015   5.399   5.310   34.925    1.188    1006.340   164.512
 1016   5.387   5.298   34.925    1.189    1007.329   164.600
 1017   5.372   5.284   34.926    1.190    1008.318   164.694
 1018   5.337   5.249   34.926    1.190    1009.307   164.931
 1019   5.307   5.219   34.927    1.191    1010.296   165.150
 1020   5.295   5.207   34.927    1.192    1011.285   165.704
 1021   5.286   5.198   34.928    1.192    1012.274   166.373
 1022   5.265   5.177   34.928    1.193    1013.263   167.173
 1023   5.237   5.150   34.929    1.193    1014.252   167.826
 1024   5.224   5.136   34.929    1.194    1015.241   168.322
 1025   5.219   5.131   34.930    1.195    1016.230   168.752
 1026   5.208   5.120   34.930    1.195    1017.219   169.328
 1027   5.181   5.093   34.931    1.196    1018.208   169.961
 1028   5.178   5.090   34.931    1.196    1019.197   170.353
 1029   5.177   5.089   34.931    1.197    1020.186   170.785
 1030   5.174   5.086   34.931    1.198    1021.175   171.256
 1031   5.158   5.069   34.932    1.198    1022.164   171.549
 1032   5.157   5.069   34.932    1.199    1023.153   171.654
 1033   5.157   5.069   34.932    1.199    1024.142   171.816
 1034   5.157   5.068   34.932    1.200    1025.131   172.050
 1035   5.156   5.068   34.932    1.201    1026.120   172.195
 1036   5.156   5.067   34.933    1.201    1027.109   172.279
 1037   5.155   5.066   34.933    1.202    1028.098   172.330
 1038   5.154   5.065   34.933    1.202    1029.087   172.394
 1039   5.152   5.063   34.933    1.203    1030.076   172.435
 1040   5.144   5.055   34.933    1.204    1031.065   172.510
 1041   5.135   5.046   34.933    1.204    1032.054   172.554
 1042   5.133   5.044   34.933    1.205    1033.043   172.669
 1043   5.132   5.043   34.933    1.205    1034.032   172.769
 1044   5.129   5.040   34.933    1.206    1035.021   172.972
 1045   5.125   5.036   34.933    1.207    1036.010   173.156
 1046   5.120   5.030   34.934    1.207    1036.999   173.308
 1047   5.112   5.023   34.934    1.208    1037.988   173.387
 1048   5.105   5.016   34.934    1.208    1038.977   173.525
 1049   5.101   5.012   34.934    1.209    1039.966   173.752
 1050   5.100   5.011   34.934    1.210    1040.954   174.001
 1051   5.098   5.009   34.934    1.210    1041.943   174.159
 1052   5.093   5.004   34.935    1.211    1042.932   174.228
 1053   5.092   5.002   34.934    1.211    1043.921   174.366
 1054   5.091   5.001   34.935    1.212    1044.910   174.428
 1055   5.091   5.001   34.935    1.213    1045.899   174.484
 1056   5.090   5.000   34.935    1.213    1046.888   174.599
 1057   5.087   4.997   34.935    1.214    1047.877   174.658
 1058   5.084   4.994   34.935    1.214    1048.866   174.799
 1059   5.075   4.985   34.935    1.215    1049.854   174.889
 1060   5.066   4.976   34.936    1.216    1050.843   174.963
 1061   5.065   4.975   34.935    1.216    1051.832   175.027
 1062   5.065   4.974   34.935    1.217    1052.821   175.161
 1063   5.065   4.974   34.936    1.217    1053.810   175.404
 1064   5.065   4.974   34.936    1.218    1054.799   175.584
 1065   5.064   4.974   34.936    1.218    1055.788   175.664
 1066   5.061   4.970   34.936    1.219    1056.776   175.702
 1067   5.056   4.965   34.936    1.220    1057.765   175.763
 1068   5.054   4.964   34.936    1.220    1058.754   175.788
 1069   5.051   4.960   34.936    1.221    1059.743   175.823
 1070   5.048   4.958   34.936    1.221    1060.732   175.890
 1071   5.048   4.957   34.936    1.222    1061.720   176.083
 1072   5.047   4.956   34.936    1.223    1062.709   176.216
 1073   5.045   4.954   34.936    1.223    1063.698   176.321
 1074   5.043   4.952   34.936    1.224    1064.687   176.370
 1075   5.039   4.948   34.936    1.224    1065.676   176.445
 1076   5.030   4.939   34.937    1.225    1066.664   176.485
 1077   5.029   4.937   34.937    1.226    1067.653   176.495
 1078   5.027   4.936   34.937    1.226    1068.642   176.715
 1079   5.025   4.933   34.937    1.227    1069.631   176.887
 1080   5.023   4.932   34.937    1.227    1070.620   177.015
 1081   5.022   4.930   34.937    1.228    1071.608   177.070
 1082   5.019   4.928   34.937    1.228    1072.597   177.149
 1083   5.014   4.922   34.937    1.229    1073.586   177.264
 1084   5.008   4.916   34.937    1.230    1074.575   177.392
 1085   5.001   4.909   34.938    1.230    1075.563   177.450
 1086   4.996   4.904   34.938    1.231    1076.552   177.555
 1087   4.991   4.899   34.938    1.231    1077.541   177.683
 1088   4.989   4.897   34.938    1.232    1078.530   177.902
 1089   4.985   4.893   34.938    1.233    1079.518   178.088
 1090   4.977   4.885   34.938    1.233    1080.507   178.324
 1091   4.967   4.875   34.939    1.234    1081.496   178.514
 1092   4.958   4.866   34.939    1.234    1082.484   178.712
 1093   4.956   4.864   34.939    1.235    1083.473   178.896
 1094   4.954   4.861   34.939    1.235    1084.462   179.183
 1095   4.947   4.855   34.939    1.236    1085.450   179.376
 1096   4.946   4.854   34.939    1.237    1086.439   179.570
 1097   4.946   4.854   34.939    1.237    1087.428   179.682
 1098   4.945   4.853   34.939    1.238    1088.417   179.802
 1099   4.944   4.852   34.939    1.238    1089.405   179.856
 1100   4.943   4.850   34.940    1.239    1090.394   179.912
 1101   4.943   4.850   34.940    1.239    1091.383   179.914
 1102   4.942   4.850   34.940    1.240    1092.371   179.881
 1103   4.942   4.849   34.940    1.241    1093.360   179.930
 1104   4.942   4.849   34.940    1.241    1094.349   180.025
 1105   4.941   4.848   34.940    1.242    1095.337   180.095
 1106   4.941   4.848   34.940    1.242    1096.326   180.095
 1107   4.941   4.848   34.940    1.243    1097.314   180.104
 1108   4.940   4.847   34.940    1.243    1098.303   180.183
 1109   4.940   4.846   34.940    1.244    1099.292   180.182
 1110   4.939   4.846   34.940    1.245    1100.280   180.193
 1111   4.939   4.845   34.940    1.245    1101.269   180.206
 1112   4.938   4.844   34.940    1.246    1102.258   180.226
 1113   4.937   4.843   34.940    1.246    1103.246   180.261
 1114   4.935   4.841   34.940    1.247    1104.235   180.297
 1115   4.933   4.839   34.940    1.247    1105.223   180.304
 1116   4.931   4.836   34.940    1.248    1106.212   180.367
 1117   4.927   4.833   34.940    1.249    1107.201   180.423
 1118   4.924   4.830   34.940    1.249    1108.189   180.472
 1119   4.920   4.825   34.941    1.250    1109.178   180.611
 1120   4.917   4.822   34.941    1.250    1110.166   180.754
 1121   4.913   4.819   34.941    1.251    1111.155   180.953
 1122   4.909   4.814   34.941    1.251    1112.144   181.011
 1123   4.905   4.811   34.941    1.252    1113.132   181.170
 1124   4.901   4.806   34.941    1.253    1114.121   181.260
 1125   4.891   4.797   34.942    1.253    1115.109   181.390
 1126   4.887   4.793   34.942    1.254    1116.098   181.510
 1127   4.885   4.790   34.942    1.254    1117.086   181.699
 1128   4.882   4.787   34.942    1.255    1118.075   181.987
 1129   4.873   4.778   34.942    1.255    1119.063   182.164
 1130   4.867   4.772   34.942    1.256    1120.052   182.257
 1131   4.861   4.766   34.942    1.257    1121.040   182.435
 1132   4.857   4.762   34.943    1.257    1122.029   182.669
 1133   4.855   4.760   34.943    1.258    1123.017   183.037
 1134   4.855   4.760   34.943    1.258    1124.006   183.223
 1135   4.855   4.760   34.943    1.259    1124.995   183.317
 1136   4.855   4.759   34.943    1.259    1125.983   183.390
 1137   4.854   4.759   34.943    1.260    1126.972   183.394
 1138   4.850   4.754   34.943    1.260    1127.960   183.464
 1139   4.846   4.751   34.943    1.261    1128.949   183.535
 1140   4.844   4.749   34.944    1.262    1129.937   183.525
 1141   4.842   4.747   34.943    1.262    1130.925   183.620
 1142   4.838   4.742   34.944    1.263    1131.914   183.737
 1143   4.827   4.731   34.944    1.263    1132.902   183.962
 1144   4.811   4.715   34.945    1.264    1133.891   184.085
 1145   4.805   4.710   34.945    1.264    1134.879   184.189
 1146   4.802   4.706   34.945    1.265    1135.868   184.450
 1147   4.798   4.703   34.945    1.265    1136.856   184.807
 1148   4.789   4.693   34.946    1.266    1137.845   185.159
 1149   4.786   4.690   34.946    1.267    1138.833   185.382
 1150   4.783   4.687   34.946    1.267    1139.822   185.589
 1151   4.782   4.685   34.946    1.268    1140.810   185.759
 1152   4.780   4.683   34.946    1.268    1141.798   185.947
 1153   4.778   4.682   34.946    1.269    1142.787   186.156
 1154   4.778   4.682   34.946    1.269    1143.775   186.254
 1155   4.777   4.681   34.946    1.270    1144.764   186.336
 1156   4.777   4.680   34.946    1.270    1145.752   186.435
 1157   4.774   4.678   34.946    1.271    1146.741   186.491
 1158   4.771   4.675   34.946    1.272    1147.729   186.548
 1159   4.765   4.669   34.946    1.272    1148.717   186.571
 1160   4.760   4.664   34.947    1.273    1149.706   186.645
 1161   4.758   4.661   34.947    1.273    1150.694   186.820
 1162   4.758   4.661   34.947    1.274    1151.683   186.977
 1163   4.755   4.658   34.947    1.274    1152.671   187.143
 1164   4.750   4.653   34.947    1.275    1153.659   187.255
 1165   4.749   4.652   34.947    1.275    1154.648   187.297
 1166   4.747   4.650   34.947    1.276    1155.636   187.454
 1167   4.745   4.648   34.947    1.277    1156.624   187.529
 1168   4.741   4.643   34.947    1.277    1157.613   187.643
 1169   4.737   4.640   34.948    1.278    1158.601   187.770
 1170   4.735   4.637   34.948    1.278    1159.589   187.879
 1171   4.732   4.635   34.948    1.279    1160.578   188.024
 1172   4.729   4.632   34.948    1.279    1161.566   188.109
 1173   4.727   4.629   34.948    1.280    1162.554   188.246
 1174   4.724   4.626   34.948    1.280    1163.543   188.351
 1175   4.716   4.619   34.949    1.281    1164.531   188.507
 1176   4.713   4.615   34.949    1.281    1165.519   188.571
 1177   4.712   4.614   34.949    1.282    1166.508   188.709
 1178   4.710   4.612   34.949    1.283    1167.496   188.869
 1179   4.708   4.610   34.949    1.283    1168.484   189.066
 1180   4.707   4.609   34.949    1.284    1169.473   189.223
 1181   4.706   4.608   34.949    1.284    1170.461   189.280
 1182   4.706   4.607   34.949    1.285    1171.449   189.352
 1183   4.703   4.604   34.949    1.285    1172.438   189.387
 1184   4.698   4.599   34.949    1.286    1173.426   189.496
 1185   4.697   4.598   34.949    1.286    1174.414   189.597
 1186   4.695   4.596   34.949    1.287    1175.402   189.631
 1187   4.693   4.594   34.949    1.287    1176.391   189.713
 1188   4.691   4.592   34.950    1.288    1177.379   189.801
 1189   4.684   4.585   34.950    1.289    1178.367   189.813
 1190   4.682   4.583   34.950    1.289    1179.355   189.938
 1191   4.681   4.582   34.950    1.290    1180.344   190.012
 1192   4.679   4.580   34.950    1.290    1181.332   190.207
 1193   4.678   4.579   34.950    1.291    1182.320   190.388
 1194   4.677   4.578   34.950    1.291    1183.308   190.486
 1195   4.669   4.570   34.951    1.292    1184.297   190.560
 1196   4.667   4.567   34.951    1.292    1185.285   190.632
 1197   4.659   4.560   34.951    1.293    1186.273   190.729
 1198   4.655   4.556   34.951    1.293    1187.261   190.897
 1199   4.655   4.556   34.951    1.294    1188.249   191.017
 1200   4.656   4.556   34.951    1.294    1189.238   191.255
 1201   4.655   4.555   34.951    1.295    1190.226   191.428
 1202   4.655   4.555   34.951    1.296    1191.214   191.547
 1203   4.655   4.555   34.951    1.296    1192.202   191.547
 1204   4.654   4.554   34.951    1.297    1193.190   191.616
 1205   4.654   4.554   34.951    1.297    1194.179   191.670
 1206   4.653   4.553   34.951    1.298    1195.167   191.745
 1207   4.653   4.553   34.951    1.298    1196.155   191.777
 1208   4.652   4.552   34.951    1.299    1197.143   191.776
 1209   4.651   4.550   34.951    1.299    1198.131   191.779
 1210   4.650   4.550   34.951    1.300    1199.119   191.799
 1211   4.650   4.549   34.951    1.300    1200.108   191.812
 1212   4.650   4.549   34.951    1.301    1201.096   191.853
 1213   4.648   4.548   34.951    1.301    1202.084   191.891
 1214   4.645   4.544   34.952    1.302    1203.072   191.948
 1215   4.643   4.542   34.952    1.303    1204.060   191.984
 1216   4.640   4.539   34.952    1.303    1205.048   192.029
 1217   4.632   4.532   34.952    1.304    1206.036   192.115
 1218   4.629   4.528   34.952    1.304    1207.025   192.141
 1219   4.628   4.527   34.952    1.305    1208.013   192.333
 1220   4.628   4.527   34.952    1.305    1209.001   192.502
 1221   4.625   4.524   34.952    1.306    1209.989   192.649
 1222   4.622   4.521   34.952    1.306    1210.977   192.718
 1223   4.620   4.519   34.953    1.307    1211.965   192.772
 1224   4.617   4.516   34.953    1.307    1212.953   192.862
 1225   4.613   4.511   34.953    1.308    1213.941   193.057
 1226   4.609   4.508   34.953    1.308    1214.929   193.164
 1227   4.607   4.506   34.953    1.309    1215.918   193.248
 1228   4.605   4.503   34.953    1.309    1216.906   193.394
 1229   4.605   4.503   34.953    1.310    1217.894   193.481
 1230   4.602   4.500   34.953    1.311    1218.882   193.660
 1231   4.599   4.498   34.953    1.311    1219.870   193.788
 1232   4.598   4.496   34.953    1.312    1220.858   193.878
 1233   4.595   4.493   34.954    1.312    1221.846   193.960
 1234   4.587   4.485   34.954    1.313    1222.834   194.019
 1235   4.581   4.479   34.954    1.313    1223.822   194.092
 1236   4.576   4.474   34.954    1.314    1224.810   194.150
 1237   4.573   4.471   34.955    1.314    1225.798   194.392
 1238   4.573   4.471   34.955    1.315    1226.786   194.653
 1239   4.573   4.471   34.955    1.315    1227.774   194.932
 1240   4.573   4.471   34.955    1.316    1228.762   195.049
 1241   4.573   4.470   34.955    1.316    1229.750   195.115
 1242   4.572   4.469   34.955    1.317    1230.738   195.198
 1243   4.572   4.469   34.955    1.317    1231.726   195.240
 1244   4.572   4.469   34.955    1.318    1232.714   195.288
 1245   4.570   4.468   34.955    1.318    1233.702   195.306
 1246   4.569   4.467   34.955    1.319    1234.690   195.323
 1247   4.566   4.463   34.955    1.320    1235.678   195.367
 1248   4.562   4.459   34.955    1.320    1236.666   195.465
 1249   4.561   4.458   34.955    1.321    1237.654   195.533
 1250   4.560   4.456   34.955    1.321    1238.642   195.604
 1251   4.553   4.450   34.955    1.322    1239.630   195.645
 1252   4.550   4.447   34.956    1.322    1240.618   195.697
 1253   4.549   4.446   34.956    1.323    1241.606   195.821
 1254   4.548   4.444   34.956    1.323    1242.594   195.950
 1255   4.547   4.443   34.956    1.324    1243.582   196.080
 1256   4.546   4.442   34.956    1.324    1244.570   196.232
 1257   4.544   4.441   34.956    1.325    1245.558   196.313
 1258   4.544   4.441   34.956    1.325    1246.546   196.317
 1259   4.544   4.441   34.956    1.326    1247.534   196.370
 1260   4.544   4.440   34.956    1.326    1248.522   196.385
 1261   4.543   4.439   34.956    1.327    1249.510   196.504
 1262   4.543   4.439   34.956    1.327    1250.497   196.534
 1263   4.543   4.439   34.956    1.328    1251.485   196.563
 1264   4.542   4.438   34.956    1.328    1252.473   196.596
 1265   4.542   4.437   34.956    1.329    1253.461   196.583
 1266   4.539   4.435   34.956    1.330    1254.449   196.623
 1267   4.537   4.432   34.956    1.330    1255.437   196.597
 1268   4.535   4.430   34.956    1.331    1256.425   196.602
 1269   4.535   4.430   34.957    1.331    1257.413   196.647
 1270   4.534   4.430   34.956    1.332    1258.401   196.743
 1271   4.534   4.429   34.957    1.332    1259.388   196.891
 1272   4.533   4.429   34.956    1.333    1260.376   196.935
 1273   4.532   4.427   34.957    1.333    1261.364   196.997
 1274   4.528   4.423   34.957    1.334    1262.352   197.019
 1275   4.526   4.421   34.957    1.334    1263.340   197.044
 1276   4.526   4.421   34.957    1.335    1264.328   197.104
 1277   4.524   4.419   34.957    1.335    1265.316   197.234
 1278   4.522   4.417   34.957    1.336    1266.303   197.328
 1279   4.522   4.416   34.957    1.336    1267.291   197.419
 1280   4.520   4.415   34.957    1.337    1268.279   197.462
 1281   4.518   4.413   34.957    1.337    1269.267   197.498
 1282   4.516   4.411   34.957    1.338    1270.255   197.580
 1283   4.514   4.408   34.957    1.338    1271.243   197.667
 1284   4.508   4.403   34.958    1.339    1272.230   197.769
 1285   4.502   4.396   34.958    1.339    1273.218   197.854
 1286   4.500   4.394   34.958    1.340    1274.206   197.893
 1287   4.497   4.391   34.958    1.341    1275.194   198.054
 1288   4.496   4.390   34.958    1.341    1276.182   198.243
 1289   4.495   4.389   34.958    1.342    1277.169   198.429
 1290   4.488   4.382   34.959    1.342    1278.157   198.564
 1291   4.486   4.380   34.959    1.343    1279.145   198.618
 1292   4.485   4.378   34.959    1.343    1280.133   198.716
 1293   4.480   4.374   34.959    1.344    1281.121   198.859
 1294   4.478   4.372   34.959    1.344    1282.108   198.995
 1295   4.477   4.370   34.959    1.345    1283.096   199.068
 1296   4.476   4.369   34.959    1.345    1284.084   199.188
 1297   4.472   4.365   34.959    1.346    1285.072   199.320
 1298   4.470   4.364   34.959    1.346    1286.059   199.494
 1299   4.468   4.361   34.959    1.347    1287.047   199.590
 1300   4.462   4.356   34.960    1.347    1288.035   199.669
 1301   4.458   4.351   34.960    1.348    1289.023   199.799
 1302   4.456   4.349   34.960    1.348    1290.010   199.929
 1303   4.456   4.349   34.960    1.349    1290.998   200.124
 1304   4.456   4.349   34.960    1.349    1291.986   200.275
 1305   4.453   4.345   34.960    1.350    1292.974   200.430
 1306   4.450   4.343   34.960    1.350    1293.961   200.519
 1307   4.448   4.341   34.961    1.351    1294.949   200.600
 1308   4.447   4.340   34.960    1.351    1295.937   200.560
 1309   4.445   4.338   34.961    1.352    1296.924   200.633
 1310   4.445   4.338   34.961    1.352    1297.912   200.705
 1311   4.445   4.338   34.961    1.353    1298.900   200.825
 1312   4.445   4.337   34.961    1.353    1299.887   200.914
 1313   4.444   4.336   34.961    1.354    1300.875   200.984
 1314   4.443   4.335   34.961    1.354    1301.863   201.031
 1315   4.443   4.335   34.961    1.355    1302.850   201.037
 1316   4.443   4.335   34.961    1.355    1303.838   201.083
 1317   4.443   4.335   34.961    1.356    1304.826   201.180
 1318   4.443   4.335   34.961    1.357    1305.813   201.167
 1319   4.442   4.334   34.961    1.357    1306.801   201.187
 1320   4.442   4.333   34.961    1.358    1307.789   201.153
 1321   4.442   4.333   34.961    1.358    1308.776   201.128
 1322   4.442   4.334   34.961    1.359    1309.764   201.157
 1323   4.443   4.334   34.961    1.359    1310.752   201.208
 1324   4.443   4.334   34.961    1.360    1311.739   201.252
 1325   4.443   4.334   34.961    1.360    1312.727   201.294
 1326   4.442   4.333   34.961    1.361    1313.715   201.303
 1327   4.442   4.333   34.961    1.361    1314.702   201.303
 1328   4.442   4.333   34.961    1.362    1315.690   201.267
 1329   4.443   4.333   34.961    1.362    1316.677   201.245
 1330   4.443   4.333   34.961    1.363    1317.665   201.250
 1331   4.442   4.333   34.961    1.363    1318.653   201.273
 1332   4.443   4.333   34.961    1.364    1319.640   201.283
 1333   4.443   4.333   34.961    1.364    1320.628   201.297
 1334   4.443   4.333   34.961    1.365    1321.615   201.352
 1335   4.443   4.333   34.961    1.365    1322.603   201.350
 1336   4.443   4.333   34.961    1.366    1323.591   201.348
 1337   4.444   4.334   34.961    1.366    1324.578   201.304
 1338   4.443   4.333   34.961    1.367    1325.566   201.234
 1339   4.443   4.333   34.961    1.367    1326.553   201.254
 1340   4.443   4.333   34.961    1.368    1327.541   201.277
 1341   4.444   4.333   34.961    1.368    1328.528   201.299
 1342   4.444   4.333   34.961    1.369    1329.516   201.276
 1343   4.444   4.333   34.961    1.369    1330.503   201.238
 1344   4.444   4.333   34.961    1.370    1331.491   201.220
 1345   4.444   4.333   34.961    1.370    1332.478   201.244
 1346   4.444   4.333   34.961    1.371    1333.466   201.284
 1347   4.444   4.333   34.961    1.371    1334.454   201.334
 1348   4.445   4.334   34.961    1.372    1335.441   201.343
 1349   4.445   4.334   34.961    1.373    1336.429   201.356
 1350   4.444   4.333   34.961    1.373    1337.416   201.305
 1351   4.444   4.333   34.961    1.374    1338.404   201.256
 1352   4.438   4.327   34.961    1.374    1339.391   201.286
 1353   4.437   4.326   34.961    1.375    1340.379   201.279
 1354   4.437   4.326   34.961    1.375    1341.366   201.321
 1355   4.437   4.326   34.961    1.376    1342.354   201.412
 1356   4.438   4.326   34.961    1.376    1343.341   201.494
 1357   4.437   4.325   34.961    1.377    1344.329   201.483
 1358   4.433   4.321   34.961    1.377    1345.316   201.527
 1359   4.431   4.319   34.961    1.378    1346.303   201.547
 1360   4.430   4.318   34.961    1.378    1347.291   201.619
 1361   4.431   4.318   34.961    1.379    1348.278   201.656
 1362   4.431   4.319   34.961    1.379    1349.266   201.715
 1363   4.431   4.319   34.961    1.380    1350.253   201.793
 1364   4.431   4.319   34.961    1.380    1351.241   201.880
 1365   4.431   4.319   34.962    1.381    1352.228   201.894
 1366   4.431   4.319   34.962    1.381    1353.216   201.956
 1367   4.431   4.318   34.961    1.382    1354.203   201.942
 1368   4.431   4.318   34.961    1.382    1355.190   201.926
 1369   4.432   4.319   34.961    1.383    1356.178   201.888
 1370   4.433   4.320   34.961    1.383    1357.165   201.944
 1371   4.432   4.319   34.961    1.384    1358.153   201.917
 1372   4.432   4.319   34.961    1.384    1359.140   201.949
 1373   4.431   4.318   34.962    1.385    1360.128   201.940
 1374   4.432   4.318   34.962    1.385    1361.115   201.974
 1375   4.431   4.318   34.961    1.386    1362.102   202.017
 1376   4.430   4.317   34.962    1.386    1363.090   201.958
 1377   4.430   4.317   34.962    1.387    1364.077   201.951
 1378   4.431   4.317   34.961    1.388    1365.064   201.845
 1379   4.431   4.317   34.961    1.388    1366.052   201.874
 1380   4.431   4.317   34.962    1.389    1367.039   201.911
 1381   4.431   4.317   34.962    1.389    1368.027   201.992
 1382   4.431   4.317   34.962    1.390    1369.014   201.998
 1383   4.431   4.317   34.962    1.390    1370.001   202.033
 1384   4.431   4.317   34.961    1.391    1370.989   202.045
 1385   4.431   4.317   34.962    1.391    1371.976   202.026
 1386   4.431   4.316   34.962    1.392    1372.963   202.012
 1387   4.431   4.316   34.962    1.392    1373.951   201.987
 1388   4.431   4.316   34.962    1.393    1374.938   201.987
 1389   4.431   4.317   34.961    1.393    1375.925   202.002
 1390   4.430   4.315   34.962    1.394    1376.913   202.052
 1391   4.428   4.313   34.962    1.394    1377.900   202.046
 1392   4.428   4.313   34.962    1.395    1378.887   201.995
 1393   4.428   4.313   34.962    1.395    1379.875   202.077
 1394   4.428   4.313   34.962    1.396    1380.862   202.166
 1395   4.428   4.313   34.962    1.396    1381.849   202.283
 1396   4.428   4.312   34.962    1.397    1382.837   202.290
 1397   4.428   4.312   34.962    1.397    1383.824   202.301
 1398   4.428   4.312   34.962    1.398    1384.811   202.306
 1399   4.428   4.313   34.962    1.398    1385.798   202.286
 1400   4.428   4.312   34.962    1.399    1386.786   202.204
 1401   4.427   4.312   34.962    1.399    1387.773   202.207
 1402   4.427   4.311   34.962    1.400    1388.760   202.248
 1403   4.427   4.312   34.962    1.400    1389.747   202.295
 1404   4.426   4.310   34.962    1.401    1390.735   202.333
 1405   4.424   4.308   34.962    1.402    1391.722   202.351
 1406   4.423   4.307   34.962    1.402    1392.709   202.357
 1407   4.423   4.307   34.962    1.403    1393.697   202.383
 1408   4.423   4.306   34.962    1.403    1394.684   202.381
 1409   4.422   4.306   34.962    1.404    1395.671   202.416
 1410   4.421   4.305   34.962    1.404    1396.658   202.487
 1411   4.421   4.304   34.962    1.405    1397.645   202.541
 1412   4.420   4.303   34.962    1.405    1398.633   202.635
 1413   4.419   4.302   34.962    1.406    1399.620   202.636
 1414   4.418   4.302   34.962    1.406    1400.607   202.672
 1415   4.414   4.297   34.962    1.407    1401.594   202.726
 1416   4.411   4.294   34.963    1.407    1402.582   202.787
 1417   4.405   4.288   34.963    1.408    1403.569   202.847
 1418   4.404   4.286   34.963    1.408    1404.556   202.907
 1419   4.402   4.285   34.963    1.409    1405.543   202.961
 1420   4.400   4.283   34.963    1.409    1406.530   203.145
 1421   4.397   4.279   34.963    1.410    1407.517   203.331
 1422   4.397   4.279   34.963    1.410    1408.505   203.432
 1423   4.396   4.279   34.963    1.411    1409.492   203.565
 1424   4.396   4.279   34.963    1.411    1410.479   203.600
 1425   4.396   4.278   34.963    1.412    1411.466   203.622
 1426   4.395   4.278   34.963    1.412    1412.453   203.712
 1427   4.395   4.277   34.963    1.413    1413.440   203.796
 1428   4.395   4.277   34.963    1.413    1414.428   203.797
 1429   4.395   4.277   34.963    1.414    1415.415   203.796
 1430   4.395   4.277   34.963    1.414    1416.402   203.856
 1431   4.394   4.276   34.963    1.415    1417.389   203.887
 1432   4.394   4.276   34.964    1.416    1418.376   203.875
 1433   4.394   4.275   34.964    1.416    1419.363   203.887
 1434   4.394   4.275   34.964    1.417    1420.350   203.891
 1435   4.394   4.275   34.964    1.417    1421.338   203.846
 1436   4.394   4.275   34.964    1.418    1422.325   203.859
 1437   4.393   4.274   34.964    1.418    1423.312   203.894
 1438   4.392   4.273   34.964    1.419    1424.299   203.937
 1439   4.391   4.272   34.964    1.419    1425.286   203.976
 1440   4.391   4.272   34.964    1.420    1426.273   203.988
 1441   4.391   4.272   34.964    1.420    1427.260   204.018
 1442   4.391   4.272   34.964    1.421    1428.247   204.073
 1443   4.391   4.272   34.964    1.421    1429.234   204.091
 1444   4.389   4.270   34.964    1.422    1430.221   204.122
 1445   4.389   4.270   34.964    1.422    1431.208   204.083
 1446   4.389   4.270   34.964    1.423    1432.195   204.135
 1447   4.388   4.268   34.964    1.423    1433.183   204.209
 1448   4.388   4.268   34.964    1.424    1434.170   204.215
 1449   4.388   4.268   34.964    1.424    1435.157   204.188
 1450   4.389   4.269   34.964    1.425    1436.144   204.174
 1451   4.389   4.269   34.964    1.425    1437.131   204.237
 1452   4.389   4.269   34.964    1.426    1438.118   204.185
 1453   4.390   4.269   34.964    1.426    1439.105   204.207
 1454   4.389   4.269   34.964    1.427    1440.092   204.240
 1455   4.389   4.269   34.964    1.427    1441.079   204.217
 1456   4.388   4.267   34.964    1.428    1442.066   204.197
 1457   4.386   4.266   34.964    1.428    1443.053   204.145
 1458   4.385   4.264   34.964    1.429    1444.040   204.105
 1459   4.385   4.264   34.964    1.430    1445.027   204.221
 1460   4.385   4.264   34.964    1.430    1446.014   204.355
 1461   4.385   4.264   34.964    1.431    1447.001   204.364
 1462   4.385   4.264   34.964    1.431    1447.988   204.368
 1463   4.385   4.264   34.964    1.432    1448.975   204.360
 1464   4.385   4.264   34.964    1.432    1449.962   204.429
 1465   4.385   4.264   34.964    1.433    1450.949   204.464
 1466   4.385   4.264   34.964    1.433    1451.936   204.445
 1467   4.385   4.264   34.964    1.434    1452.923   204.459
 1468   4.385   4.264   34.964    1.434    1453.910   204.453
 1469   4.385   4.263   34.964    1.435    1454.897   204.464
 1470   4.385   4.263   34.964    1.435    1455.884   204.479
 1471   4.385   4.263   34.964    1.436    1456.871   204.489
 1472   4.385   4.263   34.964    1.436    1457.858   204.503
 1473   4.385   4.263   34.964    1.437    1458.845   204.520
 1474   4.385   4.263   34.964    1.437    1459.831   204.500
 1475   4.386   4.263   34.964    1.438    1460.818   204.496
 1476   4.386   4.263   34.964    1.438    1461.805   204.496
 1477   4.385   4.263   34.964    1.439    1462.792   204.492
 1478   4.384   4.262   34.964    1.439    1463.779   204.494
 1479   4.387   4.264   34.964    1.440    1464.766   204.516
 1480   4.388   4.265   34.964    1.440    1465.753   204.506
 1481   4.388   4.265   34.964    1.441    1466.740   204.462
 1482   4.389   4.266   34.964    1.441    1467.727   204.365
 1483   4.389   4.266   34.964    1.442    1468.714   204.278
 1484   4.389   4.266   34.964    1.442    1469.701   204.332
 1485   4.389   4.266   34.964    1.443    1470.687   204.345
 1486   4.390   4.267   34.964    1.444    1471.674   204.242
