 station cast   lat    long    jday   mo/da/yr   gmt
 107      1   23.088 -86.273   287    10/14/21  1743 
 
    File created by Jay Hooper - 13-Dec-2021   
            GOMECC4 Cruise Sep 2021 
             NOAA Ship Ronald H Brown
                  
 
     Primary (T,S,O) sensors - Calibrated CTD data   

   pr       te       th       sa       ht       ga       ox
dbars    deg c    deg c      psu  dyn. cm    gamma  umol/kg
    1   29.805   29.804   36.270    0.005    0.994   193.844
    2   29.805   29.804   36.269    0.010    1.987   193.870
    3   29.805   29.804   36.269    0.015    2.981   193.897
    4   29.805   29.804   36.269    0.020    3.975   193.923
    5   29.805   29.803   36.269    0.026    4.968   193.923
    6   29.803   29.801   36.269    0.031    5.962   194.427
    7   29.801   29.799   36.269    0.036    6.956   193.997
    8   29.799   29.798   36.269    0.041    7.949   193.590
    9   29.798   29.796   36.269    0.046    8.943   194.093
   10   29.796   29.794   36.269    0.051    9.937   194.121
   11   29.793   29.790   36.269    0.056    10.930   194.142
   12   29.790   29.787   36.269    0.061    11.924   193.980
   13   29.788   29.785   36.269    0.066    12.918   194.008
   14   29.787   29.784   36.270    0.071    13.911   194.285
   15   29.787   29.783   36.270    0.077    14.905   194.090
   16   29.785   29.781   36.270    0.082    15.899   194.126
   17   29.784   29.780   36.270    0.087    16.892   194.143
   18   29.783   29.779   36.270    0.092    17.886   193.701
   19   29.782   29.777   36.270    0.097    18.879   194.192
   20   29.780   29.775   36.270    0.102    19.873   194.059
   21   29.780   29.775   36.270    0.107    20.867   193.899
   22   29.780   29.775   36.270    0.112    21.860   194.015
   23   29.779   29.774   36.270    0.117    22.854   194.101
   24   29.779   29.773   36.270    0.122    23.847   193.961
   25   29.779   29.773   36.270    0.127    24.841   193.762
   26   29.779   29.773   36.270    0.133    25.835   193.928
   27   29.779   29.773   36.270    0.138    26.828   194.328
   28   29.779   29.772   36.270    0.143    27.822   194.338
   29   29.778   29.771   36.270    0.148    28.815   193.988
   30   29.778   29.771   36.270    0.153    29.809   193.961
   31   29.778   29.770   36.270    0.158    30.802   194.407
   32   29.778   29.770   36.270    0.163    31.796   194.335
   33   29.777   29.769   36.270    0.168    32.789   194.017
   34   29.778   29.769   36.270    0.173    33.783   193.750
   35   29.777   29.768   36.270    0.179    34.777   194.074
   36   29.777   29.768   36.270    0.184    35.770   194.151
   37   29.776   29.767   36.270    0.189    36.764   194.280
   38   29.777   29.767   36.270    0.194    37.757   193.800
   39   29.776   29.767   36.270    0.199    38.751   193.737
   40   29.775   29.765   36.270    0.204    39.744   194.321
   41   29.775   29.765   36.270    0.209    40.738   194.176
   42   29.774   29.764   36.270    0.214    41.731   194.026
   43   29.774   29.763   36.270    0.219    42.725   194.142
   44   29.773   29.762   36.269    0.224    43.718   194.074
   45   29.773   29.762   36.269    0.230    44.712   193.737
   46   29.771   29.759   36.268    0.235    45.705   193.945
   47   29.769   29.757   36.268    0.240    46.699   194.193
   48   29.765   29.753   36.267    0.245    47.692   194.331
   49   29.762   29.750   36.266    0.250    48.685   194.354
   50   29.746   29.734   36.263    0.255    49.679   194.591
   51   29.741   29.728   36.261    0.260    50.672   194.406
   52   29.732   29.719   36.259    0.265    51.666   194.963
   53   29.687   29.674   36.255    0.270    52.659   195.401
   54   29.572   29.559   36.251    0.275    53.653   197.155
   55   29.518   29.505   36.247    0.281    54.646   199.453
   56   29.498   29.484   36.248    0.286    55.640   199.594
   57   29.491   29.477   36.250    0.291    56.633   199.071
   58   29.486   29.472   36.250    0.296    57.626   198.850
   59   29.479   29.465   36.250    0.301    58.620   198.956
   60   29.440   29.426   36.248    0.306    59.613   198.977
   61   29.394   29.379   36.245    0.311    60.607   198.610
   62   29.375   29.360   36.245    0.316    61.600   198.061
   63   29.369   29.353   36.246    0.321    62.593   198.089
   64   29.362   29.347   36.247    0.326    63.587   198.245
   65   29.356   29.340   36.249    0.331    64.580   198.205
   66   29.348   29.332   36.249    0.336    65.574   198.078
   67   29.339   29.323   36.249    0.341    66.567   198.100
   68   29.312   29.295   36.257    0.346    67.560   197.813
   69   29.261   29.244   36.266    0.351    68.554   197.247
   70   29.160   29.143   36.267    0.356    69.547   196.201
   71   29.098   29.081   36.262    0.360    70.541   196.217
   72   29.066   29.049   36.263    0.365    71.534   197.072
   73   29.053   29.035   36.265    0.370    72.527   197.612
   74   29.040   29.022   36.266    0.375    73.521   197.588
   75   28.997   28.979   36.267    0.380    74.514   197.186
   76   28.939   28.920   36.270    0.385    75.507   197.002
   77   28.929   28.910   36.271    0.390    76.501   196.528
   78   28.925   28.906   36.271    0.395    77.494   196.423
   79   28.923   28.904   36.272    0.399    78.487   196.924
   80   28.906   28.887   36.272    0.404    79.481   196.921
   81   28.863   28.844   36.272    0.409    80.474   196.544
   82   28.832   28.812   36.274    0.414    81.467   196.458
   83   28.787   28.767   36.276    0.419    82.460   196.213
   84   28.702   28.682   36.282    0.423    83.454   195.695
   85   28.504   28.484   36.285    0.428    84.447   195.026
   86   28.359   28.338   36.287    0.433    85.440   194.695
   87   28.269   28.248   36.292    0.437    86.434   195.018
   88   28.243   28.222   36.294    0.442    87.427   195.061
   89   28.224   28.203   36.295    0.447    88.420   194.967
   90   28.193   28.171   36.295    0.451    89.413   194.751
   91   28.116   28.094   36.309    0.456    90.407   194.303
   92   28.026   28.004   36.323    0.460    91.400   192.985
   93   27.900   27.878   36.331    0.465    92.393   191.741
   94   27.805   27.783   36.339    0.469    93.386   190.564
   95   27.743   27.721   36.348    0.474    94.380   189.885
   96   27.677   27.654   36.360    0.478    95.373   189.220
   97   27.595   27.572   36.376    0.482    96.366   188.265
   98   27.550   27.527   36.387    0.487    97.359   187.560
   99   27.496   27.473   36.400    0.491    98.353   186.415
  100   27.431   27.407   36.413    0.495    99.346   185.257
  101   27.368   27.344   36.423    0.500    100.339   184.502
  102   27.322   27.298   36.429    0.504    101.332   184.176
  103   27.291   27.267   36.436    0.508    102.325   183.452
  104   27.261   27.237   36.440    0.512    103.319   183.262
  105   27.188   27.163   36.447    0.516    104.312   183.242
  106   27.105   27.080   36.469    0.521    105.305   182.866
  107   27.041   27.017   36.488    0.525    106.298   181.492
  108   27.013   26.988   36.494    0.529    107.291   180.287
  109   26.998   26.973   36.498    0.533    108.285   180.188
  110   26.940   26.915   36.504    0.537    109.278   180.278
  111   26.904   26.879   36.515    0.541    110.271   179.997
  112   26.849   26.823   36.534    0.545    111.264   179.471
  113   26.816   26.790   36.544    0.549    112.257   178.664
  114   26.790   26.764   36.553    0.553    113.250   178.518
  115   26.768   26.742   36.558    0.557    114.244   178.390
  116   26.714   26.687   36.567    0.561    115.237   178.118
  117   26.582   26.556   36.590    0.565    116.230   177.625
  118   26.488   26.461   36.611    0.569    117.223   176.574
  119   26.465   26.438   36.617    0.573    118.216   175.277
  120   26.451   26.423   36.621    0.576    119.209   174.848
  121   26.421   26.393   36.629    0.580    120.202   175.429
  122   26.356   26.328   36.646    0.584    121.195   175.499
  123   26.329   26.301   36.653    0.588    122.189   175.040
  124   26.210   26.182   36.677    0.592    123.182   174.437
  125   26.120   26.092   36.695    0.595    124.175   173.056
  126   26.069   26.041   36.705    0.599    125.168   172.159
  127   26.002   25.973   36.719    0.603    126.161   172.309
  128   25.875   25.847   36.749    0.606    127.154   171.966
  129   25.728   25.699   36.773    0.610    128.147   170.283
  130   25.625   25.596   36.794    0.613    129.140   168.144
  131   25.585   25.556   36.807    0.617    130.133   168.002
  132   25.466   25.437   36.833    0.620    131.126   168.993
  133   25.425   25.396   36.846    0.623    132.119   169.148
  134   25.379   25.349   36.855    0.627    133.112   168.843
  135   25.305   25.275   36.868    0.630    134.106   168.428
  136   25.193   25.163   36.878    0.633    135.099   167.584
  137   25.075   25.045   36.891    0.637    136.092   167.134
  138   25.012   24.982   36.904    0.640    137.085   166.562
  139   24.963   24.933   36.912    0.643    138.078   165.990
  140   24.932   24.902   36.920    0.646    139.071   165.553
  141   24.736   24.706   36.918    0.649    140.064   165.632
  142   24.600   24.569   36.933    0.652    141.057   164.761
  143   24.556   24.526   36.939    0.655    142.050   163.034
  144   24.502   24.471   36.945    0.658    143.043   161.814
  145   24.447   24.416   36.949    0.662    144.036   161.653
  146   24.414   24.382   36.952    0.665    145.029   162.091
  147   24.318   24.286   36.956    0.668    146.022   162.246
  148   24.248   24.216   36.959    0.670    147.015   162.187
  149   24.175   24.143   36.965    0.673    148.008   162.027
  150   24.113   24.081   36.977    0.676    149.001   162.028
  151   24.018   23.986   36.978    0.679    149.994   161.692
  152   23.892   23.860   36.982    0.682    150.987   160.748
  153   23.816   23.784   36.982    0.685    151.980   159.782
  154   23.674   23.642   36.988    0.688    152.973   159.742
  155   23.673   23.641   36.992    0.690    153.966   159.359
  156   23.671   23.639   36.993    0.693    154.959   159.367
  157   23.678   23.645   36.998    0.696    155.951   159.569
  158   23.675   23.641   37.001    0.699    156.944   159.380
  159   23.632   23.599   37.002    0.701    157.937   159.647
  160   23.595   23.562   37.005    0.704    158.930   159.562
  161   23.572   23.538   37.007    0.707    159.923   159.706
  162   23.550   23.516   37.008    0.710    160.916   160.177
  163   23.460   23.426   37.006    0.712    161.909   160.381
  164   23.390   23.356   37.001    0.715    162.902   159.488
  165   23.356   23.322   36.998    0.718    163.895   157.879
  166   23.327   23.292   36.997    0.720    164.888   157.553
  167   23.258   23.223   36.993    0.723    165.881   157.679
  168   23.210   23.175   36.992    0.726    166.874   157.286
  169   23.170   23.135   36.989    0.728    167.866   156.850
  170   23.103   23.068   36.985    0.731    168.859   156.947
  171   23.068   23.032   36.993    0.734    169.852   157.034
  172   22.993   22.958   36.991    0.736    170.845   157.360
  173   22.965   22.930   36.988    0.739    171.838   157.422
  174   22.871   22.836   36.983    0.741    172.831   157.391
  175   22.838   22.802   36.985    0.744    173.824   157.024
  176   22.764   22.727   36.983    0.746    174.817   156.480
  177   22.746   22.710   36.982    0.749    175.809   156.023
  178   22.734   22.698   36.983    0.752    176.802   156.197
  179   22.725   22.688   36.992    0.754    177.795   156.489
  180   22.652   22.615   36.988    0.757    178.788   157.157
  181   22.572   22.535   36.977    0.759    179.781   156.798
  182   22.546   22.509   36.975    0.762    180.774   156.043
  183   22.515   22.478   36.976    0.764    181.766   155.938
  184   22.469   22.432   36.972    0.766    182.759   156.155
  185   22.401   22.364   36.963    0.769    183.752   156.231
  186   22.299   22.261   36.956    0.771    184.745   155.755
  187   22.176   22.139   36.948    0.774    185.738   155.326
  188   22.093   22.055   36.942    0.776    186.730   155.156
  189   22.035   21.997   36.940    0.778    187.723   154.968
  190   22.001   21.963   36.937    0.781    188.716   154.818
  191   21.942   21.904   36.932    0.783    189.709   154.869
  192   21.895   21.856   36.928    0.786    190.702   155.192
  193   21.891   21.852   36.928    0.788    191.694   155.332
  194   21.889   21.850   36.928    0.790    192.687   155.334
  195   21.884   21.845   36.928    0.793    193.680   155.342
  196   21.879   21.840   36.928    0.795    194.673   155.117
  197   21.872   21.833   36.928    0.797    195.665   154.971
  198   21.867   21.828   36.927    0.800    196.658   155.026
  199   21.858   21.819   36.927    0.802    197.651   155.260
  200   21.850   21.811   36.927    0.804    198.644   155.148
  201   21.842   21.802   36.926    0.807    199.636   154.985
  202   21.825   21.785   36.925    0.809    200.629   155.008
  203   21.779   21.739   36.920    0.811    201.622   155.047
  204   21.666   21.625   36.910    0.814    202.615   155.039
  205   21.577   21.537   36.902    0.816    203.607   154.729
  206   21.529   21.489   36.898    0.818    204.600   154.575
  207   21.435   21.394   36.891    0.820    205.593   154.654
  208   21.305   21.264   36.878    0.823    206.585   154.689
  209   21.249   21.208   36.871    0.825    207.578   154.513
  210   21.197   21.156   36.866    0.827    208.571   154.614
  211   21.168   21.127   36.863    0.829    209.563   154.888
  212   21.140   21.098   36.859    0.831    210.556   154.876
  213   21.099   21.057   36.855    0.834    211.549   154.726
  214   21.025   20.984   36.849    0.836    212.541   154.623
  215   20.962   20.920   36.845    0.838    213.534   155.125
  216   20.909   20.868   36.838    0.840    214.527   156.327
  217   20.871   20.829   36.833    0.842    215.519   156.527
  218   20.798   20.756   36.823    0.844    216.512   156.207
  219   20.755   20.713   36.818    0.847    217.505   155.620
  220   20.731   20.689   36.815    0.849    218.497   154.946
  221   20.707   20.665   36.812    0.851    219.490   154.670
  222   20.652   20.609   36.806    0.853    220.483   154.931
  223   20.537   20.495   36.793    0.855    221.475   155.142
  224   20.461   20.419   36.785    0.857    222.468   155.212
  225   20.421   20.378   36.780    0.859    223.461   155.482
  226   20.387   20.344   36.776    0.861    224.453   155.526
  227   20.312   20.269   36.767    0.863    225.446   155.478
  228   20.269   20.226   36.763    0.865    226.438   155.490
  229   20.263   20.220   36.762    0.867    227.431   155.543
  230   20.236   20.193   36.759    0.869    228.424   155.459
  231   20.197   20.154   36.755    0.871    229.416   155.528
  232   20.194   20.150   36.755    0.873    230.409   155.641
  233   20.174   20.131   36.752    0.875    231.401   155.802
  234   20.128   20.084   36.747    0.878    232.394   155.865
  235   20.100   20.056   36.744    0.880    233.387   155.890
  236   20.070   20.026   36.740    0.882    234.379   156.020
  237   19.997   19.953   36.731    0.884    235.372   156.159
  238   19.990   19.946   36.730    0.886    236.364   156.104
  239   19.957   19.913   36.726    0.888    237.357   156.308
  240   19.928   19.883   36.722    0.890    238.349   156.492
  241   19.909   19.865   36.720    0.892    239.342   156.484
  242   19.881   19.836   36.717    0.894    240.334   156.168
  243   19.863   19.818   36.714    0.895    241.327   155.962
  244   19.828   19.783   36.711    0.897    242.319   156.090
  245   19.808   19.762   36.709    0.899    243.312   156.272
  246   19.764   19.719   36.704    0.901    244.304   156.604
  247   19.738   19.693   36.701    0.903    245.297   157.059
  248   19.700   19.654   36.697    0.905    246.290   157.935
  249   19.664   19.618   36.692    0.907    247.282   158.207
  250   19.638   19.591   36.687    0.909    248.275   158.115
  251   19.584   19.538   36.681    0.911    249.267   157.700
  252   19.556   19.509   36.680    0.913    250.260   157.170
  253   19.554   19.507   36.681    0.915    251.252   157.129
  254   19.553   19.507   36.681    0.917    252.244   157.799
  255   19.558   19.511   36.684    0.919    253.237   158.443
  256   19.558   19.511   36.685    0.921    254.229   159.378
  257   19.558   19.511   36.685    0.923    255.222   160.378
  258   19.541   19.494   36.683    0.925    256.214   161.139
  259   19.528   19.480   36.681    0.927    257.207   161.776
  260   19.516   19.468   36.679    0.929    258.199   162.068
  261   19.487   19.439   36.674    0.930    259.192   162.039
  262   19.452   19.404   36.669    0.932    260.184   161.556
  263   19.447   19.399   36.668    0.934    261.177   160.831
  264   19.446   19.398   36.668    0.936    262.169   160.491
  265   19.427   19.379   36.666    0.938    263.161   160.472
  266   19.394   19.345   36.663    0.940    264.154   160.880
  267   19.300   19.251   36.654    0.942    265.146   162.040
  268   19.236   19.188   36.646    0.944    266.139   164.513
  269   19.192   19.143   36.639    0.946    267.131   166.465
  270   19.184   19.135   36.637    0.948    268.124   166.872
  271   19.175   19.126   36.635    0.949    269.116   166.312
  272   19.155   19.106   36.632    0.951    270.108   164.658
  273   19.050   19.000   36.616    0.953    271.101   162.692
  274   18.970   18.921   36.605    0.955    272.093   161.125
  275   18.889   18.840   36.593    0.957    273.085   161.205
  276   18.851   18.801   36.587    0.959    274.078   161.719
  277   18.829   18.780   36.583    0.961    275.070   162.133
  278   18.819   18.769   36.582    0.962    276.063   162.331
  279   18.792   18.742   36.577    0.964    277.055   161.860
  280   18.782   18.732   36.576    0.966    278.047   161.135
  281   18.774   18.724   36.575    0.968    279.040   160.571
  282   18.754   18.704   36.571    0.970    280.032   160.374
  283   18.731   18.681   36.567    0.972    281.024   160.125
  284   18.713   18.662   36.565    0.973    282.017   159.368
  285   18.700   18.649   36.563    0.975    283.009   158.745
  286   18.661   18.610   36.556    0.977    284.001   158.742
  287   18.636   18.585   36.556    0.979    284.994   158.639
  288   18.628   18.577   36.557    0.981    285.986   158.763
  289   18.551   18.500   36.546    0.982    286.978   159.968
  290   18.494   18.443   36.536    0.984    287.971   160.938
  291   18.443   18.392   36.527    0.986    288.963   160.769
  292   18.343   18.292   36.509    0.988    289.955   159.833
  293   18.304   18.252   36.502    0.990    290.948   158.193
  294   18.281   18.229   36.498    0.991    291.940   156.633
  295   18.277   18.225   36.497    0.993    292.932   155.519
  296   18.270   18.218   36.496    0.995    293.924   155.179
  297   18.263   18.211   36.496    0.997    294.917   155.212
  298   18.252   18.200   36.494    0.998    295.909   155.454
  299   18.241   18.189   36.493    1.000    296.901   155.775
  300   18.231   18.178   36.492    1.002    297.893   156.010
  301   18.219   18.167   36.490    1.004    298.886   156.129
  302   18.184   18.131   36.483    1.005    299.878   156.185
  303   18.141   18.088   36.477    1.007    300.870   155.973
  304   18.122   18.069   36.476    1.009    301.862   155.601
  305   18.092   18.038   36.470    1.011    302.855   155.510
  306   18.047   17.994   36.464    1.012    303.847   155.848
  307   18.028   17.975   36.461    1.014    304.839   156.009
  308   18.013   17.960   36.458    1.016    305.831   155.864
  309   17.998   17.944   36.456    1.018    306.824   155.371
  310   17.966   17.912   36.451    1.019    307.816   154.903
  311   17.912   17.858   36.443    1.021    308.808   154.740
  312   17.885   17.831   36.439    1.023    309.800   154.645
  313   17.867   17.813   36.437    1.024    310.792   154.562
  314   17.824   17.770   36.429    1.026    311.785   154.659
  315   17.769   17.714   36.421    1.028    312.777   154.653
  316   17.759   17.705   36.420    1.030    313.769   154.381
  317   17.759   17.705   36.420    1.031    314.761   154.136
  318   17.754   17.699   36.421    1.033    315.753   154.225
  319   17.738   17.683   36.420    1.035    316.746   154.725
  320   17.737   17.682   36.420    1.036    317.738   155.468
  321   17.730   17.675   36.419    1.038    318.730   156.019
  322   17.720   17.665   36.417    1.040    319.722   156.167
  323   17.716   17.661   36.417    1.041    320.714   155.784
  324   17.680   17.625   36.412    1.043    321.706   155.081
  325   17.674   17.618   36.412    1.045    322.698   154.615
  326   17.667   17.611   36.412    1.047    323.691   155.045
  327   17.598   17.542   36.400    1.048    324.683   155.992
  328   17.566   17.510   36.395    1.050    325.675   156.529
  329   17.551   17.495   36.392    1.052    326.667   156.368
  330   17.511   17.454   36.387    1.053    327.659   155.791
  331   17.481   17.424   36.383    1.055    328.651   155.417
  332   17.457   17.401   36.378    1.057    329.643   155.394
  333   17.431   17.375   36.373    1.058    330.635   155.373
  334   17.414   17.357   36.369    1.060    331.628   155.065
  335   17.414   17.357   36.370    1.062    332.620   154.291
  336   17.381   17.324   36.363    1.063    333.612   153.817
  337   17.338   17.281   36.355    1.065    334.604   153.478
  338   17.315   17.258   36.352    1.067    335.596   153.094
  339   17.301   17.243   36.350    1.068    336.588   152.669
  340   17.257   17.199   36.342    1.070    337.580   152.477
  341   17.184   17.127   36.331    1.072    338.572   152.301
  342   17.163   17.106   36.327    1.073    339.564   151.977
  343   17.128   17.070   36.321    1.075    340.556   151.772
  344   17.102   17.044   36.317    1.076    341.548   151.630
  345   17.084   17.026   36.314    1.078    342.540   151.443
  346   17.060   17.002   36.311    1.080    343.532   151.130
  347   17.001   16.943   36.301    1.081    344.524   151.006
  348   16.967   16.908   36.296    1.083    345.516   150.797
  349   16.933   16.875   36.291    1.085    346.508   150.534
  350   16.905   16.847   36.286    1.086    347.500   150.325
  351   16.893   16.834   36.284    1.088    348.492   150.185
  352   16.875   16.817   36.281    1.089    349.484   150.063
  353   16.853   16.795   36.278    1.091    350.476   150.019
  354   16.826   16.767   36.274    1.093    351.469   149.928
  355   16.797   16.739   36.270    1.094    352.461   149.895
  356   16.792   16.733   36.270    1.096    353.452   149.969
  357   16.783   16.724   36.269    1.097    354.444   150.080
  358   16.752   16.692   36.265    1.099    355.436   150.145
  359   16.733   16.674   36.263    1.101    356.428   150.248
  360   16.722   16.662   36.262    1.102    357.420   150.682
  361   16.701   16.642   36.259    1.104    358.412   151.447
  362   16.693   16.633   36.258    1.105    359.404   152.199
  363   16.692   16.632   36.258    1.107    360.396   152.548
  364   16.690   16.630   36.258    1.109    361.388   152.783
  365   16.687   16.627   36.258    1.110    362.380   152.841
  366   16.683   16.622   36.258    1.112    363.372   152.713
  367   16.672   16.611   36.257    1.113    364.364   152.680
  368   16.660   16.599   36.255    1.115    365.356   153.011
  369   16.638   16.577   36.252    1.116    366.348   153.359
  370   16.618   16.557   36.249    1.118    367.340   153.738
  371   16.603   16.542   36.246    1.120    368.332   153.875
  372   16.581   16.519   36.242    1.121    369.324   153.941
  373   16.567   16.506   36.239    1.123    370.316   153.699
  374   16.488   16.427   36.225    1.124    371.308   153.426
  375   16.473   16.412   36.222    1.126    372.299   152.757
  376   16.457   16.395   36.219    1.128    373.291   152.075
  377   16.439   16.377   36.216    1.129    374.283   151.593
  378   16.408   16.347   36.210    1.131    375.275   151.266
  379   16.366   16.304   36.202    1.132    376.267   150.995
  380   16.342   16.281   36.198    1.134    377.259   150.356
  381   16.325   16.263   36.194    1.135    378.251   149.726
  382   16.309   16.247   36.191    1.137    379.243   149.407
  383   16.292   16.230   36.187    1.138    380.235   149.081
  384   16.280   16.217   36.185    1.140    381.226   148.631
  385   16.275   16.213   36.185    1.142    382.218   148.213
  386   16.268   16.205   36.183    1.143    383.210   148.087
  387   16.220   16.157   36.176    1.145    384.202   148.231
  388   16.197   16.134   36.172    1.146    385.194   148.009
  389   16.187   16.124   36.169    1.148    386.186   147.409
  390   16.173   16.110   36.167    1.149    387.177   146.858
  391   16.129   16.066   36.159    1.151    388.169   146.640
  392   16.100   16.037   36.155    1.152    389.161   146.412
  393   16.084   16.021   36.151    1.154    390.153   146.177
  394   16.063   16.000   36.148    1.155    391.145   145.921
  395   16.034   15.971   36.144    1.157    392.137   145.736
  396   16.033   15.970   36.144    1.158    393.128   145.742
  397   16.018   15.954   36.142    1.160    394.120   145.884
  398   16.003   15.939   36.140    1.162    395.112   146.064
  399   16.000   15.936   36.140    1.163    396.104   146.204
  400   15.984   15.920   36.138    1.165    397.096   146.721
  401   15.964   15.900   36.135    1.166    398.087   147.592
  402   15.929   15.864   36.129    1.168    399.079   148.221
  403   15.907   15.843   36.124    1.169    400.071   148.200
  404   15.903   15.838   36.123    1.171    401.063   147.553
  405   15.894   15.830   36.122    1.172    402.054   146.867
  406   15.887   15.822   36.120    1.174    403.046   146.226
  407   15.881   15.816   36.119    1.175    404.038   145.862
  408   15.871   15.806   36.117    1.177    405.030   145.666
  409   15.858   15.793   36.114    1.178    406.021   145.558
  410   15.832   15.767   36.109    1.180    407.013   145.393
  411   15.808   15.742   36.105    1.181    408.005   144.839
  412   15.756   15.691   36.096    1.183    408.997   144.246
  413   15.728   15.663   36.091    1.184    409.988   143.763
  414   15.723   15.658   36.090    1.186    410.980   143.528
  415   15.722   15.656   36.090    1.187    411.972   143.413
  416   15.687   15.621   36.085    1.189    412.963   143.520
  417   15.635   15.569   36.076    1.190    413.955   143.577
  418   15.580   15.515   36.067    1.192    414.947   143.528
  419   15.516   15.450   36.055    1.193    415.939   143.394
  420   15.454   15.388   36.045    1.195    416.930   143.129
  421   15.353   15.288   36.028    1.196    417.922   142.828
  422   15.281   15.215   36.016    1.198    418.914   142.258
  423   15.248   15.182   36.010    1.199    419.905   141.688
  424   15.197   15.131   36.000    1.201    420.897   141.318
  425   15.083   15.018   35.981    1.202    421.889   141.093
  426   15.020   14.955   35.970    1.204    422.880   140.635
  427   14.967   14.901   35.961    1.205    423.872   140.111
  428   14.941   14.876   35.957    1.206    424.864   139.562
  429   14.933   14.867   35.956    1.208    425.855   139.122
  430   14.920   14.854   35.954    1.209    426.847   138.902
  431   14.911   14.845   35.953    1.211    427.838   138.694
  432   14.877   14.811   35.948    1.212    428.830   138.597
  433   14.813   14.747   35.937    1.214    429.822   138.555
  434   14.785   14.718   35.932    1.215    430.813   138.350
  435   14.773   14.707   35.930    1.216    431.805   138.204
  436   14.740   14.673   35.925    1.218    432.797   138.075
  437   14.697   14.630   35.919    1.219    433.788   138.031
  438   14.665   14.599   35.913    1.221    434.780   137.897
  439   14.642   14.575   35.909    1.222    435.771   137.715
  440   14.608   14.542   35.904    1.224    436.763   137.557
  441   14.550   14.483   35.893    1.225    437.755   137.428
  442   14.495   14.428   35.884    1.226    438.746   137.183
  443   14.460   14.393   35.878    1.228    439.738   136.815
  444   14.452   14.385   35.877    1.229    440.729   136.405
  445   14.449   14.383   35.876    1.231    441.721   136.080
  446   14.443   14.376   35.875    1.232    442.712   135.908
  447   14.429   14.362   35.873    1.233    443.704   135.811
  448   14.416   14.349   35.870    1.235    444.696   135.718
  449   14.402   14.335   35.868    1.236    445.687   135.520
  450   14.377   14.309   35.863    1.238    446.679   135.375
  451   14.338   14.271   35.857    1.239    447.670   135.289
  452   14.289   14.222   35.849    1.240    448.662   135.322
  453   14.244   14.177   35.842    1.242    449.653   135.266
  454   14.214   14.147   35.837    1.243    450.645   135.130
  455   14.183   14.116   35.832    1.244    451.636   134.893
  456   14.154   14.086   35.827    1.246    452.628   134.633
  457   14.133   14.066   35.823    1.247    453.619   134.429
  458   14.117   14.049   35.821    1.249    454.611   134.398
  459   14.110   14.042   35.820    1.250    455.602   134.294
  460   14.103   14.035   35.819    1.251    456.594   134.248
  461   14.094   14.026   35.817    1.253    457.585   134.150
  462   14.084   14.016   35.816    1.254    458.577   134.023
  463   14.075   14.006   35.814    1.255    459.568   133.856
  464   14.066   13.998   35.813    1.257    460.560   133.791
  465   14.056   13.988   35.811    1.258    461.551   133.813
  466   14.024   13.956   35.805    1.259    462.543   133.857
  467   13.874   13.806   35.780    1.261    463.534   133.930
  468   13.777   13.709   35.764    1.262    464.526   133.595
  469   13.752   13.684   35.760    1.264    465.517   133.053
  470   13.743   13.675   35.758    1.265    466.509   132.807
  471   13.725   13.656   35.755    1.266    467.500   132.725
  472   13.666   13.598   35.745    1.268    468.491   132.724
  473   13.618   13.550   35.737    1.269    469.483   132.534
  474   13.593   13.524   35.733    1.270    470.474   132.199
  475   13.560   13.492   35.728    1.272    471.466   131.907
  476   13.542   13.474   35.725    1.273    472.457   131.714
  477   13.519   13.451   35.721    1.274    473.449   131.742
  478   13.499   13.431   35.718    1.276    474.440   131.782
  479   13.493   13.424   35.717    1.277    475.431   131.717
  480   13.454   13.385   35.711    1.278    476.423   131.791
  481   13.381   13.312   35.699    1.279    477.414   131.791
  482   13.340   13.272   35.693    1.281    478.406   131.617
  483   13.316   13.248   35.689    1.282    479.397   131.495
  484   13.305   13.236   35.687    1.283    480.388   131.381
  485   13.276   13.207   35.683    1.285    481.380   131.324
  486   13.264   13.195   35.681    1.286    482.371   131.096
  487   13.239   13.170   35.677    1.287    483.363   130.942
  488   13.211   13.142   35.672    1.289    484.354   130.914
  489   13.180   13.110   35.667    1.290    485.345   130.848
  490   13.135   13.066   35.659    1.291    486.337   130.714
  491   13.082   13.013   35.652    1.293    487.328   130.469
  492   13.078   13.009   35.651    1.294    488.319   130.130
  493   13.075   13.006   35.650    1.295    489.311   129.927
  494   13.065   12.996   35.649    1.296    490.302   129.875
  495   13.010   12.941   35.640    1.298    491.293   129.999
  496   12.972   12.903   35.633    1.299    492.285   129.898
  497   12.900   12.830   35.622    1.300    493.276   129.847
  498   12.890   12.821   35.621    1.302    494.267   129.456
  499   12.885   12.815   35.620    1.303    495.259   129.152
  500   12.850   12.780   35.613    1.304    496.250   129.023
  501   12.768   12.699   35.600    1.305    497.241   128.962
  502   12.720   12.651   35.592    1.307    498.233   128.649
  503   12.692   12.622   35.588    1.308    499.224   128.328
  504   12.667   12.598   35.584    1.309    500.215   127.942
  505   12.656   12.587   35.582    1.310    501.206   127.820
  506   12.649   12.579   35.581    1.312    502.198   127.792
  507   12.640   12.571   35.580    1.313    503.189   127.842
  508   12.628   12.558   35.578    1.314    504.180   127.805
  509   12.605   12.535   35.574    1.315    505.171   127.757
  510   12.543   12.473   35.564    1.317    506.163   127.653
  511   12.512   12.442   35.559    1.318    507.154   127.487
  512   12.474   12.404   35.553    1.319    508.145   127.382
  513   12.371   12.302   35.537    1.320    509.136   127.356
  514   12.327   12.258   35.529    1.322    510.128   127.040
  515   12.251   12.181   35.517    1.323    511.119   126.686
  516   12.174   12.105   35.506    1.324    512.110   126.371
  517   12.146   12.077   35.501    1.325    513.101   126.027
  518   12.136   12.067   35.499    1.327    514.093   125.777
  519   12.119   12.049   35.496    1.328    515.084   125.678
  520   12.078   12.008   35.491    1.329    516.075   125.578
  521   12.062   11.992   35.489    1.330    517.066   125.453
  522   12.051   11.981   35.487    1.331    518.057   125.381
  523   12.047   11.978   35.486    1.333    519.049   125.341
  524   12.043   11.973   35.486    1.334    520.040   125.357
  525   12.031   11.961   35.484    1.335    521.031   125.304
  526   12.022   11.952   35.483    1.336    522.022   125.316
  527   12.015   11.945   35.482    1.338    523.013   125.289
  528   11.995   11.925   35.479    1.339    524.005   125.371
  529   11.980   11.910   35.477    1.340    524.996   125.350
  530   11.954   11.884   35.474    1.341    525.987   125.251
  531   11.946   11.875   35.472    1.342    526.978   125.186
  532   11.940   11.870   35.472    1.344    527.969   125.204
  533   11.927   11.856   35.470    1.345    528.960   125.236
  534   11.922   11.851   35.469    1.346    529.952   125.133
  535   11.892   11.821   35.465    1.347    530.943   125.168
  536   11.872   11.802   35.463    1.348    531.934   125.153
  537   11.867   11.796   35.461    1.350    532.925   125.175
  538   11.859   11.788   35.460    1.351    533.916   125.222
  539   11.833   11.762   35.455    1.352    534.907   125.288
  540   11.777   11.706   35.446    1.353    535.898   125.288
  541   11.763   11.692   35.444    1.354    536.889   125.113
  542   11.756   11.685   35.442    1.356    537.881   124.872
  543   11.752   11.681   35.442    1.357    538.872   124.610
  544   11.749   11.677   35.441    1.358    539.863   124.422
  545   11.747   11.676   35.441    1.359    540.854   124.362
  546   11.746   11.674   35.441    1.360    541.845   124.336
  547   11.742   11.671   35.440    1.362    542.836   124.344
  548   11.737   11.665   35.439    1.363    543.827   124.359
  549   11.734   11.662   35.439    1.364    544.818   124.303
  550   11.725   11.653   35.438    1.365    545.809   124.338
  551   11.707   11.635   35.436    1.366    546.800   124.335
  552   11.697   11.625   35.435    1.368    547.791   124.363
  553   11.675   11.603   35.432    1.369    548.782   124.465
  554   11.660   11.588   35.430    1.370    549.774   124.654
  555   11.651   11.578   35.428    1.371    550.765   124.793
  556   11.647   11.574   35.428    1.372    551.756   124.792
  557   11.630   11.558   35.425    1.374    552.747   124.761
  558   11.604   11.532   35.421    1.375    553.738   124.670
  559   11.596   11.523   35.419    1.376    554.729   124.585
  560   11.580   11.507   35.417    1.377    555.720   124.571
  561   11.552   11.479   35.413    1.378    556.711   124.592
  562   11.526   11.453   35.409    1.380    557.702   124.582
  563   11.499   11.426   35.405    1.381    558.693   124.526
  564   11.435   11.362   35.395    1.382    559.684   124.385
  565   11.387   11.315   35.387    1.383    560.675   124.248
  566   11.349   11.276   35.382    1.384    561.666   124.154
  567   11.342   11.269   35.380    1.386    562.657   123.998
  568   11.317   11.245   35.377    1.387    563.648   123.871
  569   11.288   11.215   35.373    1.388    564.639   123.788
  570   11.246   11.173   35.366    1.389    565.630   123.774
  571   11.230   11.157   35.364    1.390    566.621   123.686
  572   11.220   11.147   35.363    1.391    567.612   123.603
  573   11.204   11.132   35.360    1.393    568.603   123.518
  574   11.191   11.118   35.358    1.394    569.594   123.419
  575   11.183   11.110   35.357    1.395    570.585   123.319
  576   11.182   11.109   35.357    1.396    571.575   123.277
  577   11.178   11.105   35.357    1.397    572.566   123.280
  578   11.174   11.101   35.357    1.398    573.557   123.232
  579   11.171   11.097   35.356    1.400    574.548   123.225
  580   11.161   11.088   35.355    1.401    575.539   123.272
  581   11.153   11.080   35.354    1.402    576.530   123.226
  582   11.150   11.076   35.353    1.403    577.521   123.212
  583   11.149   11.075   35.353    1.404    578.512   123.222
  584   11.148   11.074   35.353    1.405    579.503   123.245
  585   11.130   11.056   35.350    1.406    580.494   123.271
  586   11.048   10.974   35.338    1.408    581.485   123.382
  587   10.959   10.885   35.326    1.409    582.476   123.276
  588   10.903   10.829   35.317    1.410    583.466   123.155
  589   10.857   10.784   35.311    1.411    584.457   123.078
  590   10.844   10.771   35.308    1.412    585.448   122.942
  591   10.832   10.759   35.307    1.413    586.439   122.837
  592   10.799   10.725   35.302    1.414    587.430   122.768
  593   10.758   10.685   35.296    1.416    588.421   122.702
  594   10.716   10.642   35.290    1.417    589.412   122.578
  595   10.678   10.604   35.284    1.418    590.403   122.364
  596   10.660   10.586   35.282    1.419    591.393   122.246
  597   10.653   10.579   35.281    1.420    592.384   122.104
  598   10.649   10.575   35.280    1.421    593.375   122.086
  599   10.648   10.574   35.280    1.422    594.366   122.023
  600   10.646   10.572   35.280    1.424    595.357   122.050
  601   10.645   10.570   35.280    1.425    596.348   122.024
  602   10.640   10.566   35.280    1.426    597.338   121.978
  603   10.633   10.558   35.279    1.427    598.329   121.937
  604   10.620   10.546   35.277    1.428    599.320   121.967
  605   10.603   10.528   35.274    1.429    600.311   121.995
  606   10.560   10.486   35.268    1.430    601.302   122.049
  607   10.491   10.417   35.258    1.431    602.293   122.090
  608   10.469   10.394   35.254    1.433    603.283   121.860
  609   10.449   10.375   35.251    1.434    604.274   121.681
  610   10.437   10.363   35.250    1.435    605.265   121.656
  611   10.433   10.358   35.249    1.436    606.256   121.645
  612   10.432   10.358   35.249    1.437    607.246   121.645
  613   10.424   10.349   35.249    1.438    608.237   121.643
  614   10.410   10.335   35.247    1.439    609.228   121.656
  615   10.390   10.315   35.244    1.440    610.219   121.615
  616   10.381   10.306   35.242    1.441    611.209   121.518
  617   10.376   10.301   35.242    1.443    612.200   121.436
  618   10.373   10.298   35.241    1.444    613.191   121.426
  619   10.362   10.287   35.240    1.445    614.182   121.419
  620   10.355   10.279   35.239    1.446    615.172   121.314
  621   10.344   10.269   35.237    1.447    616.163   121.245
  622   10.324   10.248   35.234    1.448    617.154   121.265
  623   10.298   10.223   35.230    1.449    618.145   121.272
  624   10.277   10.202   35.227    1.450    619.135   121.153
  625   10.258   10.183   35.224    1.451    620.126   121.004
  626   10.247   10.172   35.222    1.453    621.117   120.964
  627   10.239   10.163   35.221    1.454    622.108   120.986
  628   10.225   10.149   35.219    1.455    623.098   120.950
  629   10.215   10.139   35.218    1.456    624.089   120.877
  630   10.206   10.130   35.216    1.457    625.080   120.816
  631   10.174   10.098   35.212    1.458    626.070   120.836
  632   10.131   10.056   35.207    1.459    627.061   120.842
  633   10.096   10.020   35.203    1.460    628.052   120.845
  634   10.075   9.999   35.200    1.461    629.042   120.696
  635   10.022   9.946   35.193    1.462    630.033   120.508
  636   9.964   9.888   35.183    1.464    631.024   120.274
  637   9.941   9.865   35.179    1.465    632.014   120.185
  638   9.930   9.855   35.177    1.466    633.005   120.288
  639   9.917   9.842   35.174    1.467    633.996   120.523
  640   9.838   9.763   35.163    1.468    634.986   120.786
  641   9.769   9.694   35.154    1.469    635.977   120.739
  642   9.735   9.660   35.149    1.470    636.968   120.653
  643   9.714   9.639   35.148    1.471    637.958   120.666
  644   9.699   9.624   35.149    1.472    638.949   120.762
  645   9.696   9.621   35.151    1.473    639.939   120.744
  646   9.694   9.619   35.154    1.474    640.930   120.692
  647   9.691   9.615   35.156    1.475    641.921   120.674
  648   9.685   9.610   35.157    1.476    642.911   120.629
  649   9.687   9.611   35.158    1.478    643.902   120.572
  650   9.689   9.614   35.160    1.479    644.892   120.497
  651   9.690   9.614   35.160    1.480    645.883   120.507
  652   9.688   9.612   35.162    1.481    646.874   120.525
  653   9.687   9.610   35.162    1.482    647.864   120.517
  654   9.685   9.608   35.162    1.483    648.855   120.484
  655   9.677   9.600   35.163    1.484    649.845   120.495
  656   9.667   9.591   35.162    1.485    650.836   120.466
  657   9.668   9.591   35.162    1.486    651.827   120.411
  658   9.659   9.582   35.161    1.487    652.817   120.421
  659   9.611   9.534   35.154    1.488    653.808   120.487
  660   9.569   9.492   35.148    1.489    654.798   120.415
  661   9.545   9.468   35.144    1.490    655.789   120.323
  662   9.529   9.452   35.142    1.491    656.779   120.293
  663   9.497   9.421   35.138    1.492    657.770   120.363
  664   9.463   9.387   35.134    1.493    658.760   120.417
  665   9.439   9.363   35.130    1.494    659.751   120.417
  666   9.380   9.304   35.122    1.495    660.741   120.509
  667   9.310   9.234   35.112    1.496    661.732   120.528
  668   9.270   9.194   35.106    1.497    662.722   120.492
  669   9.260   9.184   35.105    1.499    663.713   120.427
  670   9.242   9.166   35.103    1.500    664.703   120.550
  671   9.225   9.149   35.101    1.501    665.694   120.600
  672   9.200   9.124   35.097    1.502    666.684   120.640
  673   9.160   9.084   35.094    1.503    667.675   120.652
  674   9.146   9.070   35.093    1.504    668.665   120.563
  675   9.115   9.039   35.089    1.505    669.656   120.636
  676   9.084   9.008   35.084    1.506    670.646   120.687
  677   9.038   8.963   35.076    1.507    671.637   120.736
  678   9.008   8.932   35.073    1.508    672.627   120.840
  679   8.999   8.923   35.072    1.509    673.618   120.900
  680   8.988   8.912   35.071    1.510    674.608   121.023
  681   8.991   8.915   35.072    1.511    675.599   121.066
  682   8.991   8.915   35.074    1.512    676.589   121.092
  683   8.987   8.910   35.074    1.513    677.580   121.142
  684   8.990   8.913   35.076    1.514    678.570   121.152
  685   8.982   8.905   35.076    1.515    679.560   121.147
  686   8.973   8.896   35.075    1.516    680.551   121.179
  687   8.965   8.888   35.073    1.517    681.541   121.208
  688   8.953   8.876   35.072    1.518    682.532   121.289
  689   8.924   8.847   35.068    1.519    683.522   121.335
  690   8.891   8.814   35.064    1.520    684.512   121.322
  691   8.856   8.780   35.058    1.521    685.503   121.402
  692   8.788   8.711   35.046    1.522    686.493   121.507
  693   8.724   8.647   35.037    1.523    687.484   121.584
  694   8.663   8.587   35.027    1.524    688.474   121.625
  695   8.619   8.543   35.020    1.525    689.464   121.698
  696   8.599   8.523   35.016    1.526    690.455   121.708
  697   8.583   8.508   35.014    1.527    691.445   121.811
  698   8.561   8.485   35.010    1.528    692.436   121.810
  699   8.553   8.478   35.009    1.529    693.426   121.837
  700   8.519   8.443   35.004    1.530    694.416   121.942
  701   8.444   8.368   34.993    1.531    695.407   122.046
  702   8.416   8.341   34.989    1.532    696.397   122.135
  703   8.405   8.329   34.988    1.533    697.387   122.269
  704   8.396   8.320   34.988    1.534    698.378   122.521
  705   8.390   8.314   34.988    1.535    699.368   122.603
  706   8.385   8.309   34.989    1.536    700.358   122.594
  707   8.366   8.290   34.987    1.537    701.349   122.581
  708   8.342   8.267   34.986    1.538    702.339   122.557
  709   8.325   8.249   34.984    1.539    703.329   122.614
  710   8.314   8.239   34.983    1.540    704.320   122.607
  711   8.304   8.228   34.981    1.541    705.310   122.697
  712   8.296   8.220   34.980    1.542    706.300   122.736
  713   8.290   8.214   34.980    1.543    707.291   122.779
  714   8.290   8.213   34.980    1.544    708.281   122.807
  715   8.291   8.215   34.982    1.545    709.271   122.836
  716   8.287   8.210   34.982    1.545    710.261   122.873
  717   8.269   8.193   34.980    1.546    711.252   122.827
  718   8.246   8.170   34.977    1.547    712.242   122.795
  719   8.239   8.162   34.976    1.548    713.232   122.808
  720   8.226   8.150   34.974    1.549    714.223   122.899
  721   8.189   8.113   34.969    1.550    715.213   123.015
  722   8.161   8.085   34.966    1.551    716.203   123.097
  723   8.143   8.067   34.964    1.552    717.193   123.228
  724   8.130   8.054   34.963    1.553    718.184   123.371
  725   8.127   8.051   34.963    1.554    719.174   123.441
  726   8.125   8.048   34.963    1.555    720.164   123.558
  727   8.122   8.045   34.964    1.556    721.154   123.633
  728   8.116   8.040   34.964    1.557    722.144   123.694
  729   8.112   8.035   34.965    1.558    723.135   123.715
  730   8.104   8.027   34.967    1.559    724.125   123.725
  731   8.102   8.025   34.968    1.560    725.115   123.645
  732   8.105   8.028   34.969    1.561    726.105   123.535
  733   8.108   8.030   34.971    1.562    727.096   123.469
  734   8.117   8.040   34.976    1.563    728.086   123.389
  735   8.094   8.016   34.973    1.564    729.076   123.371
  736   8.038   7.961   34.965    1.565    730.066   123.310
  737   8.004   7.926   34.961    1.566    731.056   123.260
  738   8.017   7.939   34.966    1.567    732.047   123.269
  739   7.997   7.920   34.964    1.568    733.037   123.571
  740   7.976   7.899   34.962    1.569    734.027   123.783
  741   7.951   7.874   34.959    1.569    735.017   123.886
  742   7.929   7.851   34.957    1.570    736.007   123.960
  743   7.916   7.839   34.958    1.571    736.997   124.005
  744   7.929   7.851   34.963    1.572    737.988   124.027
  745   7.929   7.852   34.964    1.573    738.978   124.118
  746   7.924   7.847   34.964    1.574    739.968   124.228
  747   7.904   7.826   34.962    1.575    740.958   124.265
  748   7.888   7.811   34.961    1.576    741.948   124.307
  749   7.869   7.791   34.960    1.577    742.938   124.435
  750   7.876   7.798   34.963    1.578    743.928   124.485
  751   7.889   7.811   34.969    1.579    744.918   124.735
  752   7.876   7.798   34.969    1.580    745.909   125.159
  753   7.856   7.778   34.967    1.581    746.899   125.567
  754   7.839   7.761   34.965    1.582    747.889   125.836
  755   7.795   7.717   34.960    1.582    748.879   126.046
  756   7.768   7.690   34.958    1.583    749.869   126.010
  757   7.753   7.675   34.957    1.584    750.859   125.913
  758   7.745   7.667   34.957    1.585    751.849   125.972
  759   7.737   7.659   34.956    1.586    752.839   126.081
  760   7.737   7.658   34.957    1.587    753.829   126.209
  761   7.729   7.651   34.956    1.588    754.819   126.355
  762   7.716   7.638   34.955    1.589    755.809   126.410
  763   7.698   7.620   34.953    1.590    756.800   126.385
  764   7.648   7.570   34.950    1.591    757.790   126.364
  765   7.619   7.541   34.948    1.592    758.780   126.366
  766   7.605   7.527   34.948    1.592    759.770   126.519
  767   7.576   7.498   34.945    1.593    760.760   126.870
  768   7.542   7.464   34.941    1.594    761.750   127.299
  769   7.474   7.396   34.934    1.595    762.740   127.648
  770   7.442   7.364   34.929    1.596    763.730   127.611
  771   7.414   7.337   34.927    1.597    764.720   127.477
  772   7.399   7.321   34.926    1.598    765.710   127.400
  773   7.388   7.310   34.925    1.599    766.700   127.427
  774   7.374   7.296   34.925    1.600    767.690   127.508
  775   7.363   7.285   34.924    1.601    768.680   127.651
  776   7.356   7.279   34.924    1.601    769.670   127.745
  777   7.354   7.276   34.924    1.602    770.660   127.839
  778   7.349   7.271   34.924    1.603    771.650   127.901
  779   7.348   7.270   34.924    1.604    772.640   127.930
  780   7.347   7.269   34.924    1.605    773.630   128.020
  781   7.345   7.266   34.924    1.606    774.620   128.058
  782   7.339   7.261   34.924    1.607    775.610   128.114
  783   7.328   7.249   34.923    1.608    776.600   128.099
  784   7.290   7.212   34.921    1.608    777.590   128.108
  785   7.276   7.198   34.920    1.609    778.580   128.092
  786   7.273   7.194   34.920    1.610    779.570   128.275
  787   7.272   7.194   34.920    1.611    780.560   128.542
  788   7.266   7.188   34.920    1.612    781.550   128.822
  789   7.261   7.183   34.920    1.613    782.540   128.922
  790   7.255   7.176   34.920    1.614    783.529   128.981
  791   7.250   7.171   34.920    1.615    784.519   129.009
  792   7.240   7.161   34.919    1.615    785.509   129.048
  793   7.228   7.149   34.919    1.616    786.499   129.149
  794   7.221   7.143   34.918    1.617    787.489   129.228
  795   7.205   7.126   34.918    1.618    788.479   129.335
  796   7.186   7.108   34.917    1.619    789.469   129.447
  797   7.154   7.076   34.916    1.620    790.459   129.571
  798   7.120   7.041   34.914    1.621    791.449   129.731
  799   7.107   7.029   34.914    1.621    792.439   129.937
  800   7.103   7.025   34.914    1.622    793.429   130.291
  801   7.102   7.023   34.914    1.623    794.418   130.576
  802   7.101   7.023   34.914    1.624    795.408   130.746
  803   7.101   7.022   34.914    1.625    796.398   130.884
  804   7.099   7.020   34.914    1.626    797.388   130.935
  805   7.088   7.008   34.913    1.627    798.378   130.903
  806   7.079   7.000   34.913    1.627    799.368   130.918
  807   7.070   6.991   34.913    1.628    800.358   130.960
  808   7.037   6.958   34.912    1.629    801.348   131.154
  809   6.983   6.904   34.910    1.630    802.337   131.331
  810   6.974   6.895   34.910    1.631    803.327   131.492
  811   6.963   6.884   34.909    1.632    804.317   131.771
  812   6.952   6.873   34.909    1.633    805.307   132.152
  813   6.948   6.869   34.909    1.633    806.297   132.461
  814   6.939   6.860   34.909    1.634    807.287   132.772
  815   6.916   6.837   34.909    1.635    808.276   132.996
  816   6.900   6.820   34.908    1.636    809.266   133.153
  817   6.898   6.819   34.908    1.637    810.256   133.298
  818   6.888   6.809   34.908    1.638    811.246   133.450
  819   6.881   6.802   34.908    1.638    812.236   133.636
  820   6.874   6.795   34.908    1.639    813.225   133.716
  821   6.867   6.787   34.908    1.640    814.215   133.832
  822   6.862   6.782   34.908    1.641    815.205   133.880
  823   6.860   6.780   34.908    1.642    816.195   134.014
  824   6.854   6.774   34.908    1.642    817.185   134.110
  825   6.823   6.744   34.906    1.643    818.174   134.217
  826   6.798   6.719   34.904    1.644    819.164   134.382
  827   6.782   6.703   34.902    1.645    820.154   134.648
  828   6.756   6.676   34.900    1.646    821.144   135.165
  829   6.745   6.666   34.899    1.647    822.133   135.551
  830   6.740   6.661   34.899    1.647    823.123   135.956
  831   6.730   6.650   34.899    1.648    824.113   136.405
  832   6.722   6.642   34.900    1.649    825.103   136.819
  833   6.701   6.621   34.898    1.650    826.092   137.096
  834   6.693   6.614   34.898    1.651    827.082   137.279
  835   6.688   6.608   34.897    1.651    828.072   137.561
  836   6.684   6.604   34.897    1.652    829.061   137.797
  837   6.677   6.597   34.897    1.653    830.051   138.052
  838   6.674   6.594   34.897    1.654    831.041   138.287
  839   6.667   6.587   34.897    1.655    832.031   138.428
  840   6.657   6.577   34.898    1.656    833.020   138.530
  841   6.650   6.570   34.898    1.656    834.010   138.588
  842   6.642   6.562   34.898    1.657    835.000   138.659
  843   6.632   6.552   34.898    1.658    835.989   138.752
  844   6.619   6.539   34.899    1.659    836.979   138.947
  845   6.597   6.516   34.900    1.660    837.969   139.044
  846   6.592   6.512   34.900    1.660    838.958   139.084
  847   6.590   6.510   34.900    1.661    839.948   139.074
  848   6.585   6.504   34.901    1.662    840.938   139.155
  849   6.571   6.491   34.901    1.663    841.927   139.142
  850   6.568   6.487   34.901    1.664    842.917   139.104
  851   6.568   6.487   34.901    1.664    843.907   139.132
  852   6.553   6.473   34.901    1.665    844.896   139.272
  853   6.524   6.443   34.901    1.666    845.886   139.380
  854   6.521   6.440   34.901    1.667    846.876   139.455
  855   6.514   6.433   34.901    1.667    847.865   139.610
  856   6.509   6.428   34.901    1.668    848.855   139.796
  857   6.507   6.426   34.901    1.669    849.844   139.989
  858   6.506   6.425   34.901    1.670    850.834   140.168
  859   6.499   6.418   34.901    1.671    851.824   140.218
  860   6.473   6.392   34.901    1.671    852.813   140.283
  861   6.459   6.378   34.901    1.672    853.803   140.299
  862   6.455   6.374   34.901    1.673    854.793   140.392
  863   6.453   6.371   34.901    1.674    855.782   140.649
  864   6.449   6.368   34.901    1.675    856.772   140.942
  865   6.443   6.362   34.901    1.675    857.761   141.123
  866   6.437   6.355   34.901    1.676    858.751   141.193
  867   6.429   6.348   34.901    1.677    859.740   141.278
  868   6.420   6.339   34.901    1.678    860.730   141.347
  869   6.417   6.336   34.901    1.678    861.720   141.421
  870   6.415   6.334   34.901    1.679    862.709   141.511
  871   6.413   6.331   34.901    1.680    863.699   141.609
  872   6.412   6.331   34.901    1.681    864.688   141.672
  873   6.412   6.330   34.901    1.682    865.678   141.752
  874   6.409   6.327   34.901    1.682    866.667   141.811
  875   6.407   6.325   34.901    1.683    867.657   141.814
  876   6.405   6.323   34.901    1.684    868.646   141.778
  877   6.404   6.322   34.901    1.685    869.636   141.781
  878   6.403   6.321   34.902    1.685    870.625   141.813
  879   6.401   6.318   34.902    1.686    871.615   141.863
  880   6.391   6.308   34.903    1.687    872.604   141.978
  881   6.380   6.298   34.904    1.688    873.594   142.155
  882   6.364   6.282   34.905    1.688    874.583   142.402
  883   6.356   6.274   34.904    1.689    875.573   142.656
  884   6.346   6.264   34.904    1.690    876.562   143.010
  885   6.341   6.258   34.904    1.691    877.552   143.330
  886   6.331   6.248   34.904    1.692    878.541   143.663
  887   6.325   6.242   34.904    1.692    879.531   143.853
  888   6.317   6.234   34.903    1.693    880.520   143.947
  889   6.310   6.228   34.903    1.694    881.510   144.032
  890   6.303   6.221   34.903    1.695    882.499   144.055
  891   6.291   6.208   34.904    1.695    883.489   144.220
  892   6.279   6.196   34.904    1.696    884.478   144.354
  893   6.260   6.178   34.904    1.697    885.468   144.567
  894   6.225   6.143   34.904    1.698    886.457   144.819
  895   6.219   6.136   34.904    1.698    887.447   144.996
  896   6.214   6.131   34.904    1.699    888.436   145.423
  897   6.212   6.129   34.905    1.700    889.425   145.821
  898   6.210   6.127   34.905    1.701    890.415   146.154
  899   6.209   6.126   34.905    1.701    891.404   146.249
  900   6.207   6.124   34.905    1.702    892.394   146.326
  901   6.206   6.123   34.905    1.703    893.383   146.335
  902   6.205   6.122   34.905    1.704    894.373   146.330
  903   6.203   6.120   34.905    1.704    895.362   146.398
  904   6.199   6.115   34.905    1.705    896.351   146.464
  905   6.188   6.105   34.905    1.706    897.341   146.515
  906   6.183   6.099   34.905    1.707    898.330   146.520
  907   6.180   6.097   34.905    1.707    899.320   146.626
  908   6.178   6.095   34.905    1.708    900.309   146.748
  909   6.164   6.080   34.906    1.709    901.298   146.880
  910   6.143   6.060   34.906    1.710    902.288   146.981
  911   6.138   6.055   34.906    1.710    903.277   147.123
  912   6.134   6.050   34.906    1.711    904.266   147.305
  913   6.128   6.045   34.906    1.712    905.256   147.597
  914   6.123   6.039   34.906    1.713    906.245   147.856
  915   6.120   6.036   34.906    1.713    907.234   148.031
  916   6.114   6.030   34.906    1.714    908.224   148.178
  917   6.109   6.025   34.906    1.715    909.213   148.286
  918   6.098   6.014   34.906    1.715    910.202   148.376
  919   6.093   6.009   34.906    1.716    911.192   148.438
  920   6.087   6.003   34.906    1.717    912.181   148.552
  921   6.078   5.993   34.906    1.718    913.170   148.707
  922   6.072   5.987   34.906    1.718    914.160   148.762
  923   6.071   5.986   34.906    1.719    915.149   148.895
  924   6.069   5.984   34.906    1.720    916.138   149.004
  925   6.060   5.976   34.906    1.721    917.128   149.122
  926   6.053   5.968   34.906    1.721    918.117   149.182
  927   6.030   5.946   34.907    1.722    919.106   149.219
  928   6.023   5.939   34.907    1.723    920.096   149.393
  929   6.021   5.937   34.907    1.723    921.085   149.682
  930   6.020   5.935   34.907    1.724    922.074   149.995
  931   6.019   5.934   34.907    1.725    923.063   150.183
  932   6.018   5.933   34.907    1.726    924.053   150.278
  933   6.008   5.923   34.907    1.726    925.042   150.382
  934   5.995   5.910   34.908    1.727    926.031   150.391
  935   5.993   5.908   34.908    1.728    927.020   150.476
  936   5.993   5.908   34.908    1.729    928.010   150.595
  937   5.987   5.902   34.908    1.729    928.999   150.812
  938   5.974   5.889   34.908    1.730    929.988   150.990
  939   5.966   5.881   34.908    1.731    930.977   151.071
  940   5.961   5.875   34.908    1.731    931.967   151.214
  941   5.956   5.871   34.908    1.732    932.956   151.477
  942   5.953   5.868   34.908    1.733    933.945   151.641
  943   5.951   5.866   34.909    1.734    934.934   151.788
  944   5.942   5.857   34.909    1.734    935.924   151.977
  945   5.930   5.844   34.909    1.735    936.913   152.053
  946   5.918   5.833   34.909    1.736    937.902   152.211
  947   5.901   5.815   34.909    1.736    938.891   152.349
  948   5.890   5.804   34.909    1.737    939.880   152.434
  949   5.883   5.797   34.909    1.738    940.870   152.636
  950   5.882   5.797   34.909    1.738    941.859   153.007
  951   5.883   5.797   34.909    1.739    942.848   153.373
  952   5.883   5.797   34.910    1.740    943.837   153.490
  953   5.880   5.794   34.909    1.741    944.826   153.537
  954   5.880   5.794   34.910    1.741    945.815   153.620
  955   5.876   5.790   34.910    1.742    946.805   153.699
  956   5.870   5.784   34.910    1.743    947.794   153.691
  957   5.857   5.771   34.910    1.743    948.783   153.746
  958   5.850   5.764   34.910    1.744    949.772   153.789
  959   5.848   5.761   34.910    1.745    950.761   153.953
  960   5.845   5.758   34.910    1.746    951.750   154.047
  961   5.842   5.755   34.910    1.746    952.739   154.165
  962   5.837   5.750   34.911    1.747    953.729   154.313
  963   5.827   5.740   34.911    1.748    954.718   154.408
  964   5.826   5.739   34.911    1.748    955.707   154.481
  965   5.826   5.740   34.911    1.749    956.696   154.611
  966   5.826   5.740   34.911    1.750    957.685   154.763
  967   5.826   5.739   34.911    1.750    958.674   154.851
  968   5.826   5.739   34.911    1.751    959.663   154.879
  969   5.826   5.739   34.911    1.752    960.652   154.879
  970   5.824   5.737   34.911    1.753    961.641   154.959
  971   5.823   5.736   34.911    1.753    962.630   155.002
  972   5.821   5.733   34.911    1.754    963.620   154.948
  973   5.816   5.729   34.911    1.755    964.609   154.940
  974   5.814   5.727   34.911    1.755    965.598   154.985
  975   5.801   5.713   34.912    1.756    966.587   155.175
  976   5.788   5.701   34.912    1.757    967.576   155.285
  977   5.774   5.687   34.912    1.757    968.565   155.494
  978   5.769   5.681   34.912    1.758    969.554   155.712
  979   5.762   5.674   34.913    1.759    970.543   155.954
  980   5.752   5.664   34.913    1.759    971.532   156.172
  981   5.745   5.658   34.913    1.760    972.521   156.387
  982   5.742   5.654   34.913    1.761    973.510   156.772
  983   5.729   5.641   34.914    1.762    974.499   157.267
  984   5.715   5.627   34.914    1.762    975.488   157.576
  985   5.712   5.624   34.914    1.763    976.477   157.782
  986   5.708   5.620   34.914    1.764    977.466   158.007
  987   5.704   5.616   34.915    1.764    978.455   158.303
  988   5.701   5.613   34.915    1.765    979.444   158.574
  989   5.698   5.610   34.915    1.766    980.433   158.749
  990   5.694   5.606   34.915    1.766    981.422   158.775
  991   5.689   5.601   34.915    1.767    982.411   158.867
  992   5.684   5.595   34.915    1.768    983.400   158.943
  993   5.677   5.588   34.916    1.768    984.389   159.055
  994   5.667   5.579   34.916    1.769    985.378   159.291
  995   5.659   5.571   34.916    1.770    986.367   159.494
  996   5.649   5.560   34.916    1.770    987.356   159.644
  997   5.645   5.557   34.916    1.771    988.345   159.737
  998   5.640   5.552   34.916    1.772    989.334   159.828
  999   5.631   5.543   34.916    1.772    990.323   160.059
 1000   5.625   5.536   34.917    1.773    991.312   160.171
 1001   5.616   5.528   34.917    1.774    992.301   160.349
 1002   5.592   5.503   34.918    1.774    993.290   160.432
 1003   5.552   5.464   34.919    1.775    994.279   160.573
 1004   5.547   5.459   34.919    1.776    995.268   160.891
 1005   5.537   5.448   34.919    1.776    996.257   161.393
 1006   5.530   5.441   34.919    1.777    997.246   161.952
 1007   5.528   5.439   34.919    1.778    998.234   162.341
 1008   5.524   5.435   34.919    1.778    999.223   162.584
 1009   5.521   5.433   34.920    1.779    1000.212   162.826
 1010   5.521   5.432   34.920    1.780    1001.201   162.988
 1011   5.519   5.430   34.920    1.780    1002.190   163.131
 1012   5.515   5.426   34.920    1.781    1003.179   163.151
 1013   5.506   5.417   34.920    1.782    1004.168   163.160
 1014   5.498   5.409   34.921    1.782    1005.157   163.254
 1015   5.492   5.403   34.921    1.783    1006.146   163.324
 1016   5.482   5.393   34.921    1.784    1007.135   163.552
 1017   5.462   5.373   34.922    1.784    1008.123   163.825
 1018   5.455   5.366   34.922    1.785    1009.112   164.091
 1019   5.450   5.361   34.922    1.785    1010.101   164.342
 1020   5.440   5.351   34.923    1.786    1011.090   164.693
 1021   5.433   5.343   34.923    1.787    1012.079   165.087
 1022   5.428   5.338   34.923    1.787    1013.068   165.450
 1023   5.424   5.334   34.923    1.788    1014.057   165.686
 1024   5.420   5.331   34.924    1.789    1015.045   165.843
 1025   5.415   5.325   34.924    1.789    1016.034   166.030
 1026   5.413   5.323   34.924    1.790    1017.023   166.228
 1027   5.411   5.321   34.924    1.791    1018.012   166.410
 1028   5.409   5.319   34.924    1.791    1019.001   166.534
 1029   5.406   5.317   34.924    1.792    1019.989   166.573
 1030   5.403   5.313   34.925    1.793    1020.978   166.694
 1031   5.399   5.309   34.925    1.793    1021.967   166.855
 1032   5.391   5.301   34.925    1.794    1022.956   167.012
 1033   5.383   5.293   34.925    1.794    1023.945   167.136
 1034   5.378   5.288   34.925    1.795    1024.933   167.341
 1035   5.373   5.283   34.925    1.796    1025.922   167.570
 1036   5.364   5.274   34.926    1.796    1026.911   167.750
 1037   5.363   5.273   34.926    1.797    1027.900   167.931
 1038   5.352   5.262   34.926    1.798    1028.889   168.134
 1039   5.336   5.246   34.927    1.798    1029.877   168.326
 1040   5.326   5.236   34.927    1.799    1030.866   168.530
 1041   5.322   5.231   34.927    1.799    1031.855   168.821
 1042   5.319   5.229   34.927    1.800    1032.844   169.038
 1043   5.317   5.227   34.927    1.801    1033.832   169.315
 1044   5.314   5.224   34.927    1.801    1034.821   169.570
 1045   5.309   5.219   34.927    1.802    1035.810   169.749
 1046   5.308   5.217   34.928    1.803    1036.799   169.807
 1047   5.305   5.215   34.928    1.803    1037.787   169.860
 1048   5.302   5.211   34.928    1.804    1038.776   169.902
 1049   5.301   5.210   34.928    1.804    1039.765   169.996
 1050   5.301   5.210   34.928    1.805    1040.753   170.063
 1051   5.300   5.209   34.928    1.806    1041.742   170.253
 1052   5.300   5.209   34.928    1.806    1042.731   170.354
 1053   5.300   5.209   34.928    1.807    1043.720   170.406
 1054   5.300   5.208   34.928    1.808    1044.708   170.406
 1055   5.300   5.208   34.928    1.808    1045.697   170.449
 1056   5.299   5.208   34.928    1.809    1046.686   170.465
 1057   5.297   5.205   34.928    1.809    1047.674   170.487
 1058   5.295   5.203   34.928    1.810    1048.663   170.495
 1059   5.290   5.198   34.928    1.811    1049.652   170.537
 1060   5.276   5.184   34.929    1.811    1050.640   170.547
 1061   5.263   5.172   34.929    1.812    1051.629   170.519
 1062   5.257   5.165   34.929    1.813    1052.618   170.756
 1063   5.249   5.157   34.930    1.813    1053.606   171.094
 1064   5.244   5.152   34.930    1.814    1054.595   171.453
 1065   5.241   5.149   34.930    1.814    1055.584   171.644
 1066   5.231   5.139   34.930    1.815    1056.572   171.928
 1067   5.218   5.126   34.931    1.816    1057.561   172.157
 1068   5.199   5.107   34.931    1.816    1058.550   172.422
 1069   5.182   5.090   34.932    1.817    1059.538   172.763
 1070   5.178   5.086   34.932    1.817    1060.527   173.190
 1071   5.173   5.081   34.932    1.818    1061.515   173.587
 1072   5.165   5.073   34.933    1.819    1062.504   174.103
 1073   5.156   5.064   34.933    1.819    1063.493   174.407
 1074   5.153   5.061   34.933    1.820    1064.481   174.627
 1075   5.151   5.059   34.933    1.820    1065.470   174.908
 1076   5.143   5.051   34.934    1.821    1066.458   175.162
 1077   5.135   5.043   34.934    1.822    1067.447   175.338
 1078   5.129   5.037   34.934    1.822    1068.436   175.477
 1079   5.125   5.032   34.934    1.823    1069.424   175.672
 1080   5.124   5.031   34.934    1.823    1070.413   175.889
 1081   5.122   5.029   34.934    1.824    1071.401   176.076
 1082   5.112   5.020   34.935    1.825    1072.390   176.253
 1083   5.102   5.010   34.935    1.825    1073.378   176.352
 1084   5.093   5.000   34.936    1.826    1074.367   176.516
 1085   5.064   4.972   34.937    1.826    1075.356   176.802
 1086   5.055   4.963   34.937    1.827    1076.344   177.144
 1087   5.034   4.942   34.937    1.828    1077.333   177.569
 1088   4.981   4.889   34.940    1.828    1078.321   178.153
 1089   4.964   4.872   34.940    1.829    1079.310   178.563
 1090   4.955   4.863   34.940    1.829    1080.298   179.306
 1091   4.938   4.846   34.941    1.830    1081.287   180.277
 1092   4.893   4.801   34.942    1.831    1082.275   181.322
 1093   4.874   4.782   34.943    1.831    1083.264   181.966
 1094   4.861   4.769   34.943    1.832    1084.252   182.591
 1095   4.840   4.748   34.944    1.832    1085.241   183.318
 1096   4.815   4.724   34.945    1.833    1086.229   184.161
 1097   4.779   4.688   34.946    1.833    1087.218   184.973
 1098   4.734   4.643   34.948    1.834    1088.206   185.766
 1099   4.704   4.613   34.949    1.834    1089.195   186.480
 1100   4.691   4.600   34.949    1.835    1090.183   187.250
 1101   4.681   4.590   34.950    1.835    1091.172   188.279
 1102   4.676   4.585   34.950    1.836    1092.160   189.207
 1103   4.674   4.584   34.950    1.836    1093.149   189.920
 1104   4.672   4.581   34.951    1.837    1094.137   190.502
 1105   4.671   4.580   34.951    1.838    1095.126   190.703
 1106   4.671   4.580   34.951    1.838    1096.114   190.861
 1107   4.670   4.579   34.951    1.839    1097.103   191.065
 1108   4.667   4.575   34.951    1.839    1098.091   191.328
 1109   4.665   4.573   34.952    1.840    1099.079   191.409
 1110   4.664   4.573   34.952    1.840    1100.068   191.397
 1111   4.663   4.572   34.952    1.841    1101.056   191.480
 1112   4.662   4.571   34.952    1.841    1102.045   191.529
 1113   4.661   4.569   34.952    1.842    1103.033   191.549
 1114   4.660   4.568   34.952    1.842    1104.022   191.593
 1115   4.658   4.566   34.952    1.843    1105.010   191.705
 1116   4.658   4.566   34.952    1.843    1105.998   191.846
 1117   4.658   4.566   34.952    1.844    1106.987   191.892
 1118   4.656   4.564   34.952    1.844    1107.975   191.914
 1119   4.652   4.560   34.952    1.845    1108.964   191.995
 1120   4.645   4.553   34.952    1.845    1109.952   192.062
 1121   4.640   4.548   34.953    1.846    1110.940   192.145
 1122   4.636   4.544   34.953    1.847    1111.929   192.331
 1123   4.631   4.539   34.953    1.847    1112.917   192.509
 1124   4.624   4.532   34.953    1.848    1113.906   192.694
 1125   4.616   4.524   34.953    1.848    1114.894   192.886
 1126   4.609   4.517   34.954    1.849    1115.882   193.098
 1127   4.601   4.508   34.954    1.849    1116.871   193.365
 1128   4.594   4.501   34.954    1.850    1117.859   193.661
 1129   4.587   4.495   34.955    1.850    1118.847   193.928
 1130   4.581   4.488   34.955    1.851    1119.836   194.230
 1131   4.580   4.487   34.955    1.851    1120.824   194.518
 1132   4.579   4.486   34.955    1.852    1121.812   194.902
 1133   4.579   4.486   34.955    1.852    1122.801   195.177
 1134   4.576   4.483   34.955    1.853    1123.789   195.347
 1135   4.575   4.482   34.955    1.853    1124.777   195.456
 1136   4.572   4.479   34.955    1.854    1125.766   195.537
 1137   4.570   4.477   34.955    1.854    1126.754   195.600
 1138   4.570   4.477   34.955    1.855    1127.742   195.675
 1139   4.569   4.476   34.955    1.855    1128.731   195.761
 1140   4.568   4.475   34.955    1.856    1129.719   195.788
 1141   4.566   4.472   34.956    1.856    1130.707   195.847
 1142   4.562   4.469   34.956    1.857    1131.695   195.903
 1143   4.560   4.466   34.956    1.857    1132.684   196.039
 1144   4.556   4.462   34.956    1.858    1133.672   196.109
 1145   4.553   4.459   34.956    1.858    1134.660   196.151
 1146   4.552   4.459   34.956    1.859    1135.648   196.215
 1147   4.552   4.458   34.956    1.859    1136.637   196.299
 1148   4.551   4.457   34.956    1.860    1137.625   196.412
 1149   4.551   4.457   34.956    1.861    1138.613   196.484
 1150   4.551   4.457   34.956    1.861    1139.602   196.560
 1151   4.550   4.456   34.956    1.862    1140.590   196.653
 1152   4.547   4.453   34.956    1.862    1141.578   196.720
 1153   4.546   4.452   34.956    1.863    1142.566   196.719
 1154   4.545   4.450   34.956    1.863    1143.554   196.738
 1155   4.542   4.448   34.956    1.864    1144.543   196.792
 1156   4.542   4.447   34.956    1.864    1145.531   196.875
 1157   4.541   4.446   34.956    1.865    1146.519   196.993
 1158   4.537   4.443   34.957    1.865    1147.507   197.070
 1159   4.530   4.435   34.957    1.866    1148.496   197.135
 1160   4.518   4.423   34.957    1.866    1149.484   197.198
 1161   4.516   4.421   34.957    1.867    1150.472   197.262
 1162   4.512   4.417   34.957    1.867    1151.460   197.436
 1163   4.509   4.414   34.957    1.868    1152.448   197.581
 1164   4.508   4.413   34.957    1.868    1153.437   197.743
 1165   4.507   4.412   34.958    1.869    1154.425   197.823
 1166   4.504   4.409   34.958    1.869    1155.413   197.945
 1167   4.501   4.406   34.958    1.870    1156.401   197.979
 1168   4.500   4.405   34.958    1.870    1157.389   198.068
 1169   4.498   4.403   34.958    1.871    1158.377   198.181
 1170   4.496   4.401   34.958    1.871    1159.366   198.246
 1171   4.491   4.395   34.958    1.872    1160.354   198.325
 1172   4.488   4.393   34.958    1.872    1161.342   198.400
 1173   4.485   4.390   34.958    1.873    1162.330   198.473
 1174   4.483   4.387   34.958    1.873    1163.318   198.605
 1175   4.478   4.382   34.959    1.874    1164.306   198.765
 1176   4.471   4.375   34.959    1.874    1165.294   198.850
 1177   4.468   4.372   34.959    1.875    1166.282   198.916
 1178   4.464   4.368   34.959    1.875    1167.271   199.003
 1179   4.462   4.366   34.959    1.876    1168.259   199.241
 1180   4.459   4.363   34.959    1.876    1169.247   199.419
 1181   4.456   4.360   34.960    1.877    1170.235   199.578
 1182   4.451   4.355   34.960    1.877    1171.223   199.723
 1183   4.439   4.343   34.960    1.878    1172.211   199.890
 1184   4.425   4.329   34.961    1.878    1173.199   199.994
 1185   4.422   4.326   34.961    1.879    1174.187   200.222
 1186   4.421   4.324   34.961    1.879    1175.175   200.560
 1187   4.418   4.322   34.961    1.880    1176.163   200.934
 1188   4.416   4.319   34.961    1.880    1177.152   201.284
 1189   4.414   4.318   34.961    1.881    1178.140   201.490
 1190   4.414   4.318   34.961    1.881    1179.128   201.574
 1191   4.414   4.317   34.962    1.882    1180.116   201.666
 1192   4.413   4.317   34.961    1.882    1181.104   201.765
 1193   4.413   4.316   34.962    1.883    1182.092   201.885
 1194   4.411   4.314   34.962    1.883    1183.080   201.926
 1195   4.409   4.312   34.962    1.884    1184.068   201.940
 1196   4.408   4.311   34.962    1.884    1185.056   201.908
 1197   4.407   4.310   34.962    1.885    1186.044   201.929
 1198   4.407   4.310   34.962    1.885    1187.032   201.956
 1199   4.405   4.308   34.962    1.886    1188.020   202.055
 1200   4.403   4.306   34.962    1.886    1189.008   202.157
 1201   4.401   4.303   34.962    1.887    1189.996   202.241
 1202   4.399   4.302   34.962    1.887    1190.984   202.338
 1203   4.398   4.301   34.962    1.888    1191.972   202.400
 1204   4.395   4.298   34.962    1.888    1192.960   202.549
 1205   4.392   4.295   34.963    1.889    1193.948   202.577
 1206   4.391   4.293   34.963    1.889    1194.936   202.646
 1207   4.390   4.292   34.963    1.890    1195.924   202.699
 1208   4.390   4.292   34.963    1.890    1196.912   202.775
 1209   4.389   4.291   34.963    1.891    1197.900   202.929
 1210   4.389   4.291   34.963    1.891    1198.888   203.040
 1211   4.388   4.290   34.963    1.892    1199.876   203.054
 1212   4.388   4.290   34.963    1.892    1200.864   203.135
 1213   4.387   4.289   34.963    1.893    1201.852   203.156
 1214   4.386   4.287   34.963    1.893    1202.840   203.229
 1215   4.384   4.286   34.963    1.894    1203.828   203.320
 1216   4.383   4.285   34.963    1.894    1204.816   203.382
 1217   4.383   4.284   34.963    1.895    1205.804   203.406
 1218   4.382   4.284   34.963    1.895    1206.792   203.400
 1219   4.381   4.282   34.963    1.896    1207.779   203.464
 1220   4.380   4.281   34.963    1.896    1208.767   203.498
 1221   4.375   4.277   34.963    1.897    1209.755   203.547
 1222   4.374   4.276   34.964    1.897    1210.743   203.589
 1223   4.374   4.275   34.964    1.898    1211.731   203.671
 1224   4.373   4.274   34.964    1.898    1212.719   203.830
 1225   4.366   4.267   34.964    1.899    1213.707   204.003
 1226   4.365   4.266   34.964    1.899    1214.695   204.068
 1227   4.365   4.266   34.964    1.900    1215.683   204.267
 1228   4.368   4.268   34.964    1.900    1216.671   204.335
 1229   4.365   4.266   34.964    1.901    1217.658   204.392
 1230   4.365   4.266   34.964    1.901    1218.646   204.480
 1231   4.365   4.266   34.964    1.902    1219.634   204.516
