 station cast   lat    long    jday   mo/da/yr   gmt
  54      1   27.500 -95.000   271    09/28/21  1226 
 
    File created by Jay Hooper - 13-Dec-2021   
            GOMECC4 Cruise Sep 2021 
             NOAA Ship Ronald H Brown
                  
 
     Primary (T,S,O) sensors - Calibrated CTD data   

   pr       te       th       sa       ht       ga       ox
dbars    deg c    deg c      psu  dyn. cm    gamma  umol/kg
    1   29.157   29.157   35.765    0.005    0.993   193.873
    2   29.157   29.157   35.764    0.011    1.987   193.899
    3   29.157   29.157   35.764    0.016    2.980   193.925
    4   29.157   29.156   35.764    0.021    3.974   193.952
    5   29.157   29.156   35.763    0.026    4.967   193.983
    6   29.155   29.154   35.764    0.032    5.960   193.972
    7   29.155   29.153   35.764    0.037    6.954   194.298
    8   29.157   29.155   35.764    0.042    7.947   193.841
    9   29.158   29.156   35.764    0.047    8.940   194.063
   10   29.159   29.157   35.764    0.053    9.934   194.098
   11   29.160   29.158   35.764    0.058    10.927   194.178
   12   29.160   29.157   35.763    0.063    11.920   193.963
   13   29.160   29.157   35.764    0.068    12.914   194.070
   14   29.162   29.158   35.764    0.074    13.907   194.095
   15   29.163   29.160   35.765    0.079    14.900   194.134
   16   29.163   29.159   35.765    0.084    15.894   194.120
   17   29.162   29.158   35.764    0.089    16.887   194.119
   18   29.161   29.157   35.764    0.095    17.880   194.267
   19   29.161   29.156   35.764    0.100    18.873   194.202
   20   29.163   29.158   35.764    0.105    19.867   194.346
   21   29.162   29.157   35.764    0.110    20.860   194.208
   22   29.160   29.155   35.763    0.116    21.853   194.041
   23   29.161   29.155   35.763    0.121    22.847   194.093
   24   29.160   29.155   35.763    0.126    23.840   194.245
   25   29.160   29.154   35.764    0.131    24.833   194.255
   26   29.160   29.153   35.763    0.137    25.826   194.443
   27   29.160   29.153   35.763    0.142    26.820   194.199
   28   29.160   29.153   35.764    0.147    27.813   194.389
   29   29.168   29.161   35.768    0.153    28.806   194.228
   30   29.177   29.169   35.776    0.158    29.799   193.988
   31   29.178   29.170   35.785    0.163    30.793   194.202
   32   29.176   29.168   35.809    0.168    31.786   194.605
   33   28.941   28.933   35.917    0.173    32.779   195.535
   34   28.523   28.515   36.059    0.178    33.772   202.949
   35   28.355   28.347   36.144    0.183    34.766   205.661
   36   28.234   28.225   36.173    0.188    35.759   204.243
   37   27.772   27.764   36.215    0.192    36.752   206.799
   38   27.586   27.577   36.232    0.197    37.745   213.321
   39   27.302   27.293   36.233    0.201    38.738   215.797
   40   27.169   27.160   36.229    0.205    39.732   213.490
   41   27.032   27.023   36.238    0.209    40.725   212.183
   42   26.957   26.947   36.250    0.214    41.718   214.423
   43   26.777   26.768   36.243    0.218    42.711   215.554
   44   26.679   26.669   36.253    0.222    43.704   213.093
   45   26.659   26.649   36.257    0.226    44.698   215.153
   46   26.644   26.634   36.259    0.230    45.691   215.955
   47   26.561   26.551   36.257    0.234    46.684   216.017
   48   26.385   26.374   36.253    0.238    47.677   214.344
   49   26.281   26.269   36.261    0.242    48.670   213.585
   50   26.218   26.207   36.283    0.246    49.663   217.836
   51   25.995   25.983   36.280    0.250    50.656   221.707
   52   25.873   25.861   36.288    0.254    51.650   219.686
   53   25.742   25.730   36.286    0.258    52.643   220.333
   54   25.469   25.457   36.288    0.262    53.636   218.293
   55   25.214   25.202   36.293    0.266    54.629   217.089
   56   25.068   25.055   36.296    0.269    55.622   217.915
   57   24.903   24.891   36.296    0.273    56.615   217.522
   58   24.824   24.812   36.295    0.276    57.608   216.398
   59   24.776   24.763   36.291    0.280    58.601   215.197
   60   24.680   24.667   36.283    0.283    59.595   213.463
   61   24.558   24.545   36.285    0.287    60.588   211.250
   62   24.400   24.387   36.290    0.290    61.581   211.843
   63   24.285   24.272   36.294    0.294    62.574   212.398
   64   24.211   24.197   36.292    0.297    63.567   211.692
   65   24.183   24.170   36.291    0.301    64.560   210.256
   66   24.106   24.092   36.288    0.304    65.553   210.021
   67   24.020   24.006   36.284    0.307    66.546   207.462
   68   23.948   23.934   36.279    0.311    67.539   204.775
   69   23.864   23.850   36.275    0.314    68.532   202.048
   70   23.765   23.751   36.271    0.317    69.525   197.364
   71   23.668   23.653   36.272    0.320    70.518   194.938
   72   23.494   23.479   36.274    0.324    71.511   192.711
   73   23.292   23.277   36.276    0.327    72.504   190.651
   74   23.173   23.158   36.281    0.330    73.497   189.220
   75   23.114   23.099   36.279    0.333    74.491   188.921
   76   22.983   22.967   36.285    0.336    75.484   189.430
   77   22.935   22.919   36.285    0.339    76.477   189.194
   78   22.873   22.857   36.282    0.342    77.470   189.324
   79   22.777   22.761   36.276    0.345    78.463   192.105
   80   22.712   22.696   36.272    0.348    79.456   197.193
   81   22.660   22.643   36.273    0.351    80.449   199.926
   82   22.601   22.584   36.272    0.354    81.442   200.962
   83   22.525   22.508   36.271    0.357    82.435   200.489
   84   22.446   22.429   36.264    0.360    83.428   200.284
   85   22.289   22.272   36.260    0.363    84.421   201.578
   86   22.204   22.187   36.259    0.366    85.414   200.901
   87   22.138   22.121   36.257    0.369    86.406   198.095
   88   22.081   22.064   36.258    0.371    87.399   196.171
   89   22.037   22.019   36.263    0.374    88.392   193.344
   90   22.012   21.994   36.266    0.377    89.385   185.764
   91   21.981   21.962   36.272    0.380    90.378   179.924
   92   21.908   21.890   36.274    0.383    91.371   177.484
   93   21.805   21.786   36.283    0.385    92.364   176.582
   94   21.731   21.712   36.298    0.388    93.357   174.321
   95   21.701   21.683   36.308    0.391    94.350   171.102
   96   21.653   21.634   36.308    0.394    95.343   168.790
   97   21.596   21.576   36.305    0.396    96.336   168.755
   98   21.556   21.537   36.307    0.399    97.329   169.909
   99   21.534   21.515   36.310    0.402    98.322   170.123
  100   21.484   21.464   36.307    0.404    99.315   169.301
  101   21.423   21.403   36.304    0.407    100.308   168.848
  102   21.315   21.295   36.294    0.409    101.300   169.309
  103   21.155   21.135   36.284    0.412    102.293   170.441
  104   21.094   21.074   36.298    0.415    103.286   171.325
  105   21.096   21.076   36.311    0.417    104.279   169.493
  106   21.103   21.082   36.329    0.420    105.272   165.230
  107   21.140   21.119   36.375    0.422    106.265   159.282
  108   21.207   21.186   36.418    0.425    107.258   152.505
  109   21.212   21.191   36.430    0.427    108.251   145.211
  110   21.156   21.135   36.420    0.430    109.243   138.033
  111   21.082   21.061   36.415    0.432    110.236   136.600
  112   20.948   20.926   36.408    0.435    111.229   138.934
  113   20.736   20.715   36.399    0.437    112.222   139.587
  114   20.673   20.651   36.425    0.439    113.215   139.073
  115   20.562   20.540   36.407    0.442    114.208   136.366
  116   20.538   20.516   36.418    0.444    115.201   136.817
  117   20.519   20.497   36.416    0.446    116.193   138.151
  118   20.408   20.386   36.398    0.449    117.186   138.481
  119   20.264   20.242   36.377    0.451    118.179   139.714
  120   20.099   20.077   36.360    0.453    119.172   143.644
  121   20.007   19.985   36.363    0.455    120.165   147.036
  122   19.955   19.933   36.374    0.458    121.157   147.791
  123   19.870   19.847   36.366    0.460    122.150   145.327
  124   19.817   19.794   36.363    0.462    123.143   141.216
  125   19.797   19.774   36.368    0.464    124.136   139.239
  126   19.785   19.761   36.370    0.466    125.129   137.898
  127   19.765   19.742   36.385    0.468    126.121   137.161
  128   19.739   19.716   36.393    0.471    127.114   137.487
  129   19.666   19.642   36.395    0.473    128.107   137.646
  130   19.587   19.564   36.403    0.475    129.100   136.093
  131   19.538   19.514   36.430    0.477    130.092   132.685
  132   19.552   19.528   36.453    0.479    131.085   129.081
  133   19.617   19.593   36.493    0.481    132.078   125.540
  134   19.642   19.618   36.505    0.483    133.071   119.627
  135   19.628   19.603   36.502    0.485    134.063   114.321
  136   19.554   19.529   36.488    0.487    135.056   113.792
  137   19.372   19.347   36.464    0.489    136.049   116.382
  138   19.293   19.268   36.456    0.491    137.042   120.747
  139   19.229   19.203   36.450    0.493    138.034   124.211
  140   19.154   19.129   36.448    0.495    139.027   124.875
  141   19.119   19.094   36.446    0.497    140.020   123.698
  142   19.076   19.050   36.447    0.499    141.012   122.511
  143   19.057   19.032   36.450    0.501    142.005   121.284
  144   19.088   19.062   36.484    0.503    142.998   120.157
  145   19.034   19.008   36.483    0.505    143.991   117.121
  146   18.992   18.965   36.478    0.507    144.983   112.943
  147   18.958   18.932   36.473    0.508    145.976   111.591
  148   18.883   18.856   36.463    0.510    146.969   113.822
  149   18.799   18.773   36.458    0.512    147.961   116.267
  150   18.719   18.693   36.452    0.514    148.954   117.192
  151   18.660   18.633   36.446    0.516    149.947   117.354
  152   18.591   18.564   36.437    0.518    150.939   117.718
  153   18.558   18.531   36.435    0.520    151.932   118.336
  154   18.545   18.518   36.434    0.521    152.925   118.541
  155   18.498   18.471   36.428    0.523    153.917   118.404
  156   18.398   18.370   36.420    0.525    154.910   118.221
  157   18.343   18.315   36.414    0.527    155.903   117.766
  158   18.269   18.242   36.412    0.529    156.895   117.187
  159   18.225   18.197   36.410    0.530    157.888   118.548
  160   18.180   18.152   36.406    0.532    158.880   120.590
  161   18.149   18.121   36.403    0.534    159.873   121.274
  162   18.084   18.056   36.396    0.536    160.866   121.208
  163   18.037   18.009   36.391    0.537    161.858   121.218
  164   17.949   17.921   36.379    0.539    162.851   121.061
  165   17.912   17.883   36.375    0.541    163.843   119.715
  166   17.896   17.867   36.373    0.543    164.836   118.152
  167   17.880   17.851   36.371    0.544    165.829   117.560
  168   17.831   17.802   36.366    0.546    166.821   117.810
  169   17.757   17.728   36.357    0.548    167.814   118.726
  170   17.694   17.664   36.346    0.549    168.806   119.302
  171   17.617   17.588   36.335    0.551    169.799   118.191
  172   17.535   17.505   36.326    0.553    170.791   115.984
  173   17.487   17.457   36.321    0.554    171.784   115.203
  174   17.428   17.398   36.314    0.556    172.777   115.547
  175   17.379   17.349   36.307    0.558    173.769   116.009
  176   17.330   17.300   36.302    0.559    174.762   116.240
  177   17.281   17.251   36.298    0.561    175.754   116.791
  178   17.258   17.228   36.295    0.563    176.747   117.770
  179   17.227   17.197   36.292    0.564    177.739   118.678
  180   17.186   17.156   36.287    0.566    178.732   119.680
  181   17.139   17.108   36.282    0.567    179.724   120.399
  182   17.094   17.063   36.276    0.569    180.717   120.437
  183   17.019   16.989   36.268    0.571    181.709   120.677
  184   16.993   16.963   36.264    0.572    182.702   121.216
  185   16.928   16.897   36.255    0.574    183.694   121.851
  186   16.889   16.858   36.250    0.575    184.687   122.012
  187   16.851   16.820   36.244    0.577    185.679   121.880
  188   16.778   16.747   36.236    0.579    186.672   121.860
  189   16.746   16.715   36.232    0.580    187.664   122.008
  190   16.741   16.710   36.231    0.582    188.657   122.071
  191   16.723   16.691   36.228    0.583    189.649   122.115
  192   16.704   16.673   36.225    0.585    190.642   121.998
  193   16.661   16.629   36.219    0.586    191.634   121.876
  194   16.624   16.592   36.215    0.588    192.627   121.718
  195   16.580   16.548   36.207    0.590    193.619   121.645
  196   16.506   16.474   36.196    0.591    194.612   121.576
  197   16.467   16.435   36.190    0.593    195.604   121.385
  198   16.434   16.401   36.185    0.594    196.596   121.331
  199   16.377   16.344   36.176    0.596    197.589   121.320
  200   16.311   16.278   36.167    0.597    198.581   121.415
  201   16.264   16.232   36.160    0.599    199.574   121.341
  202   16.237   16.205   36.157    0.600    200.566   121.180
  203   16.211   16.179   36.153    0.602    201.559   121.146
  204   16.163   16.130   36.147    0.603    202.551   121.407
  205   16.089   16.057   36.136    0.605    203.543   121.707
  206   16.039   16.007   36.129    0.606    204.536   121.694
  207   16.022   15.989   36.126    0.608    205.528   121.724
  208   16.013   15.980   36.124    0.609    206.521   122.108
  209   16.001   15.967   36.122    0.611    207.513   122.397
  210   15.936   15.902   36.111    0.612    208.505   122.150
  211   15.887   15.854   36.105    0.614    209.498   121.720
  212   15.868   15.834   36.103    0.615    210.490   121.286
  213   15.850   15.816   36.100    0.616    211.482   121.017
  214   15.832   15.798   36.096    0.618    212.475   120.960
  215   15.784   15.750   36.088    0.619    213.467   120.950
  216   15.744   15.710   36.083    0.621    214.459   120.799
  217   15.733   15.699   36.081    0.622    215.452   120.203
  218   15.715   15.681   36.078    0.624    216.444   119.640
  219   15.685   15.651   36.073    0.625    217.437   119.483
  220   15.655   15.621   36.066    0.627    218.429   119.547
  221   15.583   15.548   36.057    0.628    219.421   119.575
  222   15.547   15.513   36.052    0.630    220.413   119.274
  223   15.519   15.484   36.047    0.631    221.406   119.123
  224   15.476   15.441   36.040    0.632    222.398   119.115
  225   15.429   15.394   36.032    0.634    223.390   119.060
  226   15.420   15.384   36.031    0.635    224.383   118.804
  227   15.405   15.370   36.029    0.637    225.375   118.686
  228   15.395   15.359   36.027    0.638    226.367   118.741
  229   15.374   15.339   36.023    0.640    227.360   118.861
  230   15.318   15.282   36.013    0.641    228.352   118.885
  231   15.245   15.209   36.004    0.642    229.344   118.734
  232   15.210   15.174   35.999    0.644    230.336   118.492
  233   15.186   15.150   35.995    0.645    231.329   118.400
  234   15.179   15.143   35.994    0.647    232.321   118.464
  235   15.152   15.116   35.989    0.648    233.313   118.655
  236   15.130   15.094   35.986    0.649    234.306   118.787
  237   15.109   15.073   35.982    0.651    235.298   118.955
  238   15.087   15.050   35.979    0.652    236.290   119.059
  239   15.066   15.029   35.976    0.654    237.282   119.160
  240   15.038   15.001   35.972    0.655    238.274   119.145
  241   15.011   14.974   35.967    0.656    239.267   119.033
  242   14.952   14.915   35.957    0.658    240.259   118.858
  243   14.874   14.837   35.946    0.659    241.251   118.717
  244   14.813   14.776   35.937    0.661    242.243   118.637
  245   14.801   14.764   35.935    0.662    243.236   118.461
  246   14.778   14.741   35.931    0.663    244.228   118.349
  247   14.752   14.715   35.927    0.665    245.220   118.293
  248   14.728   14.691   35.923    0.666    246.212   118.164
  249   14.701   14.664   35.918    0.667    247.204   117.948
  250   14.658   14.621   35.910    0.669    248.197   117.717
  251   14.622   14.584   35.905    0.670    249.189   117.417
  252   14.569   14.532   35.896    0.671    250.181   117.238
  253   14.556   14.518   35.894    0.673    251.173   117.018
  254   14.534   14.496   35.890    0.674    252.165   116.780
  255   14.502   14.464   35.886    0.675    253.157   116.732
  256   14.457   14.419   35.879    0.677    254.150   116.693
  257   14.421   14.383   35.873    0.678    255.142   116.611
  258   14.386   14.348   35.866    0.679    256.134   116.560
  259   14.293   14.255   35.851    0.681    257.126   116.634
  260   14.246   14.207   35.845    0.682    258.118   116.574
  261   14.219   14.181   35.842    0.683    259.110   116.489
  262   14.187   14.148   35.836    0.685    260.102   116.577
  263   14.137   14.099   35.829    0.686    261.095   116.723
  264   14.109   14.070   35.825    0.687    262.087   116.637
  265   14.078   14.040   35.819    0.689    263.079   116.591
  266   14.047   14.008   35.815    0.690    264.071   116.415
  267   14.013   13.974   35.810    0.691    265.063   116.359
  268   13.990   13.951   35.807    0.693    266.055   116.046
  269   13.978   13.939   35.804    0.694    267.047   115.704
  270   13.947   13.907   35.798    0.695    268.039   115.411
  271   13.908   13.869   35.794    0.696    269.031   115.298
  272   13.880   13.840   35.788    0.698    270.024   115.755
  273   13.833   13.793   35.781    0.699    271.016   116.251
  274   13.816   13.776   35.778    0.700    272.008   116.201
  275   13.793   13.753   35.775    0.702    273.000   116.057
  276   13.779   13.740   35.774    0.703    273.992   115.915
  277   13.773   13.733   35.773    0.704    274.984   116.156
  278   13.767   13.727   35.772    0.706    275.976   116.394
  279   13.751   13.711   35.770    0.707    276.968   116.465
  280   13.738   13.698   35.768    0.708    277.960   116.455
  281   13.721   13.680   35.766    0.709    278.952   116.377
  282   13.703   13.662   35.763    0.711    279.944   116.321
  283   13.674   13.634   35.757    0.712    280.936   116.355
  284   13.625   13.585   35.747    0.713    281.928   116.349
  285   13.549   13.509   35.737    0.714    282.920   116.349
  286   13.513   13.472   35.731    0.716    283.912   116.031
  287   13.467   13.426   35.723    0.717    284.904   115.731
  288   13.434   13.393   35.718    0.718    285.896   115.466
  289   13.403   13.362   35.714    0.719    286.888   115.262
  290   13.390   13.349   35.713    0.721    287.880   115.044
  291   13.380   13.338   35.712    0.722    288.872   114.990
  292   13.356   13.315   35.708    0.723    289.864   114.906
  293   13.332   13.291   35.703    0.725    290.856   114.908
  294   13.290   13.249   35.695    0.726    291.848   114.939
  295   13.242   13.201   35.689    0.727    292.840   115.057
  296   13.222   13.180   35.686    0.728    293.832   114.984
  297   13.196   13.154   35.681    0.729    294.824   114.860
  298   13.167   13.125   35.677    0.731    295.816   114.781
  299   13.142   13.100   35.673    0.732    296.808   114.723
  300   13.135   13.093   35.672    0.733    297.800   114.614
  301   13.112   13.070   35.667    0.734    298.792   114.570
  302   13.052   13.010   35.659    0.736    299.784   114.512
  303   13.026   12.984   35.656    0.737    300.776   114.474
  304   13.000   12.957   35.651    0.738    301.768   114.464
  305   12.978   12.936   35.648    0.739    302.760   114.441
  306   12.960   12.918   35.645    0.741    303.752   114.281
  307   12.950   12.907   35.644    0.742    304.743   114.175
  308   12.938   12.896   35.643    0.743    305.735   114.156
  309   12.904   12.861   35.636    0.744    306.727   114.118
  310   12.885   12.842   35.633    0.745    307.719   114.094
  311   12.866   12.823   35.629    0.747    308.711   114.081
  312   12.835   12.792   35.624    0.748    309.703   114.167
  313   12.812   12.769   35.621    0.749    310.695   114.227
  314   12.791   12.748   35.618    0.750    311.687   114.273
  315   12.771   12.728   35.616    0.752    312.679   114.258
  316   12.739   12.696   35.611    0.753    313.671   114.271
  317   12.713   12.669   35.607    0.754    314.662   114.251
  318   12.694   12.651   35.604    0.755    315.654   114.282
  319   12.660   12.616   35.599    0.756    316.646   114.287
  320   12.645   12.602   35.597    0.758    317.638   114.188
  321   12.633   12.589   35.595    0.759    318.630   114.020
  322   12.614   12.570   35.591    0.760    319.622   113.897
  323   12.569   12.525   35.585    0.761    320.613   113.853
  324   12.520   12.477   35.578    0.762    321.605   113.749
  325   12.494   12.450   35.573    0.764    322.597   113.635
  326   12.464   12.420   35.568    0.765    323.589   113.627
  327   12.428   12.384   35.563    0.766    324.581   113.629
  328   12.406   12.361   35.560    0.767    325.573   113.703
  329   12.397   12.352   35.558    0.768    326.564   113.729
  330   12.376   12.332   35.554    0.769    327.556   113.712
  331   12.332   12.288   35.548    0.771    328.548   113.709
  332   12.304   12.260   35.543    0.772    329.540   113.514
  333   12.278   12.233   35.539    0.773    330.532   113.411
  334   12.257   12.213   35.535    0.774    331.523   113.355
  335   12.223   12.178   35.530    0.775    332.515   113.374
  336   12.162   12.117   35.522    0.777    333.507   113.413
  337   12.106   12.061   35.513    0.778    334.499   113.566
  338   12.086   12.041   35.510    0.779    335.491   113.695
  339   12.079   12.034   35.509    0.780    336.482   113.879
  340   12.051   12.006   35.504    0.781    337.474   114.163
  341   12.021   11.976   35.499    0.782    338.466   114.214
  342   12.000   11.955   35.496    0.783    339.458   114.148
  343   11.966   11.921   35.491    0.785    340.449   114.151
  344   11.945   11.899   35.488    0.786    341.441   114.109
  345   11.928   11.882   35.485    0.787    342.433   114.046
  346   11.896   11.851   35.480    0.788    343.425   113.993
  347   11.856   11.811   35.475    0.789    344.416   114.000
  348   11.845   11.800   35.474    0.790    345.408   113.939
  349   11.843   11.797   35.474    0.792    346.400   113.950
  350   11.826   11.780   35.471    0.793    347.391   113.916
  351   11.801   11.755   35.467    0.794    348.383   113.900
  352   11.789   11.743   35.466    0.795    349.375   113.819
  353   11.765   11.719   35.463    0.796    350.366   113.729
  354   11.758   11.712   35.462    0.797    351.358   113.587
  355   11.746   11.700   35.459    0.798    352.350   113.556
  356   11.730   11.684   35.457    0.800    353.342   113.551
  357   11.699   11.652   35.451    0.801    354.333   113.593
  358   11.649   11.603   35.445    0.802    355.325   113.571
  359   11.627   11.580   35.441    0.803    356.317   113.487
  360   11.601   11.555   35.437    0.804    357.308   113.432
  361   11.575   11.529   35.433    0.805    358.300   113.406
  362   11.554   11.508   35.429    0.806    359.292   113.363
  363   11.522   11.476   35.425    0.807    360.283   113.297
  364   11.516   11.469   35.425    0.809    361.275   113.216
  365   11.514   11.467   35.424    0.810    362.266   113.201
  366   11.497   11.450   35.422    0.811    363.258   113.201
  367   11.461   11.414   35.416    0.812    364.250   113.232
  368   11.410   11.363   35.409    0.813    365.241   113.192
  369   11.388   11.341   35.406    0.814    366.233   113.187
  370   11.371   11.324   35.403    0.815    367.225   113.232
  371   11.363   11.315   35.402    0.816    368.216   113.271
  372   11.332   11.285   35.397    0.818    369.208   113.324
  373   11.308   11.260   35.393    0.819    370.199   113.291
  374   11.280   11.232   35.390    0.820    371.191   113.225
  375   11.267   11.220   35.389    0.821    372.183   113.019
  376   11.259   11.211   35.388    0.822    373.174   112.749
  377   11.249   11.202   35.386    0.823    374.166   112.411
  378   11.220   11.172   35.382    0.824    375.157   112.102
  379   11.212   11.164   35.381    0.825    376.149   111.635
  380   11.205   11.157   35.380    0.826    377.141   111.403
  381   11.174   11.126   35.376    0.828    378.132   111.374
  382   11.132   11.083   35.370    0.829    379.124   111.410
  383   11.072   11.024   35.361    0.830    380.115   111.298
  384   11.030   10.982   35.356    0.831    381.107   110.906
  385   11.012   10.964   35.353    0.832    382.098   110.915
  386   10.997   10.949   35.350    0.833    383.090   111.099
  387   10.933   10.885   35.340    0.834    384.081   111.413
  388   10.910   10.861   35.337    0.835    385.073   111.538
  389   10.904   10.855   35.337    0.836    386.064   111.620
  390   10.896   10.848   35.335    0.837    387.056   111.711
  391   10.849   10.801   35.327    0.838    388.047   111.834
  392   10.817   10.769   35.324    0.840    389.039   111.801
  393   10.808   10.759   35.323    0.841    390.030   111.803
  394   10.803   10.754   35.322    0.842    391.022   111.964
  395   10.795   10.747   35.321    0.843    392.013   112.106
  396   10.792   10.743   35.320    0.844    393.005   112.163
  397   10.773   10.724   35.318    0.845    393.996   112.253
  398   10.752   10.703   35.314    0.846    394.988   112.364
  399   10.740   10.691   35.313    0.847    395.979   112.457
  400   10.734   10.684   35.311    0.848    396.971   112.509
  401   10.694   10.645   35.305    0.849    397.962   112.607
  402   10.668   10.619   35.302    0.850    398.954   112.653
  403   10.645   10.595   35.298    0.851    399.945   112.723
  404   10.583   10.533   35.289    0.852    400.937   112.826
  405   10.561   10.511   35.285    0.853    401.928   112.793
  406   10.533   10.484   35.282    0.855    402.920   112.816
  407   10.506   10.456   35.278    0.856    403.911   112.823
  408   10.473   10.424   35.274    0.857    404.902   112.772
  409   10.453   10.403   35.271    0.858    405.894   112.743
  410   10.435   10.385   35.269    0.859    406.885   112.786
  411   10.424   10.375   35.267    0.860    407.877   112.819
  412   10.403   10.353   35.264    0.861    408.868   112.780
  413   10.371   10.322   35.259    0.862    409.860   112.760
  414   10.345   10.295   35.257    0.863    410.851   112.670
  415   10.328   10.278   35.254    0.864    411.842   112.675
  416   10.314   10.264   35.253    0.865    412.834   112.626
  417   10.309   10.259   35.252    0.866    413.825   112.606
  418   10.304   10.254   35.251    0.867    414.817   112.595
  419   10.282   10.232   35.248    0.868    415.808   112.564
  420   10.272   10.222   35.248    0.869    416.799   112.550
  421   10.265   10.215   35.246    0.870    417.791   112.505
  422   10.260   10.210   35.246    0.871    418.782   112.539
  423   10.250   10.199   35.245    0.872    419.773   112.528
  424   10.239   10.188   35.244    0.873    420.765   112.494
  425   10.226   10.175   35.242    0.875    421.756   112.361
  426   10.215   10.164   35.241    0.876    422.748   112.176
  427   10.204   10.153   35.239    0.877    423.739   112.059
  428   10.197   10.146   35.238    0.878    424.730   112.081
  429   10.191   10.140   35.238    0.879    425.722   112.125
  430   10.175   10.123   35.236    0.880    426.713   112.195
  431   10.157   10.105   35.235    0.881    427.704   112.142
  432   10.145   10.093   35.234    0.882    428.695   111.818
  433   10.136   10.085   35.233    0.883    429.687   111.388
  434   10.129   10.078   35.232    0.884    430.678   110.934
  435   10.121   10.069   35.231    0.885    431.669   110.539
  436   10.114   10.063   35.230    0.886    432.661   110.463
  437   10.106   10.054   35.228    0.887    433.652   110.523
  438   10.068   10.016   35.222    0.888    434.643   110.702
  439   10.054   10.002   35.221    0.889    435.635   110.960
  440   10.043   9.991   35.218    0.890    436.626   111.354
  441   10.023   9.971   35.215    0.891    437.617   111.783
  442   10.009   9.957   35.213    0.892    438.608   112.059
  443   9.990   9.938   35.211    0.893    439.600   112.217
  444   9.976   9.923   35.210    0.894    440.591   112.192
  445   9.966   9.914   35.209    0.895    441.582   112.077
  446   9.931   9.879   35.204    0.896    442.573   111.764
  447   9.890   9.838   35.198    0.897    443.565   111.376
  448   9.863   9.810   35.195    0.898    444.556   111.245
  449   9.855   9.802   35.194    0.899    445.547   111.620
  450   9.840   9.788   35.192    0.900    446.538   112.200
  451   9.830   9.777   35.191    0.901    447.530   112.672
  452   9.815   9.762   35.189    0.902    448.521   112.828
  453   9.806   9.753   35.188    0.903    449.512   112.742
  454   9.786   9.733   35.185    0.904    450.503   112.782
  455   9.756   9.704   35.181    0.905    451.495   112.907
  456   9.738   9.685   35.178    0.907    452.486   113.071
  457   9.711   9.658   35.173    0.908    453.477   113.193
  458   9.671   9.618   35.167    0.909    454.468   113.237
  459   9.613   9.560   35.159    0.910    455.459   113.253
  460   9.575   9.522   35.155    0.911    456.451   113.205
  461   9.554   9.501   35.153    0.912    457.442   113.110
  462   9.531   9.478   35.150    0.913    458.433   113.165
  463   9.524   9.471   35.149    0.914    459.424   113.215
  464   9.506   9.453   35.147    0.915    460.415   113.311
  465   9.487   9.434   35.145    0.916    461.406   113.314
  466   9.462   9.409   35.142    0.917    462.398   113.316
  467   9.439   9.386   35.139    0.918    463.389   113.328
  468   9.421   9.368   35.136    0.919    464.380   113.414
  469   9.373   9.320   35.131    0.920    465.371   113.497
  470   9.348   9.295   35.128    0.921    466.362   113.497
  471   9.331   9.278   35.126    0.922    467.353   113.522
  472   9.298   9.245   35.122    0.923    468.344   113.636
  473   9.272   9.219   35.119    0.923    469.336   113.731
  474   9.246   9.193   35.116    0.924    470.327   113.742
  475   9.234   9.181   35.115    0.925    471.318   113.664
  476   9.219   9.165   35.113    0.926    472.309   113.701
  477   9.197   9.144   35.111    0.927    473.300   113.652
  478   9.184   9.131   35.110    0.928    474.291   113.641
  479   9.176   9.123   35.110    0.929    475.282   113.472
  480   9.171   9.118   35.110    0.930    476.273   113.259
  481   9.162   9.108   35.109    0.931    477.264   113.059
  482   9.152   9.098   35.108    0.932    478.255   112.894
  483   9.144   9.090   35.108    0.933    479.247   112.766
  484   9.137   9.083   35.107    0.934    480.238   112.686
  485   9.130   9.076   35.106    0.935    481.229   112.669
  486   9.122   9.068   35.105    0.936    482.220   112.700
  487   9.114   9.060   35.104    0.937    483.211   112.794
  488   9.113   9.058   35.104    0.938    484.202   112.815
  489   9.107   9.053   35.104    0.939    485.193   112.819
  490   9.102   9.048   35.104    0.940    486.184   112.771
  491   9.092   9.037   35.103    0.941    487.175   112.684
  492   9.061   9.006   35.099    0.942    488.166   112.546
  493   9.047   8.992   35.097    0.943    489.157   112.450
  494   9.037   8.982   35.096    0.944    490.148   112.386
  495   9.035   8.980   35.096    0.945    491.139   112.466
  496   9.028   8.973   35.094    0.946    492.130   112.631
  497   9.011   8.956   35.092    0.947    493.121   112.753
  498   9.006   8.950   35.091    0.948    494.112   112.803
  499   8.999   8.944   35.090    0.949    495.103   112.884
  500   8.971   8.915   35.086    0.950    496.094   113.027
  501   8.957   8.902   35.085    0.951    497.085   113.185
  502   8.946   8.891   35.084    0.952    498.076   113.362
  503   8.932   8.877   35.083    0.953    499.067   113.431
  504   8.915   8.860   35.080    0.954    500.058   113.485
  505   8.905   8.849   35.079    0.955    501.049   113.495
  506   8.900   8.844   35.079    0.956    502.040   113.548
  507   8.895   8.839   35.078    0.956    503.031   113.599
  508   8.892   8.836   35.078    0.957    504.022   113.638
  509   8.864   8.808   35.074    0.958    505.013   113.682
  510   8.833   8.777   35.071    0.959    506.004   113.750
  511   8.823   8.767   35.070    0.960    506.995   114.049
  512   8.821   8.764   35.070    0.961    507.986   114.678
  513   8.811   8.755   35.069    0.962    508.977   115.139
  514   8.807   8.751   35.069    0.963    509.968   115.498
  515   8.806   8.750   35.068    0.964    510.959   115.813
  516   8.776   8.720   35.063    0.965    511.949   116.069
  517   8.727   8.671   35.057    0.966    512.940   116.241
  518   8.700   8.644   35.055    0.967    513.931   116.258
  519   8.667   8.611   35.050    0.968    514.922   116.406
  520   8.640   8.583   35.046    0.969    515.913   116.455
  521   8.611   8.554   35.043    0.970    516.904   116.560
  522   8.581   8.525   35.039    0.971    517.895   116.645
  523   8.563   8.507   35.037    0.972    518.886   116.761
  524   8.538   8.482   35.035    0.973    519.877   116.933
  525   8.521   8.464   35.033    0.974    520.868   116.968
  526   8.490   8.433   35.030    0.975    521.858   116.974
  527   8.476   8.419   35.028    0.975    522.849   116.943
  528   8.461   8.405   35.027    0.976    523.840   116.899
  529   8.445   8.388   35.026    0.977    524.831   116.877
  530   8.427   8.371   35.024    0.978    525.822   116.893
  531   8.415   8.358   35.023    0.979    526.813   116.945
  532   8.408   8.351   35.022    0.980    527.804   117.022
  533   8.400   8.343   35.022    0.981    528.794   117.112
  534   8.395   8.338   35.022    0.982    529.785   117.225
  535   8.387   8.331   35.021    0.983    530.776   117.225
  536   8.384   8.327   35.021    0.984    531.767   117.191
  537   8.377   8.320   35.020    0.985    532.758   117.155
  538   8.361   8.304   35.019    0.986    533.749   117.099
  539   8.351   8.294   35.018    0.987    534.739   117.134
  540   8.349   8.292   35.018    0.988    535.730   117.181
  541   8.339   8.282   35.016    0.988    536.721   117.239
  542   8.320   8.262   35.014    0.989    537.712   117.347
  543   8.309   8.252   35.014    0.990    538.703   117.401
  544   8.304   8.247   35.013    0.991    539.693   117.487
  545   8.253   8.196   35.007    0.992    540.684   117.651
  546   8.234   8.177   35.006    0.993    541.675   117.701
  547   8.215   8.158   35.003    0.994    542.666   117.841
  548   8.199   8.141   35.002    0.995    543.656   118.111
  549   8.180   8.123   35.000    0.996    544.647   118.270
  550   8.162   8.105   34.998    0.997    545.638   118.377
  551   8.140   8.082   34.996    0.998    546.629   118.498
  552   8.130   8.072   34.996    0.999    547.619   118.693
  553   8.127   8.069   34.995    0.999    548.610   118.791
  554   8.113   8.055   34.993    1.000    549.601   118.829
  555   8.099   8.041   34.992    1.001    550.592   118.831
  556   8.096   8.038   34.992    1.002    551.582   118.894
  557   8.088   8.030   34.991    1.003    552.573   119.123
  558   8.071   8.013   34.989    1.004    553.564   119.399
  559   8.039   7.981   34.986    1.005    554.555   119.600
  560   8.004   7.946   34.983    1.006    555.545   119.767
  561   7.968   7.910   34.980    1.007    556.536   119.900
  562   7.953   7.895   34.979    1.008    557.527   120.126
  563   7.949   7.891   34.978    1.008    558.517   120.432
  564   7.943   7.885   34.978    1.009    559.508   120.713
  565   7.936   7.877   34.977    1.010    560.499   120.917
  566   7.935   7.877   34.977    1.011    561.489   120.946
  567   7.931   7.873   34.977    1.012    562.480   120.906
  568   7.922   7.863   34.976    1.013    563.471   120.889
  569   7.901   7.842   34.974    1.014    564.462   120.925
  570   7.886   7.828   34.973    1.015    565.452   121.020
  571   7.882   7.823   34.973    1.016    566.443   121.145
  572   7.877   7.818   34.973    1.017    567.433   121.206
  573   7.874   7.815   34.972    1.017    568.424   121.273
  574   7.867   7.808   34.972    1.018    569.415   121.366
  575   7.862   7.803   34.972    1.019    570.405   121.482
  576   7.834   7.775   34.969    1.020    571.396   121.542
  577   7.811   7.752   34.967    1.021    572.387   121.525
  578   7.792   7.733   34.966    1.022    573.377   121.531
  579   7.773   7.714   34.964    1.023    574.368   121.685
  580   7.767   7.708   34.964    1.024    575.359   121.990
  581   7.757   7.698   34.963    1.025    576.349   122.178
  582   7.755   7.696   34.963    1.025    577.340   122.314
  583   7.754   7.694   34.963    1.026    578.330   122.336
  584   7.750   7.691   34.963    1.027    579.321   122.317
  585   7.748   7.688   34.963    1.028    580.312   122.343
  586   7.745   7.686   34.963    1.029    581.302   122.405
  587   7.736   7.676   34.962    1.030    582.293   122.465
  588   7.729   7.670   34.961    1.031    583.283   122.486
  589   7.723   7.663   34.961    1.032    584.274   122.434
  590   7.721   7.661   34.961    1.032    585.264   122.409
  591   7.720   7.660   34.961    1.033    586.255   122.456
  592   7.719   7.659   34.961    1.034    587.246   122.518
  593   7.717   7.657   34.961    1.035    588.236   122.630
  594   7.712   7.652   34.961    1.036    589.227   122.645
  595   7.704   7.644   34.960    1.037    590.217   122.651
  596   7.664   7.603   34.956    1.038    591.208   122.678
  597   7.630   7.570   34.955    1.039    592.198   122.759
  598   7.622   7.562   34.954    1.039    593.189   122.794
  599   7.610   7.549   34.953    1.040    594.179   123.106
  600   7.604   7.543   34.953    1.041    595.170   123.406
  601   7.595   7.535   34.952    1.042    596.160   123.569
  602   7.587   7.526   34.952    1.043    597.151   123.617
  603   7.577   7.516   34.951    1.044    598.141   123.660
  604   7.568   7.507   34.951    1.045    599.132   123.724
  605   7.559   7.498   34.950    1.046    600.122   123.795
  606   7.547   7.486   34.949    1.046    601.113   123.857
  607   7.543   7.482   34.948    1.047    602.103   123.883
  608   7.540   7.479   34.948    1.048    603.094   124.030
  609   7.539   7.478   34.948    1.049    604.084   124.149
  610   7.533   7.472   34.947    1.050    605.075   124.263
  611   7.530   7.468   34.947    1.051    606.065   124.309
  612   7.520   7.459   34.946    1.052    607.056   124.364
  613   7.512   7.451   34.946    1.052    608.046   124.420
  614   7.511   7.449   34.946    1.053    609.037   124.461
  615   7.508   7.446   34.946    1.054    610.027   124.483
  616   7.505   7.443   34.946    1.055    611.018   124.530
  617   7.500   7.439   34.945    1.056    612.008   124.580
  618   7.496   7.435   34.945    1.057    612.999   124.611
  619   7.488   7.426   34.944    1.058    613.989   124.688
  620   7.483   7.421   34.944    1.058    614.979   124.761
  621   7.478   7.416   34.944    1.059    615.970   124.782
  622   7.470   7.408   34.943    1.060    616.960   124.840
  623   7.461   7.399   34.943    1.061    617.951   124.893
  624   7.458   7.396   34.943    1.062    618.941   124.963
  625   7.456   7.394   34.943    1.063    619.931   125.064
  626   7.451   7.388   34.942    1.064    620.922   125.049
  627   7.445   7.382   34.942    1.064    621.912   124.981
  628   7.438   7.376   34.942    1.065    622.903   124.963
  629   7.438   7.375   34.943    1.066    623.893   124.986
  630   7.431   7.369   34.944    1.067    624.883   124.983
  631   7.418   7.355   34.943    1.068    625.874   124.885
  632   7.408   7.345   34.942    1.069    626.864   124.749
  633   7.394   7.332   34.941    1.070    627.855   124.687
  634   7.381   7.318   34.940    1.070    628.845   124.720
  635   7.376   7.313   34.940    1.071    629.835   124.878
  636   7.365   7.301   34.939    1.072    630.826   125.066
  637   7.354   7.290   34.938    1.073    631.816   125.181
  638   7.344   7.281   34.938    1.074    632.806   125.281
  639   7.329   7.265   34.937    1.075    633.797   125.392
  640   7.305   7.242   34.935    1.076    634.787   125.513
  641   7.288   7.225   34.934    1.076    635.777   125.614
  642   7.271   7.207   34.932    1.077    636.768   125.841
  643   7.233   7.170   34.929    1.078    637.758   126.169
  644   7.220   7.157   34.929    1.079    638.748   126.486
  645   7.209   7.146   34.929    1.080    639.739   126.891
  646   7.203   7.140   34.929    1.081    640.729   127.226
  647   7.202   7.139   34.930    1.081    641.719   127.416
  648   7.197   7.133   34.929    1.082    642.709   127.481
  649   7.195   7.132   34.930    1.083    643.700   127.507
  650   7.186   7.123   34.930    1.084    644.690   127.465
  651   7.171   7.108   34.929    1.085    645.680   127.429
  652   7.164   7.100   34.928    1.086    646.671   127.382
  653   7.148   7.084   34.927    1.086    647.661   127.496
  654   7.144   7.080   34.927    1.087    648.651   127.610
  655   7.144   7.080   34.926    1.088    649.641   127.849
  656   7.135   7.071   34.926    1.089    650.632   128.170
  657   7.132   7.068   34.926    1.090    651.622   128.312
  658   7.122   7.058   34.925    1.091    652.612   128.426
  659   7.112   7.048   34.925    1.091    653.602   128.444
  660   7.108   7.044   34.925    1.092    654.593   128.548
  661   7.103   7.039   34.925    1.093    655.583   128.661
  662   7.097   7.032   34.925    1.094    656.573   128.836
  663   7.094   7.029   34.925    1.095    657.563   128.894
  664   7.089   7.024   34.925    1.096    658.554   128.908
  665   7.080   7.015   34.924    1.096    659.544   128.985
  666   7.067   7.002   34.924    1.097    660.534   129.035
  667   7.057   6.992   34.924    1.098    661.524   129.084
  668   7.053   6.988   34.924    1.099    662.514   129.145
  669   7.049   6.984   34.924    1.100    663.505   129.199
  670   7.029   6.964   34.923    1.100    664.495   129.282
  671   7.011   6.946   34.923    1.101    665.485   129.356
  672   6.969   6.904   34.922    1.102    666.475   129.473
  673   6.959   6.894   34.922    1.103    667.465   129.567
  674   6.957   6.892   34.922    1.104    668.456   129.773
  675   6.955   6.890   34.922    1.105    669.446   130.077
  676   6.948   6.883   34.922    1.105    670.436   130.288
  677   6.942   6.876   34.922    1.106    671.426   130.366
  678   6.922   6.857   34.920    1.107    672.416   130.452
  679   6.907   6.841   34.920    1.108    673.406   130.544
  680   6.898   6.832   34.920    1.109    674.396   130.662
  681   6.892   6.827   34.919    1.109    675.387   130.906
  682   6.890   6.824   34.919    1.110    676.377   131.143
  683   6.873   6.808   34.918    1.111    677.367   131.377
  684   6.868   6.802   34.918    1.112    678.357   131.563
  685   6.865   6.800   34.918    1.113    679.347   131.723
  686   6.857   6.791   34.918    1.113    680.337   131.873
  687   6.851   6.785   34.918    1.114    681.327   131.934
  688   6.844   6.779   34.918    1.115    682.317   131.937
  689   6.816   6.750   34.916    1.116    683.308   132.055
  690   6.782   6.717   34.915    1.117    684.298   132.170
  691   6.770   6.704   34.915    1.117    685.288   132.409
  692   6.765   6.699   34.914    1.118    686.278   132.832
  693   6.763   6.697   34.914    1.119    687.268   133.325
  694   6.762   6.696   34.914    1.120    688.258   133.668
  695   6.762   6.696   34.915    1.120    689.248   133.913
  696   6.762   6.695   34.915    1.121    690.238   134.025
  697   6.761   6.695   34.915    1.122    691.228   134.019
  698   6.761   6.695   34.915    1.123    692.218   134.019
  699   6.759   6.692   34.915    1.124    693.208   134.047
  700   6.755   6.688   34.915    1.124    694.198   134.076
  701   6.748   6.681   34.914    1.125    695.188   134.038
  702   6.732   6.666   34.914    1.126    696.178   134.122
  703   6.729   6.662   34.914    1.127    697.168   134.183
  704   6.721   6.654   34.914    1.128    698.158   134.336
  705   6.719   6.652   34.914    1.128    699.149   134.504
  706   6.717   6.650   34.914    1.129    700.139   134.646
  707   6.712   6.645   34.914    1.130    701.129   134.758
  708   6.706   6.639   34.914    1.131    702.119   134.749
  709   6.702   6.635   34.913    1.132    703.109   134.858
  710   6.697   6.630   34.913    1.132    704.099   134.902
  711   6.693   6.626   34.913    1.133    705.089   135.054
  712   6.692   6.624   34.913    1.134    706.079   135.143
  713   6.690   6.623   34.913    1.135    707.069   135.214
  714   6.678   6.610   34.913    1.135    708.059   135.265
  715   6.667   6.599   34.912    1.136    709.049   135.264
  716   6.656   6.588   34.912    1.137    710.039   135.368
  717   6.644   6.576   34.912    1.138    711.028   135.495
  718   6.632   6.564   34.911    1.139    712.018   135.717
  719   6.623   6.556   34.911    1.139    713.008   135.894
  720   6.623   6.555   34.911    1.140    713.998   136.060
  721   6.623   6.555   34.911    1.141    714.988   136.234
  722   6.620   6.552   34.912    1.142    715.978   136.303
  723   6.618   6.550   34.912    1.142    716.968   136.359
  724   6.615   6.547   34.911    1.143    717.958   136.414
  725   6.608   6.540   34.911    1.144    718.948   136.517
  726   6.598   6.530   34.910    1.145    719.938   136.633
  727   6.595   6.526   34.911    1.146    720.928   136.654
  728   6.594   6.526   34.910    1.146    721.918   136.717
  729   6.594   6.525   34.911    1.147    722.908   136.837
  730   6.592   6.523   34.910    1.148    723.898   136.911
  731   6.584   6.516   34.910    1.149    724.888   136.953
  732   6.578   6.509   34.910    1.149    725.877   136.959
  733   6.574   6.505   34.910    1.150    726.867   137.049
  734   6.569   6.500   34.910    1.151    727.857   137.193
  735   6.567   6.498   34.910    1.152    728.847   137.256
  736   6.556   6.487   34.909    1.152    729.837   137.320
  737   6.532   6.463   34.909    1.153    730.827   137.429
  738   6.527   6.458   34.909    1.154    731.817   137.601
  739   6.526   6.457   34.909    1.155    732.807   137.810
  740   6.523   6.454   34.909    1.156    733.796   137.948
  741   6.521   6.452   34.909    1.156    734.786   138.028
  742   6.510   6.440   34.909    1.157    735.776   138.159
  743   6.501   6.432   34.908    1.158    736.766   138.224
  744   6.497   6.428   34.908    1.159    737.756   138.326
  745   6.496   6.427   34.908    1.159    738.746   138.477
  746   6.489   6.419   34.908    1.160    739.736   138.654
  747   6.481   6.411   34.908    1.161    740.725   138.792
  748   6.479   6.409   34.908    1.162    741.715   138.909
  749   6.479   6.409   34.908    1.162    742.705   138.970
  750   6.478   6.408   34.909    1.163    743.695   139.052
  751   6.470   6.400   34.909    1.164    744.685   139.102
  752   6.460   6.390   34.909    1.165    745.674   139.108
  753   6.455   6.384   34.909    1.165    746.664   139.108
  754   6.451   6.381   34.909    1.166    747.654   139.196
  755   6.448   6.378   34.909    1.167    748.644   139.399
  756   6.448   6.377   34.909    1.168    749.634   139.540
  757   6.447   6.376   34.909    1.168    750.623   139.554
  758   6.445   6.374   34.908    1.169    751.613   139.623
  759   6.441   6.370   34.908    1.170    752.603   139.712
  760   6.429   6.359   34.908    1.171    753.593   139.725
  761   6.411   6.340   34.908    1.171    754.582   139.747
  762   6.390   6.319   34.908    1.172    755.572   139.783
  763   6.376   6.305   34.908    1.173    756.562   139.993
  764   6.363   6.292   34.908    1.174    757.552   140.374
  765   6.361   6.290   34.908    1.174    758.541   140.689
  766   6.360   6.289   34.908    1.175    759.531   140.913
  767   6.360   6.289   34.908    1.176    760.521   141.127
  768   6.357   6.286   34.908    1.177    761.511   141.298
  769   6.356   6.285   34.908    1.177    762.500   141.322
  770   6.354   6.283   34.908    1.178    763.490   141.315
  771   6.348   6.277   34.908    1.179    764.480   141.346
  772   6.340   6.269   34.908    1.180    765.470   141.390
  773   6.337   6.266   34.908    1.180    766.459   141.445
  774   6.332   6.260   34.908    1.181    767.449   141.601
  775   6.319   6.248   34.908    1.182    768.439   141.722
  776   6.312   6.240   34.908    1.183    769.428   141.830
  777   6.305   6.233   34.908    1.183    770.418   141.927
  778   6.291   6.219   34.908    1.184    771.408   142.055
  779   6.282   6.211   34.907    1.185    772.397   142.219
  780   6.278   6.206   34.907    1.186    773.387   142.473
  781   6.266   6.194   34.907    1.186    774.377   142.644
  782   6.248   6.176   34.907    1.187    775.366   142.815
  783   6.237   6.165   34.907    1.188    776.356   143.009
  784   6.226   6.154   34.907    1.189    777.346   143.265
  785   6.223   6.151   34.907    1.189    778.335   143.576
  786   6.215   6.143   34.907    1.190    779.325   143.898
  787   6.208   6.136   34.907    1.191    780.315   144.079
  788   6.204   6.132   34.907    1.192    781.304   144.193
  789   6.204   6.132   34.907    1.192    782.294   144.290
  790   6.204   6.132   34.907    1.193    783.284   144.470
  791   6.204   6.132   34.907    1.194    784.273   144.567
  792   6.204   6.131   34.907    1.194    785.263   144.668
  793   6.201   6.129   34.907    1.195    786.252   144.679
  794   6.200   6.128   34.907    1.196    787.242   144.657
  795   6.199   6.127   34.907    1.197    788.232   144.623
  796   6.197   6.124   34.907    1.197    789.221   144.652
  797   6.195   6.122   34.907    1.198    790.211   144.719
  798   6.190   6.117   34.907    1.199    791.200   144.744
  799   6.187   6.114   34.907    1.200    792.190   144.806
  800   6.186   6.113   34.907    1.200    793.180   144.854
  801   6.183   6.110   34.907    1.201    794.169   144.920
  802   6.172   6.099   34.907    1.202    795.159   145.034
  803   6.166   6.093   34.907    1.202    796.148   145.103
  804   6.163   6.089   34.907    1.203    797.138   145.190
  805   6.155   6.082   34.907    1.204    798.127   145.311
  806   6.145   6.071   34.907    1.205    799.117   145.454
  807   6.129   6.055   34.908    1.205    800.106   145.612
  808   6.124   6.051   34.907    1.206    801.096   145.842
  809   6.118   6.045   34.908    1.207    802.086   146.218
  810   6.112   6.039   34.908    1.208    803.075   146.486
  811   6.105   6.031   34.908    1.208    804.065   146.552
  812   6.095   6.021   34.908    1.209    805.054   146.808
  813   6.079   6.006   34.908    1.210    806.044   146.966
  814   6.074   6.000   34.908    1.210    807.033   147.084
  815   6.072   5.998   34.908    1.211    808.023   147.317
  816   6.061   5.987   34.908    1.212    809.012   147.468
  817   6.050   5.976   34.908    1.213    810.002   147.574
  818   6.049   5.975   34.909    1.213    810.991   147.769
  819   6.048   5.973   34.909    1.214    811.981   147.905
  820   6.045   5.971   34.908    1.215    812.970   148.006
  821   6.043   5.969   34.909    1.215    813.960   148.061
  822   6.041   5.966   34.909    1.216    814.949   148.108
  823   6.040   5.965   34.909    1.217    815.939   148.099
  824   6.038   5.963   34.909    1.218    816.928   148.054
  825   6.036   5.962   34.909    1.218    817.917   148.134
  826   6.036   5.961   34.909    1.219    818.907   148.188
  827   6.035   5.960   34.909    1.220    819.896   148.179
  828   6.035   5.960   34.909    1.220    820.886   148.122
  829   6.034   5.959   34.909    1.221    821.875   148.038
  830   6.033   5.957   34.909    1.222    822.865   148.066
  831   6.030   5.955   34.909    1.222    823.854   148.116
  832   6.028   5.953   34.909    1.223    824.844   148.169
  833   6.027   5.952   34.909    1.224    825.833   148.202
  834   6.026   5.950   34.909    1.225    826.822   148.305
  835   6.024   5.949   34.909    1.225    827.812   148.340
  836   6.023   5.948   34.909    1.226    828.801   148.373
  837   6.023   5.947   34.909    1.227    829.791   148.395
  838   6.022   5.946   34.909    1.227    830.780   148.339
  839   6.021   5.945   34.909    1.228    831.769   148.295
  840   6.019   5.943   34.909    1.229    832.759   148.357
  841   6.018   5.942   34.909    1.230    833.748   148.384
  842   6.018   5.941   34.909    1.230    834.738   148.426
  843   6.018   5.942   34.909    1.231    835.727   148.507
  844   6.018   5.941   34.909    1.232    836.716   148.581
  845   6.018   5.941   34.909    1.232    837.706   148.516
  846   6.018   5.942   34.909    1.233    838.695   148.446
  847   6.018   5.942   34.909    1.234    839.684   148.488
  848   6.018   5.941   34.909    1.235    840.674   148.502
  849   6.018   5.941   34.909    1.235    841.663   148.504
  850   6.018   5.941   34.909    1.236    842.652   148.505
  851   6.018   5.941   34.909    1.237    843.642   148.583
  852   6.018   5.941   34.909    1.237    844.631   148.541
  853   6.018   5.941   34.909    1.238    845.620   148.587
  854   6.018   5.941   34.909    1.239    846.610   148.592
  855   6.018   5.941   34.909    1.240    847.599   148.538
  856   6.018   5.940   34.909    1.240    848.588   148.506
  857   6.018   5.940   34.909    1.241    849.578   148.556
  858   6.017   5.940   34.909    1.242    850.567   148.586
  859   6.017   5.939   34.909    1.242    851.556   148.588
  860   6.016   5.938   34.909    1.243    852.546   148.631
  861   6.017   5.938   34.909    1.244    853.535   148.625
  862   6.017   5.938   34.909    1.245    854.524   148.636
  863   6.014   5.936   34.909    1.245    855.514   148.611
  864   6.011   5.933   34.909    1.246    856.503   148.561
  865   6.010   5.932   34.909    1.247    857.492   148.581
  866   6.009   5.931   34.909    1.247    858.481   148.652
  867   6.009   5.931   34.909    1.248    859.471   148.663
  868   6.009   5.930   34.909    1.249    860.460   148.663
  869   6.008   5.929   34.909    1.250    861.449   148.686
  870   6.000   5.921   34.909    1.250    862.438   148.713
  871   5.992   5.913   34.909    1.251    863.428   148.724
  872   5.985   5.907   34.909    1.252    864.417   148.778
  873   5.972   5.893   34.909    1.252    865.406   148.877
  874   5.939   5.861   34.910    1.253    866.395   149.456
  875   5.923   5.845   34.911    1.254    867.385   150.371
  876   5.910   5.831   34.911    1.254    868.374   150.729
  877   5.901   5.823   34.911    1.255    869.363   151.131
