 station cast   lat    long    jday   mo/da/yr   gmt
 123      1   24.736 -80.624   290    10/17/21  2252 
 
    File created by Jay Hooper - 13-Dec-2021   
            GOMECC4 Cruise Sep 2021 
             NOAA Ship Ronald H Brown
                  
 
     Primary (T,S,O) sensors - Calibrated CTD data   

   pr       te       th       sa       ht       ga       ox
dbars    deg c    deg c      psu  dyn. cm    gamma  umol/kg
    1   29.568   29.568   35.594    0.006    0.994   195.773
    2   29.568   29.568   35.594    0.011    1.987   195.800
    3   29.568   29.568   35.594    0.017    2.981   195.827
    4   29.568   29.567   35.593    0.022    3.974   195.853
    5   29.568   29.567   35.593    0.028    4.968   195.545
    6   29.537   29.535   35.593    0.033    5.961   196.081
    7   29.482   29.480   35.601    0.039    6.955   195.687
    8   29.449   29.447   35.607    0.044    7.949   195.787
    9   29.383   29.381   35.617    0.049    8.942   195.710
   10   29.340   29.337   35.625    0.055    9.936   195.519
   11   29.318   29.315   35.634    0.060    10.929   195.094
   12   29.297   29.294   35.652    0.066    11.923   194.292
   13   29.286   29.283   35.665    0.071    12.916   193.488
   14   29.265   29.262   35.662    0.076    13.910   193.438
   15   29.239   29.236   35.655    0.082    14.903   194.664
   16   29.228   29.224   35.653    0.087    15.897   195.162
   17   29.219   29.215   35.654    0.092    16.890   195.033
   18   29.192   29.187   35.655    0.098    17.884   194.979
   19   29.171   29.166   35.656    0.103    18.877   195.046
   20   29.158   29.153   35.658    0.108    19.871   195.118
   21   29.166   29.161   35.666    0.114    20.864   194.761
   22   29.181   29.176   35.678    0.119    21.858   194.299
   23   29.194   29.189   35.696    0.124    22.851   193.564
   24   29.190   29.184   35.701    0.130    23.845   193.925
   25   29.182   29.176   35.706    0.135    24.838   194.551
   26   29.183   29.177   35.709    0.140    25.832   195.062
   27   29.185   29.179   35.714    0.146    26.825   194.812
   28   29.171   29.164   35.712    0.151    27.819   195.083
   29   29.159   29.152   35.711    0.156    28.812   196.190
   30   29.124   29.117   35.717    0.162    29.805   196.601
   31   29.057   29.049   35.715    0.167    30.799   196.520
   32   29.029   29.021   35.726    0.172    31.792   195.646
   33   29.036   29.028   35.749    0.177    32.786   195.160
   34   29.038   29.030   35.773    0.183    33.779   194.628
   35   29.039   29.031   35.783    0.188    34.773   194.201
   36   29.040   29.032   35.788    0.193    35.766   193.591
   37   29.041   29.032   35.790    0.198    36.759   193.875
   38   29.041   29.032   35.791    0.203    37.753   194.162
   39   29.042   29.032   35.793    0.209    38.746   193.799
   40   29.041   29.032   35.795    0.214    39.740   194.095
   41   29.041   29.031   35.798    0.219    40.733   194.065
   42   29.037   29.026   35.803    0.224    41.726   193.851
   43   29.028   29.018   35.818    0.229    42.720   193.365
   44   29.022   29.011   35.834    0.235    43.713   192.577
   45   29.016   29.005   35.848    0.240    44.707   191.606
   46   29.010   28.998   35.861    0.245    45.700   190.688
   47   29.006   28.994   35.873    0.250    46.693   190.284
   48   28.997   28.985   35.888    0.255    47.687   189.451
   49   28.988   28.976   35.902    0.260    48.680   188.685
   50   28.978   28.966   35.914    0.265    49.673   187.913
   51   28.961   28.948   35.930    0.271    50.667   186.950
   52   28.925   28.912   35.949    0.276    51.660   186.274
   53   28.881   28.869   35.971    0.281    52.653   186.324
   54   28.799   28.786   36.014    0.286    53.647   184.702
   55   28.752   28.739   36.029    0.291    54.640   181.164
   56   28.748   28.734   36.030    0.296    55.633   180.312
   57   28.669   28.656   36.041    0.300    56.627   181.424
   58   28.586   28.572   36.053    0.305    57.620   182.576
   59   28.504   28.490   36.063    0.310    58.613   183.844
   60   28.435   28.420   36.073    0.315    59.607   184.820
   61   28.363   28.348   36.082    0.320    60.600   185.831
   62   28.261   28.246   36.098    0.325    61.593   186.991
   63   28.031   28.016   36.125    0.329    62.586   188.067
   64   27.909   27.894   36.140    0.334    63.580   188.390
   65   27.873   27.858   36.140    0.338    64.573   188.056
   66   27.803   27.788   36.142    0.343    65.566   187.467
   67   27.602   27.586   36.150    0.347    66.560   186.531
   68   27.281   27.265   36.183    0.352    67.553   185.110
   69   27.078   27.062   36.220    0.356    68.546   185.825
   70   26.909   26.893   36.266    0.360    69.539   189.033
   71   26.571   26.554   36.344    0.364    70.533   192.376
   72   26.298   26.282   36.386    0.368    71.526   193.481
   73   25.956   25.940   36.406    0.372    72.519   192.974
   74   25.522   25.505   36.416    0.376    73.512   190.539
   75   24.831   24.815   36.359    0.379    74.506   187.022
   76   24.127   24.111   36.305    0.383    75.499   181.227
   77   23.004   22.989   36.186    0.386    76.492   175.933
   78   22.049   22.034   36.176    0.389    77.485   169.211
   79   21.475   21.460   36.157    0.392    78.478   164.866
   80   20.885   20.870   36.161    0.394    79.472   162.940
   81   20.457   20.442   36.149    0.397    80.465   161.169
   82   20.067   20.052   36.142    0.399    81.458   159.034
   83   19.722   19.706   36.134    0.401    82.451   157.490
   84   19.410   19.395   36.130    0.404    83.444   156.412
   85   19.191   19.175   36.124    0.406    84.438   155.458
   86   18.969   18.954   36.122    0.408    85.431   154.682
   87   18.752   18.737   36.109    0.410    86.424   153.969
   88   18.249   18.234   36.069    0.412    87.417   153.056
   89   17.793   17.778   36.037    0.414    88.410   150.775
   90   17.689   17.674   36.034    0.416    89.403   148.443
   91   17.444   17.429   36.014    0.418    90.397   147.797
   92   17.316   17.301   36.008    0.419    91.390   146.741
   93   17.206   17.190   36.005    0.421    92.383   145.713
   94   17.164   17.148   36.005    0.423    93.376   145.299
   95   16.988   16.972   35.988    0.425    94.369   145.572
   96   16.438   16.422   35.942    0.427    95.362   145.344
   97   16.122   16.106   35.925    0.428    96.355   142.628
   98   15.953   15.938   35.920    0.430    97.348   139.928
   99   15.887   15.871   35.918    0.431    98.342   138.557
  100   15.681   15.665   35.905    0.433    99.335   137.998
  101   15.433   15.417   35.908    0.434    100.328   136.576
  102   15.249   15.234   35.905    0.436    101.321   134.667
  103   15.134   15.118   35.888    0.437    102.314   133.378
  104   14.819   14.803   35.818    0.439    103.307   132.948
  105   14.589   14.574   35.798    0.440    104.300   132.188
  106   14.239   14.224   35.750    0.441    105.293   131.609
  107   13.752   13.737   35.693    0.443    106.286   130.418
  108   13.515   13.500   35.668    0.444    107.279   127.942
  109   13.388   13.372   35.665    0.445    108.272   125.642
  110   13.064   13.049   35.629    0.446    109.265   124.346
  111   12.587   12.572   35.568    0.448    110.259   123.095
  112   12.281   12.266   35.528    0.449    111.252   121.840
  113   12.077   12.062   35.492    0.450    112.245   121.226
  114   11.410   11.395   35.382    0.451    113.238   121.550
  115   10.762   10.748   35.296    0.452    114.231   120.839
  116   10.542   10.528   35.269    0.453    115.224   120.001
  117   10.465   10.451   35.264    0.454    116.217   119.940
  118   10.468   10.454   35.267    0.455    117.210   119.778
  119   10.465   10.451   35.269    0.456    118.203   119.319
  120   10.459   10.444   35.271    0.457    119.196   118.842
  121   10.458   10.444   35.273    0.458    120.189   118.415
  122   10.455   10.441   35.274    0.459    121.182   118.245
  123   10.458   10.443   35.276    0.460    122.175   118.250
  124   10.453   10.438   35.276    0.461    123.168   118.265
  125   10.457   10.443   35.278    0.462    124.161   118.240
  126   10.458   10.443   35.278    0.463    125.154   118.212
  127   10.461   10.446   35.279    0.464    126.147   118.218
  128   10.458   10.442   35.279    0.465    127.140   118.222
  129   10.457   10.442   35.278    0.466    128.133   118.237
  130   10.455   10.440   35.278    0.467    129.126   118.209
  131   10.463   10.447   35.279    0.468    130.119   118.171
  132   10.463   10.447   35.285    0.469    131.112   118.126
  133   10.463   10.447   35.292    0.470    132.105   118.082
  134   10.463   10.447   35.299    0.471    133.097   118.037
  135   10.463   10.447   35.305    0.472    134.090   117.992
  136   10.463   10.447   35.312    0.473    135.083   117.947
