 station cast   lat    long    jday   mo/da/yr   gmt
  67      1   26.059 -95.841   276    10/03/21  0251 
 
    File created by Jay Hooper - 13-Dec-2021   
            GOMECC4 Cruise Sep 2021 
             NOAA Ship Ronald H Brown
                  
 
     Primary (T,S,O) sensors - Calibrated CTD data   

   pr       te       th       sa       ht       ga       ox
dbars    deg c    deg c      psu  dyn. cm    gamma  umol/kg
    1   29.273   29.273   35.281    0.006    0.993   195.210
    2   29.273   29.272   35.280    0.011    1.987   195.237
    3   29.273   29.272   35.280    0.017    2.980   195.263
    4   29.273   29.272   35.280    0.023    3.974   195.290
    5   29.273   29.272   35.279    0.028    4.967   195.294
    6   29.272   29.270   35.279    0.034    5.961   195.122
    7   29.276   29.274   35.279    0.039    6.954   195.384
    8   29.279   29.277   35.281    0.045    7.948   195.125
    9   29.279   29.277   35.280    0.051    8.941   195.447
   10   29.289   29.286   35.292    0.056    9.935   195.404
   11   29.339   29.336   35.338    0.062    10.928   195.050
   12   29.346   29.344   35.352    0.068    11.922   194.839
   13   29.343   29.340   35.353    0.073    12.915   195.055
   14   29.337   29.334   35.352    0.079    13.908   195.287
   15   29.324   29.320   35.400    0.084    14.902   195.020
   16   29.285   29.281   35.469    0.090    15.895   194.995
   17   29.260   29.256   35.495    0.095    16.889   195.160
   18   29.238   29.233   35.504    0.101    17.882   195.492
   19   29.232   29.227   35.515    0.106    18.876   195.153
   20   29.229   29.224   35.527    0.112    19.869   195.180
   21   29.229   29.224   35.537    0.117    20.862   195.732
   22   29.228   29.222   35.543    0.123    21.856   195.694
   23   29.228   29.223   35.551    0.128    22.849   195.484
   24   29.232   29.226   35.563    0.134    23.842   195.362
   25   29.235   29.229   35.583    0.139    24.836   195.577
   26   29.234   29.228   35.590    0.144    25.829   195.823
   27   29.233   29.227   35.601    0.150    26.823   195.775
   28   29.231   29.224   35.611    0.155    27.816   196.374
   29   29.229   29.222   35.612    0.161    28.809   196.501
   30   29.208   29.201   35.625    0.166    29.803   196.545
   31   29.184   29.177   35.635    0.171    30.796   197.120
   32   29.152   29.144   35.645    0.177    31.789   197.811
   33   29.025   29.017   35.676    0.182    32.783   198.570
   34   28.617   28.609   35.786    0.187    33.776   202.761
   35   27.732   27.723   35.947    0.192    34.769   213.105
   36   27.428   27.420   35.979    0.196    35.763   224.699
   37   27.082   27.073   36.015    0.201    36.756   224.156
   38   26.607   26.599   36.032    0.205    37.749   222.667
   39   26.313   26.305   36.026    0.209    38.743   224.887
   40   25.955   25.946   36.071    0.213    39.736   226.231
   41   25.696   25.687   36.177    0.217    40.729   223.594
   42   25.575   25.566   36.207    0.221    41.722   218.412
   43   25.477   25.467   36.202    0.225    42.716   219.092
   44   25.433   25.424   36.216    0.229    43.709   220.118
   45   25.407   25.397   36.234    0.232    44.702   219.414
   46   25.320   25.310   36.236    0.236    45.696   218.692
   47   25.225   25.215   36.245    0.240    46.689   219.026
   48   25.038   25.028   36.253    0.244    47.682   218.658
   49   24.736   24.726   36.250    0.247    48.675   217.995
   50   24.515   24.504   36.264    0.251    49.669   217.875
   51   24.095   24.084   36.185    0.254    50.662   216.301
   52   23.926   23.915   36.144    0.257    51.655   221.221
   53   23.886   23.875   36.163    0.261    52.648   226.331
   54   23.989   23.977   36.242    0.264    53.642   223.082
   55   23.837   23.826   36.225    0.268    54.635   217.432
   56   23.720   23.708   36.241    0.271    55.628   213.154
   57   23.668   23.656   36.266    0.274    56.621   211.226
   58   23.550   23.537   36.264    0.277    57.615   208.149
   59   23.396   23.384   36.253    0.280    58.608   205.977
   60   23.250   23.238   36.247    0.284    59.601   206.258
   61   23.189   23.176   36.259    0.287    60.594   207.220
   62   23.051   23.038   36.259    0.290    61.587   205.580
   63   22.939   22.926   36.260    0.293    62.581   203.408
   64   22.729   22.716   36.225    0.296    63.574   202.575
   65   22.626   22.613   36.202    0.299    64.567   207.655
   66   22.528   22.514   36.195    0.302    65.560   215.050
   67   22.423   22.409   36.200    0.305    66.553   218.348
   68   22.305   22.291   36.206    0.308    67.546   216.769
   69   22.234   22.220   36.231    0.311    68.540   212.331
   70   22.164   22.150   36.237    0.314    69.533   206.053
   71   22.040   22.026   36.232    0.316    70.526   201.634
   72   22.009   21.994   36.237    0.319    71.519   201.000
   73   22.004   21.990   36.238    0.322    72.512   201.327
   74   21.996   21.981   36.241    0.325    73.505   201.020
   75   21.982   21.967   36.243    0.328    74.498   200.285
   76   21.920   21.905   36.243    0.331    75.492   199.829
   77   21.796   21.781   36.243    0.333    76.485   199.177
   78   21.700   21.685   36.263    0.336    77.478   197.778
   79   21.624   21.609   36.285    0.339    78.471   191.885
   80   21.625   21.610   36.292    0.341    79.464   182.941
   81   21.610   21.595   36.295    0.344    80.457   177.762
   82   21.555   21.539   36.300    0.347    81.450   177.255
   83   21.506   21.490   36.301    0.349    82.443   176.952
   84   21.432   21.415   36.297    0.352    83.436   176.389
   85   21.316   21.300   36.292    0.355    84.430   176.555
   86   21.222   21.205   36.286    0.357    85.423   177.363
   87   21.139   21.122   36.281    0.360    86.416   178.412
   88   20.971   20.954   36.270    0.362    87.409   179.743
   89   20.847   20.830   36.266    0.365    88.402   181.839
   90   20.805   20.788   36.268    0.367    89.395   183.458
   91   20.782   20.764   36.271    0.370    90.388   183.135
   92   20.773   20.755   36.273    0.372    91.381   181.509
   93   20.770   20.752   36.275    0.375    92.374   180.330
   94   20.765   20.747   36.279    0.377    93.367   179.829
   95   20.700   20.682   36.289    0.380    94.360   178.825
   96   20.661   20.642   36.298    0.382    95.353   175.697
   97   20.619   20.601   36.310    0.385    96.346   171.288
   98   20.566   20.547   36.317    0.387    97.339   165.801
   99   20.531   20.513   36.323    0.389    98.332   161.382
  100   20.512   20.493   36.328    0.392    99.325   159.151
  101   20.432   20.413   36.331    0.394    100.318   158.096
  102   20.303   20.284   36.341    0.396    101.311   156.168
  103   20.198   20.179   36.345    0.399    102.304   153.093
  104   20.076   20.056   36.359    0.401    103.297   150.909
  105   19.988   19.969   36.378    0.403    104.290   146.562
  106   19.952   19.932   36.387    0.405    105.283   139.467
  107   19.898   19.878   36.395    0.408    106.276   135.420
  108   19.850   19.830   36.403    0.410    107.269   134.193
  109   19.831   19.811   36.409    0.412    108.262   132.953
  110   19.818   19.798   36.418    0.414    109.255   131.712
  111   19.786   19.765   36.427    0.416    110.248   130.096
  112   19.716   19.696   36.431    0.418    111.241   128.014
  113   19.596   19.575   36.435    0.420    112.234   126.550
  114   19.527   19.506   36.440    0.422    113.227   124.980
  115   19.495   19.474   36.443    0.424    114.220   123.787
  116   19.467   19.446   36.447    0.426    115.213   124.030
  117   19.444   19.423   36.453    0.428    116.206   124.846
  118   19.445   19.424   36.468    0.430    117.199   125.279
  119   19.451   19.429   36.493    0.432    118.192   123.396
  120   19.403   19.381   36.493    0.434    119.185   118.156
  121   19.327   19.305   36.476    0.436    120.177   114.856
  122   19.243   19.221   36.459    0.438    121.170   118.186
  123   19.216   19.194   36.457    0.440    122.163   124.302
  124   19.192   19.169   36.459    0.442    123.156   128.846
  125   19.151   19.128   36.460    0.444    124.149   130.168
  126   19.117   19.094   36.460    0.446    125.142   128.536
  127   19.073   19.050   36.461    0.448    126.135   127.152
  128   19.031   19.008   36.461    0.450    127.128   125.409
  129   18.990   18.967   36.461    0.452    128.121   122.870
  130   18.975   18.952   36.461    0.454    129.113   122.984
  131   18.942   18.919   36.459    0.456    130.106   124.504
  132   18.869   18.845   36.454    0.458    131.099   123.635
  133   18.800   18.776   36.448    0.459    132.092   120.145
  134   18.748   18.724   36.444    0.461    133.085   116.348
  135   18.674   18.650   36.435    0.463    134.078   114.411
  136   18.527   18.503   36.419    0.465    135.071   114.089
  137   18.476   18.452   36.414    0.467    136.063   113.097
  138   18.440   18.416   36.411    0.469    137.056   112.055
  139   18.348   18.324   36.406    0.470    138.049   112.082
  140   18.256   18.231   36.399    0.472    139.042   112.932
  141   18.131   18.106   36.390    0.474    140.035   113.813
  142   18.116   18.091   36.388    0.476    141.028   114.642
  143   18.065   18.040   36.383    0.477    142.020   115.152
  144   18.001   17.976   36.377    0.479    143.013   115.135
  145   17.967   17.942   36.374    0.481    144.006   114.938
  146   17.909   17.884   36.371    0.483    144.999   114.980
  147   17.844   17.819   36.367    0.484    145.992   115.690
  148   17.799   17.773   36.363    0.486    146.984   117.669
  149   17.760   17.734   36.360    0.488    147.977   119.297
  150   17.735   17.709   36.357    0.489    148.970   119.498
  151   17.720   17.694   36.356    0.491    149.963   119.284
  152   17.704   17.678   36.354    0.493    150.955   119.299
  153   17.677   17.651   36.352    0.495    151.948   119.406
  154   17.658   17.631   36.350    0.496    152.941   119.657
  155   17.632   17.605   36.347    0.498    153.934   119.784
  156   17.592   17.566   36.343    0.500    154.926   119.686
  157   17.561   17.534   36.339    0.501    155.919   119.628
  158   17.535   17.508   36.335    0.503    156.912   119.711
  159   17.524   17.497   36.334    0.505    157.905   119.726
  160   17.494   17.466   36.330    0.506    158.897   119.738
  161   17.440   17.413   36.323    0.508    159.890   119.660
  162   17.387   17.360   36.316    0.509    160.883   119.568
  163   17.347   17.319   36.310    0.511    161.876   119.473
  164   17.300   17.272   36.303    0.513    162.868   119.432
  165   17.216   17.188   36.292    0.514    163.861   119.330
  166   17.168   17.140   36.287    0.516    164.854   119.283
  167   17.106   17.078   36.279    0.518    165.846   119.398
  168   17.058   17.030   36.272    0.519    166.839   119.356
  169   17.021   16.992   36.266    0.521    167.832   119.155
  170   16.978   16.950   36.260    0.522    168.824   119.112
  171   16.903   16.874   36.249    0.524    169.817   119.076
  172   16.834   16.805   36.240    0.525    170.810   118.940
  173   16.802   16.773   36.235    0.527    171.802   118.736
  174   16.782   16.753   36.232    0.529    172.795   118.570
  175   16.775   16.746   36.231    0.530    173.788   118.397
  176   16.743   16.714   36.226    0.532    174.780   118.248
  177   16.714   16.685   36.223    0.533    175.773   118.142
  178   16.666   16.637   36.215    0.535    176.766   118.043
  179   16.624   16.595   36.208    0.536    177.758   117.740
  180   16.577   16.548   36.201    0.538    178.751   117.325
  181   16.537   16.507   36.196    0.540    179.744   117.180
  182   16.500   16.470   36.191    0.541    180.736   117.027
  183   16.490   16.460   36.188    0.543    181.729   116.710
  184   16.449   16.419   36.182    0.544    182.721   116.389
  185   16.424   16.394   36.178    0.546    183.714   116.174
  186   16.380   16.349   36.170    0.547    184.707   116.130
  187   16.313   16.283   36.159    0.549    185.699   116.063
  188   16.284   16.254   36.155    0.550    186.692   115.647
  189   16.241   16.210   36.150    0.552    187.684   115.400
  190   16.194   16.163   36.143    0.553    188.677   115.415
  191   16.102   16.071   36.130    0.555    189.670   115.561
  192   16.035   16.004   36.120    0.556    190.662   115.579
  193   15.982   15.952   36.112    0.558    191.655   115.343
  194   15.947   15.916   36.108    0.559    192.647   115.203
  195   15.909   15.878   36.101    0.561    193.640   115.194
  196   15.820   15.789   36.086    0.562    194.632   115.153
  197   15.744   15.713   36.075    0.564    195.625   115.002
  198   15.696   15.665   36.069    0.565    196.617   114.962
  199   15.621   15.590   36.056    0.566    197.610   115.150
  200   15.534   15.503   36.045    0.568    198.602   115.342
  201   15.494   15.462   36.039    0.569    199.595   115.521
  202   15.484   15.453   36.038    0.571    200.588   115.636
  203   15.441   15.409   36.030    0.572    201.580   115.760
  204   15.343   15.311   36.014    0.574    202.573   115.762
  205   15.297   15.265   36.008    0.575    203.565   115.528
  206   15.241   15.210   36.000    0.576    204.558   115.334
  207   15.193   15.161   35.991    0.578    205.550   115.241
  208   15.093   15.061   35.977    0.579    206.543   115.331
  209   15.064   15.032   35.973    0.581    207.535   115.273
  210   15.034   15.002   35.969    0.582    208.528   115.341
  211   14.997   14.964   35.963    0.583    209.520   115.461
  212   14.938   14.906   35.954    0.585    210.513   115.450
  213   14.894   14.862   35.946    0.586    211.505   115.308
  214   14.833   14.801   35.938    0.587    212.497   115.255
  215   14.779   14.747   35.929    0.589    213.490   115.287
  216   14.724   14.691   35.920    0.590    214.482   115.349
  217   14.668   14.635   35.911    0.592    215.475   115.328
  218   14.605   14.572   35.902    0.593    216.467   115.369
  219   14.537   14.504   35.891    0.594    217.460   115.500
  220   14.489   14.456   35.885    0.596    218.452   115.592
  221   14.469   14.436   35.881    0.597    219.445   115.655
  222   14.414   14.381   35.872    0.598    220.437   115.637
  223   14.357   14.324   35.864    0.600    221.429   115.475
  224   14.317   14.284   35.858    0.601    222.422   115.201
  225   14.260   14.226   35.850    0.602    223.414   114.908
  226   14.199   14.166   35.840    0.603    224.407   114.768
  227   14.100   14.066   35.824    0.605    225.399   114.783
  228   14.054   14.020   35.816    0.606    226.392   114.751
  229   14.013   13.980   35.810    0.607    227.384   114.797
  230   13.966   13.933   35.803    0.609    228.376   114.881
  231   13.953   13.919   35.800    0.610    229.369   114.822
  232   13.907   13.874   35.793    0.611    230.361   114.708
  233   13.831   13.797   35.782    0.612    231.353   114.623
  234   13.774   13.740   35.773    0.614    232.346   114.411
  235   13.752   13.718   35.770    0.615    233.338   114.232
  236   13.741   13.707   35.768    0.616    234.331   114.114
  237   13.724   13.690   35.766    0.618    235.323   114.058
  238   13.709   13.674   35.763    0.619    236.315   113.882
  239   13.675   13.641   35.758    0.620    237.308   113.576
  240   13.652   13.617   35.755    0.621    238.300   113.255
  241   13.647   13.612   35.754    0.623    239.292   113.029
  242   13.622   13.588   35.750    0.624    240.285   112.892
  243   13.591   13.556   35.746    0.625    241.277   112.712
  244   13.586   13.551   35.745    0.626    242.269   112.445
  245   13.585   13.550   35.746    0.628    243.262   112.221
  246   13.576   13.541   35.744    0.629    244.254   112.089
  247   13.527   13.492   35.736    0.630    245.246   112.164
  248   13.487   13.452   35.730    0.631    246.239   112.282
  249   13.466   13.431   35.726    0.633    247.231   112.553
  250   13.426   13.391   35.720    0.634    248.223   112.939
  251   13.386   13.351   35.714    0.635    249.215   113.360
  252   13.365   13.329   35.710    0.636    250.208   113.737
  253   13.342   13.306   35.706    0.638    251.200   114.129
  254   13.295   13.260   35.699    0.639    252.192   114.551
  255   13.269   13.233   35.695    0.640    253.185   114.730
  256   13.261   13.225   35.693    0.641    254.177   114.759
  257   13.233   13.197   35.688    0.643    255.169   114.851
  258   13.194   13.158   35.682    0.644    256.161   114.806
  259   13.185   13.148   35.681    0.645    257.154   114.631
  260   13.153   13.117   35.677    0.646    258.146   114.441
  261   13.109   13.073   35.671    0.647    259.138   114.326
  262   13.096   13.059   35.669    0.649    260.130   114.139
  263   13.080   13.043   35.666    0.650    261.123   113.963
  264   13.071   13.035   35.665    0.651    262.115   113.876
  265   13.056   13.019   35.662    0.652    263.107   113.805
  266   13.033   12.996   35.658    0.654    264.099   113.776
  267   12.987   12.950   35.651    0.655    265.091   113.779
  268   12.932   12.895   35.643    0.656    266.084   113.758
  269   12.894   12.857   35.637    0.657    267.076   113.712
  270   12.876   12.839   35.634    0.658    268.068   113.650
  271   12.847   12.810   35.630    0.660    269.060   113.581
  272   12.830   12.792   35.627    0.661    270.052   113.423
  273   12.811   12.774   35.624    0.662    271.045   113.142
  274   12.792   12.754   35.620    0.663    272.037   112.871
  275   12.757   12.719   35.615    0.664    273.029   112.738
  276   12.705   12.667   35.608    0.666    274.021   112.798
  277   12.684   12.646   35.604    0.667    275.013   112.922
  278   12.652   12.614   35.599    0.668    276.005   113.067
  279   12.639   12.601   35.598    0.669    276.998   113.014
  280   12.625   12.587   35.596    0.670    277.990   112.595
  281   12.614   12.575   35.594    0.672    278.982   112.193
  282   12.603   12.565   35.593    0.673    279.974   111.932
  283   12.590   12.552   35.591    0.674    280.966   111.806
  284   12.561   12.522   35.586    0.675    281.958   111.568
  285   12.528   12.489   35.581    0.676    282.950   111.102
  286   12.487   12.449   35.575    0.677    283.943   110.638
  287   12.425   12.386   35.566    0.679    284.935   110.261
  288   12.382   12.344   35.559    0.680    285.927   110.043
  289   12.326   12.288   35.551    0.681    286.919   110.078
  290   12.273   12.234   35.543    0.682    287.911   110.336
  291   12.250   12.212   35.540    0.683    288.903   110.325
  292   12.243   12.204   35.538    0.684    289.895   109.981
  293   12.231   12.192   35.537    0.686    290.887   109.516
  294   12.216   12.177   35.534    0.687    291.879   109.231
  295   12.184   12.144   35.530    0.688    292.871   109.152
  296   12.164   12.124   35.526    0.689    293.864   109.209
  297   12.144   12.104   35.523    0.690    294.856   109.393
  298   12.124   12.084   35.520    0.691    295.848   109.745
  299   12.113   12.073   35.518    0.693    296.840   110.407
  300   12.110   12.070   35.518    0.694    297.832   111.148
  301   12.105   12.065   35.518    0.695    298.824   111.604
  302   12.093   12.053   35.517    0.696    299.816   111.693
  303   12.078   12.038   35.515    0.697    300.808   111.125
  304   12.052   12.012   35.511    0.698    301.800   110.015
  305   12.022   11.981   35.506    0.699    302.792   109.201
  306   11.965   11.925   35.497    0.701    303.784   108.941
  307   11.944   11.904   35.494    0.702    304.776   109.014
  308   11.910   11.870   35.489    0.703    305.768   109.384
  309   11.883   11.843   35.485    0.704    306.760   109.689
  310   11.862   11.821   35.481    0.705    307.752   109.801
  311   11.829   11.789   35.477    0.706    308.744   109.882
  312   11.811   11.771   35.474    0.707    309.736   109.856
  313   11.795   11.755   35.472    0.709    310.728   109.745
  314   11.790   11.749   35.471    0.710    311.720   109.630
  315   11.785   11.744   35.470    0.711    312.712   109.521
  316   11.775   11.734   35.468    0.712    313.704   109.428
  317   11.765   11.724   35.466    0.713    314.696   109.340
  318   11.727   11.686   35.461    0.714    315.688   109.366
  319   11.698   11.657   35.458    0.715    316.680   109.320
  320   11.667   11.626   35.454    0.716    317.672   109.262
  321   11.647   11.605   35.451    0.718    318.664   109.227
  322   11.634   11.592   35.449    0.719    319.656   109.234
  323   11.630   11.588   35.448    0.720    320.648   109.181
  324   11.622   11.581   35.447    0.721    321.640   109.177
  325   11.617   11.575   35.447    0.722    322.632   109.067
  326   11.613   11.571   35.446    0.723    323.624   109.000
  327   11.604   11.562   35.445    0.724    324.615   108.906
  328   11.602   11.559   35.445    0.725    325.607   108.779
  329   11.601   11.559   35.445    0.727    326.599   108.712
  330   11.599   11.556   35.444    0.728    327.591   108.724
  331   11.589   11.546   35.443    0.729    328.583   108.727
  332   11.590   11.547   35.443    0.730    329.575   108.733
  333   11.588   11.545   35.443    0.731    330.567   108.639
  334   11.564   11.521   35.439    0.732    331.559   108.671
  335   11.551   11.507   35.437    0.733    332.551   108.681
  336   11.545   11.502   35.436    0.734    333.543   108.691
  337   11.539   11.496   35.435    0.735    334.535   108.710
  338   11.528   11.484   35.433    0.737    335.526   108.697
  339   11.523   11.480   35.432    0.738    336.518   108.666
  340   11.518   11.474   35.432    0.739    337.510   108.686
  341   11.500   11.457   35.429    0.740    338.502   108.746
  342   11.463   11.419   35.424    0.741    339.494   108.814
  343   11.426   11.382   35.418    0.742    340.486   108.753
  344   11.384   11.340   35.411    0.743    341.478   108.666
  345   11.338   11.294   35.404    0.744    342.469   108.662
  346   11.322   11.278   35.402    0.745    343.461   108.651
  347   11.319   11.275   35.401    0.747    344.453   108.632
  348   11.293   11.249   35.398    0.748    345.445   108.692
  349   11.274   11.230   35.395    0.749    346.437   108.671
  350   11.272   11.228   35.395    0.750    347.429   108.634
  351   11.244   11.200   35.391    0.751    348.420   108.674
  352   11.217   11.173   35.387    0.752    349.412   108.631
  353   11.199   11.155   35.384    0.753    350.404   108.578
  354   11.159   11.114   35.378    0.754    351.396   108.663
  355   11.134   11.090   35.375    0.755    352.388   108.726
  356   11.113   11.068   35.372    0.756    353.379   108.774
  357   11.084   11.040   35.368    0.758    354.371   108.770
  358   11.063   11.018   35.365    0.759    355.363   108.732
  359   11.044   10.999   35.362    0.760    356.355   108.628
  360   11.033   10.988   35.361    0.761    357.346   108.508
  361   11.027   10.982   35.360    0.762    358.338   108.447
  362   11.004   10.959   35.357    0.763    359.330   108.460
  363   10.965   10.920   35.351    0.764    360.322   108.517
  364   10.938   10.893   35.347    0.765    361.313   108.552
  365   10.935   10.890   35.347    0.766    362.305   108.515
  366   10.932   10.886   35.346    0.767    363.297   108.492
  367   10.928   10.882   35.346    0.768    364.289   108.526
  368   10.920   10.874   35.345    0.769    365.280   108.560
  369   10.887   10.841   35.340    0.770    366.272   108.608
  370   10.873   10.827   35.338    0.772    367.264   108.519
  371   10.844   10.798   35.334    0.773    368.256   108.451
  372   10.835   10.789   35.333    0.774    369.247   108.379
  373   10.830   10.784   35.332    0.775    370.239   108.386
  374   10.797   10.751   35.327    0.776    371.231   108.526
  375   10.777   10.731   35.325    0.777    372.222   108.493
  376   10.756   10.709   35.322    0.778    373.214   108.517
  377   10.745   10.698   35.320    0.779    374.206   108.543
  378   10.735   10.688   35.318    0.780    375.197   108.599
  379   10.721   10.675   35.317    0.781    376.189   108.662
  380   10.697   10.651   35.313    0.782    377.181   108.671
  381   10.676   10.629   35.310    0.783    378.172   108.561
  382   10.663   10.617   35.308    0.784    379.164   108.567
  383   10.644   10.597   35.306    0.785    380.156   108.599
  384   10.603   10.556   35.300    0.786    381.147   108.668
  385   10.557   10.510   35.293    0.788    382.139   108.678
  386   10.514   10.467   35.287    0.789    383.131   108.619
  387   10.496   10.449   35.285    0.790    384.122   108.595
  388   10.484   10.437   35.283    0.791    385.114   108.606
  389   10.470   10.423   35.281    0.792    386.106   108.599
  390   10.440   10.392   35.278    0.793    387.097   108.615
  391   10.430   10.383   35.277    0.794    388.089   108.567
  392   10.415   10.368   35.274    0.795    389.081   108.600
  393   10.408   10.360   35.273    0.796    390.072   108.580
  394   10.403   10.355   35.273    0.797    391.064   108.569
  395   10.386   10.339   35.270    0.798    392.055   108.601
  396   10.350   10.303   35.265    0.799    393.047   108.626
  397   10.335   10.287   35.263    0.800    394.039   108.625
  398   10.326   10.278   35.262    0.801    395.030   108.595
  399   10.310   10.262   35.260    0.802    396.022   108.626
  400   10.282   10.234   35.256    0.803    397.013   108.671
  401   10.259   10.211   35.253    0.804    398.005   108.704
  402   10.231   10.183   35.249    0.805    398.996   108.707
  403   10.208   10.160   35.246    0.806    399.988   108.766
  404   10.174   10.126   35.241    0.807    400.980   108.859
  405   10.143   10.095   35.237    0.808    401.971   108.978
  406   10.137   10.088   35.236    0.809    402.963   109.146
  407   10.133   10.085   35.235    0.810    403.954   109.348
  408   10.124   10.076   35.234    0.811    404.946   109.451
  409   10.121   10.073   35.234    0.813    405.937   109.392
  410   10.113   10.065   35.233    0.814    406.929   109.257
  411   10.075   10.027   35.228    0.815    407.920   109.226
  412   10.032   9.983   35.222    0.816    408.912   109.208
  413   10.001   9.953   35.218    0.817    409.903   109.263
  414   9.963   9.914   35.213    0.818    410.895   109.369
  415   9.938   9.889   35.209    0.819    411.886   109.490
  416   9.924   9.875   35.207    0.820    412.878   109.644
  417   9.915   9.866   35.206    0.821    413.869   109.752
  418   9.900   9.851   35.204    0.822    414.861   109.849
  419   9.884   9.835   35.202    0.823    415.852   109.870
  420   9.873   9.824   35.200    0.824    416.844   109.817
  421   9.867   9.818   35.199    0.825    417.835   109.834
  422   9.860   9.811   35.198    0.826    418.827   109.870
  423   9.833   9.784   35.195    0.827    419.818   109.885
  424   9.797   9.748   35.191    0.828    420.810   109.878
  425   9.786   9.736   35.190    0.829    421.801   109.822
  426   9.777   9.727   35.189    0.830    422.793   109.871
  427   9.767   9.718   35.187    0.831    423.784   109.963
  428   9.742   9.693   35.183    0.832    424.776   110.023
  429   9.709   9.660   35.179    0.833    425.767   110.057
  430   9.689   9.640   35.177    0.834    426.758   110.033
  431   9.680   9.630   35.175    0.835    427.750   110.104
  432   9.665   9.616   35.174    0.836    428.741   110.270
  433   9.641   9.591   35.170    0.837    429.733   110.343
  434   9.623   9.573   35.168    0.838    430.724   110.353
  435   9.609   9.559   35.166    0.839    431.716   110.336
  436   9.590   9.540   35.164    0.840    432.707   110.421
  437   9.565   9.515   35.160    0.841    433.698   110.469
  438   9.550   9.499   35.158    0.842    434.690   110.453
  439   9.548   9.498   35.158    0.843    435.681   110.556
  440   9.544   9.494   35.158    0.844    436.673   110.614
  441   9.536   9.486   35.157    0.845    437.664   110.668
  442   9.526   9.476   35.156    0.846    438.655   110.651
  443   9.512   9.461   35.155    0.847    439.647   110.660
  444   9.499   9.449   35.153    0.848    440.638   110.691
  445   9.498   9.447   35.153    0.849    441.629   110.671
  446   9.486   9.435   35.151    0.850    442.621   110.710
  447   9.467   9.416   35.148    0.851    443.612   110.766
  448   9.449   9.398   35.145    0.852    444.603   110.827
  449   9.420   9.369   35.142    0.853    445.595   110.946
  450   9.402   9.351   35.140    0.854    446.586   111.083
  451   9.398   9.347   35.139    0.855    447.578   111.272
  452   9.391   9.340   35.138    0.856    448.569   111.463
  453   9.377   9.325   35.136    0.857    449.560   111.621
  454   9.338   9.287   35.131    0.858    450.551   111.700
  455   9.298   9.246   35.126    0.859    451.543   111.769
  456   9.284   9.233   35.124    0.860    452.534   111.823
  457   9.279   9.227   35.123    0.861    453.525   111.997
  458   9.274   9.223   35.123    0.862    454.517   112.176
  459   9.269   9.218   35.122    0.863    455.508   112.311
  460   9.265   9.213   35.122    0.864    456.499   112.302
  461   9.246   9.194   35.119    0.865    457.491   112.313
  462   9.214   9.163   35.115    0.865    458.482   112.349
  463   9.174   9.122   35.111    0.866    459.473   112.429
  464   9.147   9.095   35.108    0.867    460.464   112.488
  465   9.139   9.087   35.106    0.868    461.456   112.541
  466   9.116   9.064   35.104    0.869    462.447   112.663
  467   9.109   9.057   35.103    0.870    463.438   112.692
  468   9.094   9.042   35.101    0.871    464.429   112.700
  469   9.089   9.037   35.101    0.872    465.421   112.702
  470   9.081   9.029   35.100    0.873    466.412   112.688
  471   9.074   9.022   35.099    0.874    467.403   112.689
  472   9.064   9.012   35.098    0.875    468.394   112.686
  473   9.045   8.992   35.095    0.876    469.386   112.730
  474   8.997   8.944   35.090    0.877    470.377   112.818
  475   8.969   8.917   35.087    0.878    471.368   112.933
  476   8.953   8.900   35.085    0.879    472.359   112.978
  477   8.927   8.874   35.083    0.880    473.351   113.071
  478   8.916   8.863   35.082    0.881    474.342   113.100
  479   8.906   8.853   35.081    0.882    475.333   113.028
  480   8.897   8.844   35.080    0.883    476.324   112.916
  481   8.889   8.837   35.079    0.884    477.315   112.860
  482   8.885   8.833   35.079    0.885    478.307   112.887
  483   8.882   8.829   35.078    0.886    479.298   112.934
  484   8.879   8.826   35.078    0.887    480.289   112.957
  485   8.874   8.821   35.078    0.888    481.280   112.940
  486   8.868   8.815   35.077    0.889    482.271   112.886
  487   8.861   8.808   35.076    0.890    483.262   112.933
  488   8.858   8.805   35.076    0.890    484.254   112.963
  489   8.855   8.802   35.076    0.891    485.245   113.029
  490   8.851   8.797   35.075    0.892    486.236   113.013
  491   8.845   8.791   35.075    0.893    487.227   112.975
  492   8.841   8.787   35.074    0.894    488.218   112.953
  493   8.834   8.780   35.074    0.895    489.209   112.927
  494   8.824   8.770   35.072    0.896    490.200   112.961
  495   8.797   8.743   35.069    0.897    491.192   113.052
  496   8.759   8.705   35.066    0.898    492.183   113.044
  497   8.746   8.691   35.064    0.899    493.174   113.063
  498   8.712   8.658   35.061    0.900    494.165   113.164
  499   8.694   8.640   35.059    0.901    495.156   113.219
  500   8.680   8.626   35.058    0.902    496.147   113.250
  501   8.673   8.618   35.058    0.903    497.138   113.234
  502   8.670   8.615   35.057    0.904    498.129   113.172
  503   8.662   8.608   35.056    0.905    499.120   113.086
  504   8.651   8.597   35.056    0.906    500.112   113.090
  505   8.641   8.586   35.054    0.907    501.103   113.026
  506   8.630   8.575   35.053    0.907    502.094   113.044
  507   8.610   8.555   35.051    0.908    503.085   113.116
  508   8.602   8.547   35.050    0.909    504.076   113.191
  509   8.599   8.544   35.050    0.910    505.067   113.293
  510   8.597   8.542   35.049    0.911    506.058   113.338
  511   8.594   8.539   35.049    0.912    507.049   113.386
  512   8.591   8.536   35.049    0.913    508.040   113.455
  513   8.582   8.527   35.048    0.914    509.031   113.453
  514   8.564   8.508   35.045    0.915    510.022   113.510
  515   8.551   8.496   35.043    0.916    511.013   113.638
  516   8.517   8.462   35.039    0.917    512.004   113.858
  517   8.453   8.398   35.033    0.918    512.995   114.095
  518   8.434   8.378   35.031    0.919    513.986   114.281
  519   8.427   8.371   35.031    0.920    514.977   114.556
  520   8.424   8.368   35.031    0.921    515.968   114.824
  521   8.422   8.367   35.031    0.921    516.959   114.874
  522   8.420   8.365   35.031    0.922    517.950   114.832
  523   8.412   8.357   35.030    0.923    518.941   114.867
  524   8.371   8.315   35.027    0.924    519.932   114.908
  525   8.358   8.303   35.026    0.925    520.923   114.840
  526   8.353   8.297   35.025    0.926    521.914   114.711
  527   8.342   8.287   35.024    0.927    522.905   114.707
  528   8.328   8.272   35.023    0.928    523.896   114.748
  529   8.322   8.266   35.023    0.929    524.887   114.735
  530   8.315   8.259   35.022    0.930    525.878   114.784
  531   8.285   8.229   35.019    0.931    526.869   114.885
  532   8.267   8.211   35.017    0.932    527.860   114.964
  533   8.260   8.204   35.016    0.932    528.851   115.229
  534   8.250   8.193   35.014    0.933    529.842   115.426
  535   8.240   8.183   35.013    0.934    530.833   115.597
  536   8.219   8.163   35.012    0.935    531.824   115.774
  537   8.194   8.138   35.009    0.936    532.815   115.851
  538   8.183   8.127   35.007    0.937    533.806   115.986
  539   8.165   8.109   35.004    0.938    534.796   116.180
  540   8.159   8.103   35.003    0.939    535.787   116.361
  541   8.119   8.063   34.999    0.940    536.778   116.652
  542   8.097   8.041   34.995    0.941    537.769   116.908
  543   8.085   8.028   34.994    0.942    538.760   117.287
  544   8.077   8.020   34.993    0.942    539.751   117.744
  545   8.043   7.987   34.989    0.943    540.742   118.153
  546   8.018   7.961   34.987    0.944    541.733   118.418
  547   8.014   7.957   34.986    0.945    542.724   118.618
  548   8.013   7.956   34.986    0.946    543.715   118.885
  549   7.998   7.941   34.985    0.947    544.705   119.049
  550   7.992   7.935   34.984    0.948    545.696   119.133
  551   7.989   7.932   34.984    0.949    546.687   119.157
  552   7.987   7.930   34.984    0.950    547.678   119.142
  553   7.983   7.926   34.983    0.950    548.669   119.215
  554   7.974   7.917   34.982    0.951    549.660   119.260
  555   7.958   7.901   34.981    0.952    550.651   119.339
  556   7.935   7.878   34.979    0.953    551.641   119.373
  557   7.922   7.864   34.977    0.954    552.632   119.538
  558   7.911   7.854   34.977    0.955    553.623   119.753
  559   7.895   7.837   34.976    0.956    554.614   119.950
  560   7.884   7.827   34.975    0.957    555.605   120.056
  561   7.878   7.821   34.975    0.958    556.595   120.047
  562   7.860   7.802   34.974    0.959    557.586   120.046
  563   7.844   7.787   34.972    0.959    558.577   119.989
  564   7.828   7.771   34.971    0.960    559.568   120.077
  565   7.827   7.770   34.971    0.961    560.559   120.203
  566   7.809   7.751   34.969    0.962    561.549   120.358
  567   7.779   7.721   34.966    0.963    562.540   120.453
  568   7.772   7.715   34.966    0.964    563.531   120.539
  569   7.765   7.707   34.965    0.965    564.522   120.686
  570   7.763   7.705   34.965    0.966    565.513   120.959
  571   7.755   7.697   34.964    0.966    566.503   121.190
  572   7.752   7.694   34.964    0.967    567.494   121.248
  573   7.751   7.693   34.964    0.968    568.485   121.359
  574   7.744   7.685   34.964    0.969    569.476   121.364
  575   7.716   7.658   34.961    0.970    570.466   121.413
  576   7.697   7.639   34.959    0.971    571.457   121.479
  577   7.683   7.625   34.958    0.972    572.448   121.561
  578   7.674   7.615   34.957    0.973    573.439   121.793
  579   7.664   7.606   34.956    0.973    574.429   122.075
  580   7.655   7.597   34.955    0.974    575.420   122.248
  581   7.647   7.588   34.955    0.975    576.411   122.381
  582   7.635   7.576   34.954    0.976    577.401   122.373
  583   7.630   7.571   34.953    0.977    578.392   122.425
  584   7.624   7.565   34.953    0.978    579.383   122.515
  585   7.620   7.561   34.953    0.979    580.374   122.639
  586   7.610   7.551   34.952    0.980    581.364   122.679
  587   7.603   7.543   34.951    0.980    582.355   122.720
  588   7.594   7.535   34.951    0.981    583.346   122.787
  589   7.586   7.527   34.951    0.982    584.336   122.866
  590   7.578   7.518   34.950    0.983    585.327   122.943
  591   7.556   7.496   34.949    0.984    586.318   123.004
  592   7.549   7.490   34.948    0.985    587.308   123.047
  593   7.540   7.481   34.947    0.986    588.299   123.138
  594   7.519   7.459   34.946    0.986    589.290   123.276
  595   7.504   7.444   34.945    0.987    590.280   123.396
  596   7.486   7.426   34.944    0.988    591.271   123.575
  597   7.473   7.414   34.943    0.989    592.262   123.750
  598   7.467   7.407   34.943    0.990    593.252   123.885
  599   7.458   7.398   34.942    0.991    594.243   124.027
  600   7.448   7.388   34.941    0.992    595.234   124.171
  601   7.434   7.374   34.940    0.992    596.224   124.336
  602   7.405   7.345   34.939    0.993    597.215   124.508
  603   7.395   7.335   34.938    0.994    598.205   124.639
  604   7.377   7.317   34.937    0.995    599.196   124.826
  605   7.355   7.295   34.936    0.996    600.187   125.013
  606   7.351   7.291   34.936    0.997    601.177   125.117
  607   7.335   7.275   34.935    0.998    602.168   125.293
  608   7.326   7.266   34.935    0.998    603.158   125.481
  609   7.320   7.260   34.935    0.999    604.149   125.685
  610   7.312   7.252   34.935    1.000    605.140   125.814
  611   7.307   7.247   34.935    1.001    606.130   125.845
  612   7.303   7.243   34.934    1.002    607.121   125.872
  613   7.299   7.238   34.934    1.003    608.111   125.899
  614   7.294   7.233   34.934    1.003    609.102   125.940
  615   7.289   7.228   34.934    1.004    610.092   126.004
  616   7.288   7.228   34.934    1.005    611.083   126.089
  617   7.268   7.207   34.933    1.006    612.073   126.177
  618   7.256   7.195   34.933    1.007    613.064   126.205
  619   7.249   7.188   34.932    1.008    614.055   126.219
  620   7.245   7.184   34.932    1.008    615.045   126.328
  621   7.242   7.181   34.932    1.009    616.036   126.448
  622   7.230   7.169   34.931    1.010    617.026   126.635
  623   7.220   7.159   34.931    1.011    618.017   126.713
  624   7.212   7.151   34.930    1.012    619.007   126.749
  625   7.206   7.145   34.930    1.013    619.998   126.871
  626   7.196   7.135   34.930    1.013    620.988   126.979
  627   7.185   7.123   34.929    1.014    621.979   127.080
  628   7.167   7.105   34.928    1.015    622.969   127.106
  629   7.127   7.066   34.926    1.016    623.960   127.202
  630   7.117   7.056   34.926    1.017    624.950   127.384
  631   7.113   7.052   34.926    1.018    625.941   127.566
  632   7.107   7.046   34.925    1.018    626.931   127.959
  633   7.094   7.032   34.925    1.019    627.922   128.237
  634   7.087   7.025   34.925    1.020    628.912   128.384
  635   7.072   7.011   34.924    1.021    629.903   128.506
  636   7.068   7.006   34.924    1.022    630.893   128.576
  637   7.060   6.998   34.924    1.022    631.883   128.697
  638   7.048   6.987   34.923    1.023    632.874   128.799
  639   7.036   6.974   34.922    1.024    633.864   128.925
  640   7.032   6.970   34.922    1.025    634.855   129.055
  641   7.018   6.956   34.922    1.026    635.845   129.233
  642   6.999   6.937   34.921    1.027    636.836   129.366
  643   6.993   6.931   34.921    1.027    637.826   129.507
  644   6.989   6.927   34.920    1.028    638.817   129.682
  645   6.986   6.924   34.920    1.029    639.807   129.842
  646   6.977   6.914   34.920    1.030    640.797   130.009
  647   6.970   6.908   34.920    1.031    641.788   130.046
  648   6.967   6.904   34.920    1.031    642.778   130.110
  649   6.965   6.902   34.919    1.032    643.769   130.227
  650   6.961   6.898   34.919    1.033    644.759   130.375
  651   6.954   6.892   34.919    1.034    645.749   130.446
  652   6.946   6.883   34.919    1.035    646.740   130.448
  653   6.931   6.868   34.918    1.035    647.730   130.485
  654   6.919   6.856   34.918    1.036    648.720   130.610
  655   6.907   6.845   34.917    1.037    649.711   130.776
  656   6.876   6.813   34.916    1.038    650.701   130.980
  657   6.852   6.789   34.915    1.039    651.692   131.202
  658   6.835   6.772   34.914    1.039    652.682   131.429
  659   6.829   6.766   34.914    1.040    653.672   131.688
  660   6.827   6.765   34.914    1.041    654.663   132.044
  661   6.826   6.763   34.914    1.042    655.653   132.381
  662   6.816   6.753   34.914    1.043    656.643   132.607
  663   6.784   6.721   34.913    1.043    657.634   132.732
  664   6.772   6.709   34.912    1.044    658.624   132.727
  665   6.768   6.705   34.912    1.045    659.614   132.845
  666   6.767   6.704   34.912    1.046    660.605   133.108
  667   6.767   6.704   34.912    1.047    661.595   133.437
  668   6.766   6.702   34.912    1.047    662.585   133.662
  669   6.766   6.702   34.912    1.048    663.575   133.732
  670   6.766   6.702   34.912    1.049    664.566   133.703
  671   6.765   6.701   34.912    1.050    665.556   133.664
  672   6.763   6.699   34.912    1.050    666.546   133.631
  673   6.763   6.699   34.913    1.051    667.537   133.617
  674   6.761   6.697   34.913    1.052    668.527   133.637
  675   6.752   6.688   34.913    1.053    669.517   133.694
  676   6.749   6.685   34.912    1.054    670.507   133.691
  677   6.737   6.673   34.912    1.054    671.498   133.759
  678   6.732   6.667   34.912    1.055    672.488   133.850
  679   6.726   6.662   34.912    1.056    673.478   134.042
  680   6.702   6.638   34.911    1.057    674.468   134.214
  681   6.690   6.626   34.910    1.058    675.459   134.296
  682   6.685   6.621   34.910    1.058    676.449   134.416
  683   6.682   6.618   34.910    1.059    677.439   134.639
  684   6.680   6.616   34.910    1.060    678.429   134.865
  685   6.672   6.607   34.910    1.061    679.420   135.062
  686   6.668   6.603   34.910    1.061    680.410   135.118
  687   6.668   6.604   34.910    1.062    681.400   135.158
  688   6.668   6.603   34.910    1.063    682.390   135.223
  689   6.667   6.602   34.910    1.064    683.381   135.333
  690   6.665   6.600   34.910    1.065    684.371   135.406
  691   6.664   6.599   34.910    1.065    685.361   135.421
  692   6.664   6.598   34.910    1.066    686.351   135.412
  693   6.661   6.595   34.910    1.067    687.341   135.427
  694   6.659   6.593   34.910    1.068    688.332   135.435
  695   6.647   6.581   34.910    1.068    689.322   135.497
  696   6.635   6.569   34.910    1.069    690.312   135.508
  697   6.631   6.565   34.910    1.070    691.302   135.569
  698   6.625   6.559   34.910    1.071    692.292   135.660
  699   6.621   6.556   34.910    1.072    693.282   135.790
  700   6.618   6.552   34.910    1.072    694.273   135.862
  701   6.610   6.544   34.910    1.073    695.263   135.928
  702   6.604   6.538   34.910    1.074    696.253   136.019
  703   6.595   6.529   34.910    1.075    697.243   136.144
  704   6.580   6.514   34.910    1.075    698.233   136.261
  705   6.574   6.507   34.910    1.076    699.223   136.365
  706   6.558   6.492   34.910    1.077    700.213   136.558
  707   6.550   6.484   34.910    1.078    701.203   136.734
  708   6.542   6.476   34.910    1.078    702.194   136.953
  709   6.535   6.469   34.909    1.079    703.184   137.166
  710   6.531   6.465   34.910    1.080    704.174   137.343
  711   6.524   6.457   34.910    1.081    705.164   137.534
  712   6.523   6.457   34.910    1.082    706.154   137.624
  713   6.524   6.457   34.910    1.082    707.144   137.645
  714   6.524   6.457   34.910    1.083    708.134   137.720
  715   6.523   6.456   34.910    1.084    709.124   137.760
  716   6.522   6.455   34.910    1.085    710.114   137.744
  717   6.516   6.449   34.910    1.085    711.104   137.753
  718   6.501   6.434   34.910    1.086    712.095   137.821
  719   6.493   6.426   34.910    1.087    713.085   137.907
  720   6.486   6.419   34.909    1.088    714.075   138.057
  721   6.477   6.410   34.909    1.088    715.065   138.159
  722   6.472   6.404   34.909    1.089    716.055   138.374
  723   6.464   6.397   34.909    1.090    717.045   138.458
  724   6.457   6.390   34.909    1.091    718.035   138.632
  725   6.442   6.375   34.909    1.091    719.025   138.743
  726   6.433   6.365   34.909    1.092    720.015   138.887
  727   6.429   6.362   34.909    1.093    721.005   139.081
  728   6.420   6.352   34.909    1.094    721.995   139.289
  729   6.419   6.351   34.909    1.094    722.985   139.445
  730   6.399   6.332   34.909    1.095    723.975   139.563
  731   6.387   6.320   34.909    1.096    724.965   139.691
  732   6.384   6.316   34.909    1.097    725.955   139.850
  733   6.382   6.314   34.909    1.097    726.945   140.009
  734   6.379   6.311   34.909    1.098    727.935   140.221
  735   6.375   6.307   34.909    1.099    728.925   140.309
  736   6.366   6.298   34.909    1.100    729.915   140.403
  737   6.363   6.295   34.909    1.100    730.905   140.473
  738   6.358   6.290   34.909    1.101    731.895   140.593
  739   6.352   6.283   34.909    1.102    732.885   140.752
  740   6.340   6.272   34.909    1.103    733.875   140.845
  741   6.337   6.269   34.909    1.103    734.865   140.949
  742   6.334   6.266   34.909    1.104    735.855   141.069
  743   6.332   6.263   34.909    1.105    736.845   141.198
  744   6.329   6.260   34.909    1.106    737.835   141.299
  745   6.318   6.249   34.909    1.106    738.825   141.397
  746   6.300   6.232   34.909    1.107    739.815   141.555
  747   6.289   6.220   34.909    1.108    740.805   141.616
  748   6.277   6.208   34.909    1.108    741.794   141.788
  749   6.271   6.202   34.909    1.109    742.784   142.086
  750   6.264   6.195   34.909    1.110    743.774   142.363
  751   6.253   6.184   34.909    1.111    744.764   142.551
  752   6.241   6.172   34.909    1.111    745.754   142.725
  753   6.235   6.166   34.909    1.112    746.744   142.879
  754   6.227   6.158   34.909    1.113    747.734   143.073
  755   6.222   6.153   34.910    1.114    748.724   143.225
  756   6.219   6.150   34.910    1.114    749.714   143.389
  757   6.209   6.140   34.910    1.115    750.704   143.549
  758   6.203   6.133   34.910    1.116    751.693   143.708
  759   6.199   6.130   34.910    1.116    752.683   143.849
  760   6.192   6.123   34.910    1.117    753.673   143.953
  761   6.183   6.114   34.910    1.118    754.663   144.150
  762   6.180   6.111   34.910    1.119    755.653   144.289
  763   6.167   6.097   34.910    1.119    756.643   144.445
  764   6.153   6.083   34.910    1.120    757.633   144.531
  765   6.150   6.081   34.910    1.121    758.623   144.626
  766   6.148   6.078   34.910    1.122    759.612   144.831
  767   6.148   6.078   34.910    1.122    760.602   145.038
  768   6.147   6.077   34.910    1.123    761.592   145.220
  769   6.131   6.062   34.910    1.124    762.582   145.359
  770   6.121   6.051   34.911    1.124    763.572   145.379
  771   6.112   6.042   34.911    1.125    764.562   145.412
  772   6.105   6.035   34.911    1.126    765.551   145.579
  773   6.101   6.031   34.911    1.126    766.541   145.847
  774   6.092   6.022   34.911    1.127    767.531   146.133
  775   6.071   6.001   34.911    1.128    768.521   146.269
  776   6.062   5.992   34.911    1.129    769.511   146.367
  777   6.054   5.984   34.911    1.129    770.500   146.450
  778   6.049   5.979   34.911    1.130    771.490   146.632
  779   6.045   5.974   34.911    1.131    772.480   146.999
  780   6.034   5.964   34.911    1.131    773.470   147.295
  781   6.026   5.955   34.911    1.132    774.459   147.543
  782   6.024   5.953   34.911    1.133    775.449   147.597
  783   6.020   5.950   34.911    1.134    776.439   147.698
  784   6.009   5.938   34.912    1.134    777.429   147.858
  785   6.003   5.932   34.912    1.135    778.419   148.027
  786   6.001   5.930   34.911    1.136    779.408   148.197
  787   5.994   5.924   34.911    1.136    780.398   148.360
  788   5.979   5.908   34.912    1.137    781.388   148.583
  789   5.970   5.899   34.912    1.138    782.377   148.669
  790   5.962   5.891   34.912    1.138    783.367   148.852
  791   5.955   5.884   34.912    1.139    784.357   149.021
  792   5.954   5.883   34.912    1.140    785.347   149.320
  793   5.953   5.881   34.912    1.140    786.336   149.560
  794   5.951   5.880   34.912    1.141    787.326   149.688
  795   5.950   5.879   34.912    1.142    788.316   149.785
  796   5.949   5.877   34.912    1.143    789.306   149.824
  797   5.948   5.876   34.912    1.143    790.295   149.873
  798   5.947   5.876   34.912    1.144    791.285   149.974
  799   5.947   5.875   34.912    1.145    792.275   149.990
  800   5.945   5.874   34.912    1.145    793.264   150.001
  801   5.936   5.864   34.912    1.146    794.254   149.947
  802   5.934   5.862   34.912    1.147    795.244   149.948
  803   5.933   5.861   34.912    1.147    796.233   150.055
  804   5.927   5.855   34.912    1.148    797.223   150.136
  805   5.919   5.847   34.913    1.149    798.213   150.212
  806   5.909   5.837   34.913    1.149    799.202   150.333
  807   5.905   5.833   34.913    1.150    800.192   150.451
  808   5.903   5.831   34.913    1.151    801.182   150.564
  809   5.899   5.826   34.913    1.152    802.171   150.762
  810   5.893   5.820   34.913    1.152    803.161   150.985
  811   5.890   5.817   34.913    1.153    804.150   151.181
  812   5.890   5.817   34.913    1.154    805.140   151.195
  813   5.889   5.816   34.913    1.154    806.130   151.211
  814   5.883   5.810   34.913    1.155    807.119   151.306
  815   5.878   5.805   34.913    1.156    808.109   151.380
  816   5.861   5.788   34.913    1.156    809.099   151.525
  817   5.852   5.779   34.913    1.157    810.088   151.608
  818   5.852   5.779   34.913    1.158    811.078   151.786
  819   5.852   5.779   34.913    1.158    812.067   151.999
  820   5.852   5.779   34.913    1.159    813.057   152.247
  821   5.852   5.779   34.913    1.160    814.047   152.358
  822   5.852   5.779   34.914    1.160    815.036   152.409
  823   5.852   5.779   34.913    1.161    816.026   152.432
  824   5.852   5.778   34.914    1.162    817.015   152.443
  825   5.850   5.777   34.913    1.162    818.005   152.436
  826   5.849   5.775   34.914    1.163    818.994   152.434
  827   5.844   5.770   34.914    1.164    819.984   152.419
  828   5.835   5.761   34.914    1.165    820.974   152.432
  829   5.835   5.761   34.914    1.165    821.963   152.512
  830   5.833   5.759   34.914    1.166    822.953   152.564
  831   5.832   5.758   34.914    1.167    823.942   152.699
  832   5.832   5.758   34.914    1.167    824.932   152.751
  833   5.832   5.757   34.914    1.168    825.921   152.907
  834   5.830   5.755   34.914    1.169    826.911   152.912
  835   5.825   5.751   34.914    1.169    827.900   152.923
  836   5.826   5.751   34.914    1.170    828.890   152.895
  837   5.826   5.751   34.914    1.171    829.879   152.929
  838   5.823   5.749   34.914    1.171    830.869   152.988
  839   5.821   5.746   34.914    1.172    831.858   153.082
  840   5.811   5.736   34.914    1.173    832.848   153.155
  841   5.801   5.727   34.914    1.173    833.837   153.150
  842   5.796   5.721   34.914    1.174    834.827   153.215
  843   5.792   5.717   34.914    1.175    835.816   153.364
  844   5.787   5.712   34.914    1.175    836.806   153.570
  845   5.784   5.709   34.914    1.176    837.795   153.771
  846   5.781   5.706   34.914    1.177    838.785   153.899
  847   5.776   5.701   34.914    1.177    839.774   154.102
  848   5.775   5.700   34.915    1.178    840.764   154.210
  849   5.775   5.699   34.915    1.179    841.753   154.317
  850   5.763   5.688   34.915    1.179    842.742   154.454
  851   5.758   5.683   34.915    1.180    843.732   154.518
  852   5.754   5.679   34.915    1.181    844.721   154.563
  853   5.751   5.675   34.915    1.181    845.711   154.670
  854   5.742   5.666   34.915    1.182    846.700   154.823
  855   5.736   5.661   34.915    1.183    847.690   155.012
  856   5.730   5.654   34.916    1.183    848.679   155.107
  857   5.720   5.644   34.916    1.184    849.669   155.271
  858   5.712   5.636   34.916    1.185    850.658   155.412
  859   5.710   5.634   34.916    1.185    851.647   155.589
  860   5.709   5.633   34.916    1.186    852.637   155.789
  861   5.708   5.632   34.916    1.187    853.626   155.993
  862   5.706   5.629   34.916    1.187    854.616   156.155
  863   5.703   5.627   34.916    1.188    855.605   156.215
  864   5.702   5.625   34.916    1.189    856.594   156.210
  865   5.701   5.625   34.916    1.189    857.584   156.300
  866   5.701   5.624   34.916    1.190    858.573   156.335
  867   5.701   5.624   34.916    1.191    859.562   156.501
  868   5.698   5.621   34.917    1.191    860.552   156.509
  869   5.694   5.618   34.917    1.192    861.541   156.520
  870   5.684   5.607   34.917    1.193    862.530   156.502
  871   5.677   5.600   34.917    1.193    863.520   156.548
  872   5.671   5.594   34.917    1.194    864.509   156.675
  873   5.667   5.590   34.917    1.195    865.499   156.912
  874   5.662   5.585   34.917    1.195    866.488   157.096
  875   5.660   5.583   34.917    1.196    867.477   157.243
  876   5.659   5.582   34.917    1.197    868.467   157.366
  877   5.657   5.580   34.917    1.197    869.456   157.504
  878   5.655   5.578   34.917    1.198    870.445   157.672
  879   5.652   5.575   34.918    1.199    871.434   157.715
  880   5.650   5.573   34.918    1.199    872.424   157.739
  881   5.637   5.560   34.918    1.200    873.413   157.777
  882   5.633   5.555   34.918    1.201    874.402   157.817
  883   5.631   5.554   34.918    1.201    875.392   157.942
  884   5.630   5.553   34.918    1.202    876.381   158.092
  885   5.629   5.551   34.918    1.203    877.370   158.296
  886   5.628   5.550   34.918    1.203    878.360   158.444
  887   5.626   5.548   34.918    1.204    879.349   158.506
  888   5.623   5.545   34.918    1.205    880.338   158.504
  889   5.618   5.540   34.918    1.205    881.327   158.490
  890   5.613   5.535   34.918    1.206    882.317   158.560
  891   5.607   5.528   34.919    1.207    883.306   158.636
  892   5.599   5.521   34.919    1.207    884.295   158.827
  893   5.594   5.516   34.919    1.208    885.284   158.955
  894   5.593   5.514   34.919    1.208    886.274   159.084
  895   5.591   5.512   34.919    1.209    887.263   159.267
  896   5.586   5.508   34.919    1.210    888.252   159.406
  897   5.583   5.505   34.919    1.210    889.241   159.490
  898   5.577   5.498   34.919    1.211    890.231   159.590
  899   5.567   5.489   34.919    1.212    891.220   159.740
  900   5.564   5.485   34.920    1.212    892.209   159.843
  901   5.559   5.480   34.920    1.213    893.198   160.043
  902   5.556   5.478   34.920    1.214    894.187   160.211
  903   5.554   5.475   34.920    1.214    895.177   160.343
  904   5.543   5.464   34.920    1.215    896.166   160.470
  905   5.532   5.453   34.920    1.216    897.155   160.547
  906   5.522   5.443   34.920    1.216    898.144   160.686
  907   5.492   5.413   34.921    1.217    899.133   160.955
  908   5.484   5.405   34.921    1.218    900.123   161.184
  909   5.481   5.402   34.921    1.218    901.112   161.490
  910   5.479   5.400   34.921    1.219    902.101   161.909
  911   5.477   5.398   34.921    1.219    903.090   162.348
  912   5.472   5.393   34.922    1.220    904.079   162.725
  913   5.471   5.392   34.922    1.221    905.068   162.817
  914   5.470   5.391   34.922    1.221    906.057   162.852
  915   5.469   5.390   34.922    1.222    907.047   162.915
  916   5.469   5.389   34.922    1.223    908.036   163.017
  917   5.468   5.388   34.922    1.223    909.025   163.037
  918   5.466   5.386   34.922    1.224    910.014   163.072
  919   5.463   5.384   34.922    1.225    911.003   163.058
  920   5.461   5.381   34.922    1.225    911.992   163.156
  921   5.460   5.380   34.922    1.226    912.981   163.210
  922   5.460   5.380   34.922    1.226    913.970   163.324
  923   5.457   5.377   34.922    1.227    914.960   163.458
  924   5.451   5.371   34.922    1.228    915.949   163.463
  925   5.440   5.360   34.923    1.228    916.938   163.466
  926   5.427   5.347   34.923    1.229    917.927   163.470
  927   5.421   5.341   34.923    1.230    918.916   163.614
  928   5.418   5.338   34.923    1.230    919.905   163.808
  929   5.415   5.335   34.923    1.231    920.894   164.081
  930   5.402   5.322   34.924    1.231    921.883   164.378
  931   5.392   5.312   34.924    1.232    922.872   164.608
  932   5.388   5.307   34.924    1.233    923.861   164.766
  933   5.375   5.294   34.925    1.233    924.850   164.995
  934   5.369   5.289   34.925    1.234    925.839   165.230
  935   5.364   5.283   34.925    1.235    926.828   165.498
  936   5.357   5.277   34.925    1.235    927.818   165.792
  937   5.354   5.273   34.925    1.236    928.807   165.995
  938   5.349   5.269   34.925    1.236    929.796   166.191
  939   5.343   5.262   34.926    1.237    930.785   166.367
  940   5.341   5.260   34.926    1.238    931.774   166.469
  941   5.341   5.260   34.926    1.238    932.763   166.647
  942   5.340   5.259   34.926    1.239    933.752   166.832
  943   5.337   5.256   34.926    1.240    934.741   167.000
  944   5.335   5.254   34.926    1.240    935.730   167.020
  945   5.334   5.253   34.926    1.241    936.719   167.047
  946   5.332   5.251   34.926    1.241    937.708   167.087
  947   5.329   5.247   34.926    1.242    938.697   167.155
  948   5.327   5.245   34.926    1.243    939.686   167.208
  949   5.323   5.241   34.926    1.243    940.675   167.284
  950   5.322   5.240   34.926    1.244    941.664   167.377
  951   5.319   5.238   34.926    1.244    942.653   167.424
  952   5.319   5.237   34.927    1.245    943.642   167.467
  953   5.313   5.231   34.927    1.246    944.631   167.505
  954   5.307   5.225   34.927    1.246    945.620   167.587
  955   5.304   5.222   34.927    1.247    946.609   167.658
  956   5.300   5.218   34.927    1.248    947.597   167.822
  957   5.298   5.216   34.927    1.248    948.586   167.878
  958   5.296   5.213   34.927    1.249    949.575   168.042
  959   5.295   5.212   34.927    1.249    950.564   168.141
  960   5.293   5.211   34.927    1.250    951.553   168.251
  961   5.292   5.210   34.927    1.251    952.542   168.290
  962   5.292   5.209   34.927    1.251    953.531   168.341
  963   5.292   5.209   34.927    1.252    954.520   168.339
  964   5.291   5.208   34.928    1.252    955.509   168.441
  965   5.290   5.207   34.927    1.253    956.498   168.519
  966   5.291   5.208   34.928    1.254    957.487   168.552
  967   5.290   5.206   34.928    1.254    958.476   168.548
  968   5.288   5.205   34.928    1.255    959.465   168.549
  969   5.287   5.204   34.928    1.255    960.453   168.535
  970   5.284   5.201   34.928    1.256    961.442   168.596
  971   5.283   5.199   34.928    1.257    962.431   168.680
  972   5.281   5.197   34.928    1.257    963.420   168.779
  973   5.278   5.194   34.928    1.258    964.409   168.855
  974   5.276   5.192   34.928    1.259    965.398   168.885
  975   5.274   5.191   34.928    1.259    966.387   168.957
  976   5.273   5.189   34.928    1.260    967.376   168.987
  977   5.271   5.187   34.928    1.260    968.364   169.044
  978   5.266   5.182   34.928    1.261    969.353   169.161
  979   5.259   5.175   34.928    1.262    970.342   169.221
  980   5.255   5.171   34.929    1.262    971.331   169.346
  981   5.247   5.163   34.929    1.263    972.320   169.465
  982   5.245   5.161   34.929    1.263    973.309   169.543
  983   5.244   5.160   34.929    1.264    974.297   169.723
  984   5.243   5.158   34.929    1.265    975.286   169.858
  985   5.239   5.155   34.929    1.265    976.275   170.017
  986   5.236   5.151   34.929    1.266    977.264   170.084
  987   5.233   5.149   34.929    1.266    978.253   170.102
  988   5.233   5.148   34.929    1.267    979.241   170.186
  989   5.232   5.147   34.929    1.268    980.230   170.323
  990   5.232   5.147   34.929    1.268    981.219   170.483
  991   5.231   5.146   34.929    1.269    982.208   170.580
  992   5.230   5.145   34.930    1.270    983.197   170.572
  993   5.230   5.145   34.930    1.270    984.185   170.580
  994   5.230   5.145   34.930    1.271    985.174   170.539
  995   5.228   5.143   34.930    1.271    986.163   170.549
  996   5.228   5.143   34.930    1.272    987.152   170.589
  997   5.227   5.141   34.930    1.273    988.140   170.642
  998   5.224   5.139   34.930    1.273    989.129   170.693
  999   5.222   5.136   34.930    1.274    990.118   170.719
 1000   5.220   5.134   34.930    1.274    991.107   170.744
 1001   5.219   5.134   34.930    1.275    992.095   170.791
 1002   5.217   5.132   34.930    1.276    993.084   170.810
 1003   5.208   5.122   34.930    1.276    994.073   170.909
 1004   5.209   5.123   34.930    1.277    995.062   171.041
 1005   5.203   5.117   34.930    1.277    996.050   171.221
 1006   5.200   5.114   34.930    1.278    997.039   171.360
 1007   5.198   5.112   34.931    1.279    998.028   171.455
 1008   5.195   5.109   34.931    1.279    999.016   171.508
 1009   5.195   5.108   34.931    1.280    1000.005   171.518
 1010   5.191   5.105   34.931    1.280    1000.994   171.580
 1011   5.184   5.098   34.931    1.281    1001.983   171.751
 1012   5.180   5.093   34.931    1.282    1002.971   171.798
 1013   5.171   5.084   34.931    1.282    1003.960   171.875
 1014   5.155   5.068   34.932    1.283    1004.949   172.013
 1015   5.145   5.059   34.932    1.283    1005.937   172.245
 1016   5.143   5.057   34.932    1.284    1006.926   172.508
 1017   5.140   5.054   34.932    1.285    1007.915   172.836
 1018   5.134   5.048   34.933    1.285    1008.903   173.102
 1019   5.130   5.043   34.933    1.286    1009.892   173.429
 1020   5.130   5.043   34.933    1.286    1010.881   173.555
 1021   5.130   5.043   34.933    1.287    1011.869   173.685
 1022   5.130   5.043   34.933    1.288    1012.858   173.745
 1023   5.130   5.043   34.933    1.288    1013.847   173.823
 1024   5.130   5.043   34.933    1.289    1014.835   173.908
 1025   5.130   5.042   34.933    1.289    1015.824   173.974
 1026   5.127   5.040   34.933    1.290    1016.812   174.005
 1027   5.125   5.038   34.933    1.291    1017.801   173.991
 1028   5.124   5.036   34.933    1.291    1018.790   173.971
 1029   5.123   5.035   34.933    1.292    1019.778   174.036
 1030   5.122   5.035   34.933    1.292    1020.767   174.124
 1031   5.122   5.034   34.933    1.293    1021.755   174.189
 1032   5.121   5.033   34.933    1.293    1022.744   174.211
 1033   5.120   5.032   34.933    1.294    1023.733   174.248
 1034   5.119   5.031   34.933    1.295    1024.721   174.311
 1035   5.117   5.029   34.934    1.295    1025.710   174.334
 1036   5.117   5.028   34.934    1.296    1026.698   174.349
 1037   5.116   5.027   34.934    1.296    1027.687   174.402
 1038   5.113   5.025   34.934    1.297    1028.676   174.477
 1039   5.111   5.022   34.934    1.298    1029.664   174.561
 1040   5.106   5.017   34.934    1.298    1030.653   174.580
 1041   5.094   5.005   34.934    1.299    1031.641   174.680
 1042   5.091   5.003   34.934    1.299    1032.630   174.730
 1043   5.091   5.002   34.934    1.300    1033.618   174.870
 1044   5.089   5.001   34.934    1.301    1034.607   175.091
 1045   5.088   4.999   34.935    1.301    1035.595   175.222
 1046   5.088   4.999   34.934    1.302    1036.584   175.319
 1047   5.086   4.997   34.935    1.302    1037.572   175.435
 1048   5.081   4.992   34.935    1.303    1038.561   175.492
 1049   5.079   4.990   34.935    1.304    1039.549   175.567
 1050   5.079   4.989   34.935    1.304    1040.538   175.603
 1051   5.078   4.988   34.935    1.305    1041.526   175.694
 1052   5.076   4.986   34.935    1.305    1042.515   175.723
 1053   5.072   4.983   34.935    1.306    1043.503   175.776
 1054   5.072   4.982   34.935    1.306    1044.492   175.840
 1055   5.072   4.982   34.935    1.307    1045.480   175.969
 1056   5.072   4.982   34.935    1.308    1046.469   176.049
 1057   5.072   4.982   34.935    1.308    1047.457   176.101
 1058   5.073   4.984   34.935    1.309    1048.446   176.043
 1059   5.074   4.984   34.935    1.309    1049.434   176.076
 1060   5.074   4.983   34.935    1.310    1050.423   176.088
 1061   5.074   4.983   34.935    1.311    1051.411   176.101
 1062   5.073   4.983   34.935    1.311    1052.400   176.110
 1063   5.073   4.983   34.935    1.312    1053.388   176.122
 1064   5.070   4.980   34.935    1.312    1054.377   176.100
 1065   5.069   4.978   34.935    1.313    1055.365   176.080
 1066   5.069   4.979   34.935    1.314    1056.354   176.078
 1067   5.069   4.979   34.935    1.314    1057.342   176.105
 1068   5.069   4.979   34.935    1.315    1058.330   176.133
 1069   5.069   4.978   34.935    1.315    1059.319   176.166
 1070   5.068   4.977   34.935    1.316    1060.307   176.167
 1071   5.063   4.972   34.935    1.317    1061.296   176.192
 1072   5.063   4.972   34.936    1.317    1062.284   176.218
 1073   5.062   4.971   34.935    1.318    1063.272   176.283
 1074   5.059   4.968   34.936    1.318    1064.261   176.307
 1075   5.055   4.963   34.936    1.319    1065.249   176.378
 1076   5.046   4.955   34.936    1.319    1066.238   176.440
 1077   5.042   4.951   34.936    1.320    1067.226   176.535
 1078   5.035   4.943   34.936    1.321    1068.214   176.704
 1079   5.034   4.942   34.936    1.321    1069.203   176.828
 1080   5.034   4.942   34.936    1.322    1070.191   176.969
 1081   5.032   4.940   34.936    1.322    1071.180   177.185
 1082   5.021   4.929   34.937    1.323    1072.168   177.275
 1083   5.017   4.926   34.937    1.324    1073.156   177.313
 1084   5.005   4.913   34.937    1.324    1074.145   177.417
 1085   5.002   4.911   34.937    1.325    1075.133   177.494
 1086   5.001   4.909   34.938    1.325    1076.121   177.658
 1087   4.995   4.903   34.938    1.326    1077.110   177.875
 1088   4.991   4.899   34.938    1.326    1078.098   178.071
 1089   4.984   4.892   34.938    1.327    1079.086   178.299
 1090   4.980   4.887   34.938    1.328    1080.075   178.440
 1091   4.972   4.880   34.939    1.328    1081.063   178.587
 1092   4.969   4.876   34.939    1.329    1082.051   178.815
 1093   4.964   4.872   34.939    1.329    1083.040   179.002
 1094   4.959   4.867   34.939    1.330    1084.028   179.194
 1095   4.954   4.862   34.939    1.330    1085.016   179.341
 1096   4.951   4.858   34.939    1.331    1086.004   179.515
 1097   4.949   4.857   34.939    1.332    1086.993   179.614
 1098   4.949   4.857   34.939    1.332    1087.981   179.771
 1099   4.949   4.856   34.939    1.333    1088.969   179.888
 1100   4.947   4.854   34.939    1.333    1089.958   179.984
 1101   4.943   4.851   34.940    1.334    1090.946   180.014
 1102   4.943   4.850   34.940    1.335    1091.934   180.062
 1103   4.939   4.846   34.940    1.335    1092.922   180.181
 1104   4.937   4.844   34.940    1.336    1093.911   180.237
 1105   4.936   4.843   34.940    1.336    1094.899   180.349
 1106   4.932   4.839   34.940    1.337    1095.887   180.477
 1107   4.929   4.836   34.940    1.337    1096.875   180.485
 1108   4.928   4.834   34.940    1.338    1097.864   180.496
 1109   4.926   4.832   34.940    1.339    1098.852   180.574
 1110   4.925   4.831   34.940    1.339    1099.840   180.687
 1111   4.925   4.831   34.940    1.340    1100.828   180.834
 1112   4.924   4.831   34.941    1.340    1101.817   180.956
 1113   4.924   4.830   34.941    1.341    1102.805   181.000
 1114   4.910   4.817   34.941    1.341    1103.793   181.032
 1115   4.893   4.800   34.942    1.342    1104.781   181.035
 1116   4.889   4.795   34.942    1.343    1105.769   181.042
 1117   4.885   4.792   34.942    1.343    1106.758   181.309
 1118   4.881   4.787   34.942    1.344    1107.746   181.640
 1119   4.879   4.785   34.942    1.344    1108.734   181.953
 1120   4.878   4.784   34.942    1.345    1109.722   182.343
 1121   4.875   4.781   34.942    1.345    1110.710   182.724
 1122   4.872   4.778   34.942    1.346    1111.699   182.864
 1123   4.879   4.785   34.942    1.346    1112.687   183.151
 1124   4.873   4.779   34.942    1.347    1113.675   183.517
 1125   4.821   4.727   34.944    1.348    1114.663   184.306
 1126   4.769   4.675   34.946    1.348    1115.651   184.962
 1127   4.717   4.623   34.948    1.349    1116.639   184.985
