 station cast   lat    long    jday   mo/da/yr   gmt
 140      1   25.658 -84.716   293    10/20/21  1316 
 
    File created by Jay Hooper - 13-Dec-2021   
            GOMECC4 Cruise Sep 2021 
             NOAA Ship Ronald H Brown
                  
 
     Primary (T,S,O) sensors - Calibrated CTD data   

   pr       te       th       sa       ht       ga       ox
dbars    deg c    deg c      psu  dyn. cm    gamma  umol/kg
    1   28.051   28.050   36.084    0.005    0.994   195.904
    2   28.051   28.050   36.083    0.009    1.987   195.931
    3   28.051   28.050   36.083    0.014    2.981   195.958
    4   28.051   28.050   36.083    0.019    3.974   195.985
    5   28.051   28.049   36.082    0.023    4.968   195.921
    6   28.050   28.049   36.082    0.028    5.961   195.934
    7   28.051   28.049   36.082    0.033    6.955   195.908
    8   28.051   28.049   36.082    0.037    7.948   195.723
    9   28.051   28.049   36.083    0.042    8.942   195.929
   10   28.052   28.050   36.083    0.047    9.935   195.997
   11   28.052   28.050   36.084    0.051    10.928   196.013
   12   28.053   28.050   36.085    0.056    11.922   196.138
   13   28.058   28.055   36.087    0.061    12.915   196.224
   14   28.060   28.057   36.089    0.065    13.909   195.765
   15   28.059   28.055   36.087    0.070    14.902   195.910
   16   28.061   28.057   36.088    0.075    15.896   195.779
   17   28.057   28.053   36.085    0.079    16.889   195.891
   18   28.061   28.057   36.088    0.084    17.883   195.910
   19   28.072   28.067   36.099    0.089    18.876   195.966
   20   28.071   28.067   36.099    0.093    19.869   195.885
   21   28.080   28.075   36.106    0.098    20.863   195.762
   22   28.082   28.077   36.108    0.103    21.856   195.735
   23   28.084   28.078   36.109    0.108    22.850   195.900
   24   28.086   28.080   36.111    0.112    23.843   195.736
   25   28.091   28.085   36.115    0.117    24.837   195.734
   26   28.092   28.086   36.116    0.122    25.830   196.047
   27   28.101   28.095   36.124    0.126    26.823   196.083
   28   28.101   28.094   36.123    0.131    27.817   196.028
   29   28.100   28.093   36.122    0.136    28.810   195.998
   30   28.099   28.092   36.121    0.140    29.804   196.107
   31   28.109   28.102   36.128    0.145    30.797   196.128
   32   28.119   28.111   36.136    0.150    31.790   196.016
   33   28.123   28.116   36.139    0.154    32.784   195.909
   34   28.185   28.177   36.191    0.159    33.777   195.709
   35   28.189   28.181   36.237    0.163    34.770   196.146
   36   28.121   28.112   36.249    0.168    35.764   196.357
   37   27.943   27.935   36.277    0.173    36.757   196.941
   38   27.591   27.582   36.323    0.177    37.750   198.265
   39   27.452   27.443   36.337    0.181    38.744   200.329
   40   27.379   27.369   36.342    0.186    39.737   201.277
   41   27.157   27.148   36.358    0.190    40.730   201.329
   42   26.953   26.943   36.365    0.194    41.724   202.371
   43   26.736   26.726   36.365    0.198    42.717   203.200
   44   26.651   26.641   36.372    0.202    43.710   203.601
   45   26.549   26.538   36.385    0.206    44.704   203.681
   46   26.359   26.349   36.421    0.210    45.697   203.404
   47   26.252   26.241   36.443    0.214    46.690   203.401
   48   26.114   26.103   36.491    0.218    47.684   203.511
   49   25.901   25.890   36.554    0.221    48.677   203.157
   50   25.638   25.627   36.534    0.225    49.670   202.601
   51   25.309   25.297   36.501    0.229    50.663   201.559
   52   25.017   25.005   36.449    0.232    51.657   201.707
   53   24.710   24.699   36.361    0.236    52.650   201.726
   54   24.663   24.651   36.387    0.239    53.643   202.313
   55   24.813   24.801   36.460    0.242    54.636   201.905
   56   25.043   25.031   36.607    0.246    55.630   198.003
   57   24.994   24.981   36.641    0.249    56.623   190.484
   58   24.926   24.913   36.656    0.253    57.616   181.829
   59   24.823   24.810   36.673    0.256    58.609   178.553
   60   24.541   24.529   36.663    0.259    59.603   183.774
   61   24.394   24.381   36.648    0.262    60.596   185.568
   62   24.373   24.360   36.649    0.265    61.589   182.579
   63   24.384   24.371   36.676    0.269    62.582   178.638
   64   24.188   24.175   36.697    0.272    63.576   175.760
   65   23.976   23.962   36.703    0.275    64.569   176.236
   66   23.890   23.876   36.704    0.278    65.562   178.069
   67   23.736   23.722   36.709    0.281    66.555   178.786
   68   23.619   23.605   36.704    0.284    67.548   177.308
   69   23.375   23.360   36.717    0.286    68.542   177.170
   70   23.210   23.196   36.728    0.289    69.535   172.006
   71   23.041   23.027   36.746    0.292    70.528   163.324
   72   22.935   22.920   36.744    0.295    71.521   156.373
   73   22.726   22.711   36.741    0.297    72.514   155.966
   74   22.699   22.684   36.784    0.300    73.507   156.003
   75   22.565   22.550   36.763    0.303    74.501   156.082
   76   22.338   22.323   36.754    0.305    75.494   155.345
   77   22.291   22.276   36.766    0.308    76.487   153.803
   78   22.263   22.247   36.764    0.310    77.480   153.067
   79   22.208   22.192   36.765    0.313    78.473   153.062
   80   22.204   22.188   36.772    0.315    79.466   153.149
   81   22.199   22.182   36.773    0.318    80.460   153.271
   82   22.019   22.003   36.746    0.320    81.453   153.488
   83   21.802   21.786   36.742    0.323    82.446   152.351
   84   21.624   21.608   36.735    0.325    83.439   149.106
   85   21.539   21.522   36.733    0.327    84.432   147.004
   86   21.376   21.359   36.712    0.330    85.425   147.246
   87   21.269   21.252   36.716    0.332    86.418   147.047
   88   21.080   21.063   36.686    0.334    87.411   146.513
   89   20.917   20.900   36.660    0.336    88.404   144.578
   90   20.782   20.765   36.627    0.339    89.398   143.197
   91   20.670   20.652   36.600    0.341    90.391   141.617
   92   20.600   20.583   36.590    0.343    91.384   139.099
   93   20.485   20.468   36.576    0.345    92.377   136.366
   94   20.429   20.411   36.572    0.347    93.370   134.528
   95   20.465   20.447   36.615    0.350    94.363   133.723
   96   20.384   20.366   36.622    0.352    95.356   135.332
   97   20.314   20.295   36.623    0.354    96.349   137.159
   98   20.133   20.114   36.611    0.356    97.342   137.208
   99   20.043   20.025   36.606    0.358    98.335   135.023
  100   20.015   19.996   36.620    0.360    99.328   133.781
  101   20.011   19.993   36.630    0.362    100.321   135.398
  102   19.977   19.958   36.629    0.364    101.314   138.397
  103   19.849   19.830   36.613    0.366    102.307   140.405
  104   19.705   19.685   36.600    0.368    103.300   140.985
  105   19.638   19.619   36.601    0.370    104.293   141.157
  106   19.629   19.609   36.601    0.372    105.286   141.032
  107   19.589   19.569   36.598    0.374    106.279   140.842
  108   19.543   19.523   36.595    0.376    107.272   140.280
  109   19.501   19.481   36.591    0.378    108.265   140.096
  110   19.403   19.383   36.579    0.380    109.258   140.512
  111   19.347   19.327   36.574    0.382    110.251   140.624
  112   19.271   19.250   36.565    0.383    111.244   140.574
  113   19.179   19.158   36.555    0.385    112.237   140.796
  114   19.081   19.060   36.546    0.387    113.230   140.801
  115   19.031   19.010   36.540    0.389    114.223   140.244
  116   18.959   18.938   36.532    0.391    115.216   139.412
  117   18.896   18.875   36.523    0.393    116.209   137.993
  118   18.850   18.829   36.516    0.395    117.202   135.812
  119   18.782   18.761   36.509    0.396    118.195   133.539
  120   18.729   18.707   36.503    0.398    119.188   132.547
  121   18.709   18.687   36.501    0.400    120.181   132.639
  122   18.690   18.668   36.497    0.402    121.174   132.773
  123   18.594   18.572   36.483    0.404    122.167   132.122
  124   18.554   18.532   36.479    0.405    123.160   130.169
  125   18.534   18.512   36.477    0.407    124.153   128.601
  126   18.498   18.475   36.472    0.409    125.146   127.957
  127   18.438   18.415   36.465    0.411    126.139   128.411
  128   18.401   18.379   36.462    0.413    127.131   129.153
  129   18.385   18.363   36.461    0.414    128.124   129.600
  130   18.361   18.338   36.458    0.416    129.117   130.041
  131   18.343   18.320   36.456    0.418    130.110   130.378
  132   18.305   18.282   36.448    0.420    131.103   130.192
  133   18.248   18.225   36.437    0.421    132.096   128.943
  134   18.219   18.196   36.433    0.423    133.089   126.504
  135   18.184   18.160   36.426    0.425    134.082   124.333
  136   18.128   18.104   36.420    0.427    135.075   123.199
  137   18.104   18.080   36.418    0.428    136.067   123.182
  138   18.066   18.042   36.414    0.430    137.060   123.968
  139   18.012   17.988   36.409    0.432    138.053   124.698
  140   17.971   17.947   36.405    0.433    139.046   125.854
  141   17.923   17.898   36.399    0.435    140.039   127.182
  142   17.887   17.862   36.395    0.437    141.032   127.799
  143   17.884   17.860   36.398    0.438    142.024   127.761
  144   17.958   17.933   36.433    0.440    143.017   128.513
  145   18.010   17.985   36.452    0.442    144.010   136.557
  146   18.005   17.979   36.453    0.444    145.003   150.921
  147   17.997   17.971   36.454    0.445    145.996   157.546
  148   17.964   17.938   36.450    0.447    146.989   156.511
  149   17.874   17.848   36.432    0.449    147.981   155.075
  150   17.787   17.761   36.420    0.450    148.974   152.903
  151   17.761   17.735   36.416    0.452    149.967   150.662
  152   17.673   17.647   36.398    0.453    150.960   150.405
  153   17.593   17.567   36.383    0.455    151.953   149.598
  154   17.491   17.465   36.357    0.457    152.945   146.480
  155   17.350   17.324   36.334    0.458    153.938   140.971
  156   17.286   17.260   36.325    0.460    154.931   136.352
  157   17.205   17.179   36.316    0.462    155.924   135.304
  158   17.180   17.153   36.313    0.463    156.916   137.101
  159   17.167   17.140   36.312    0.465    157.909   139.137
  160   17.151   17.125   36.310    0.466    158.902   139.943
  161   17.131   17.104   36.308    0.468    159.895   140.022
  162   17.113   17.086   36.305    0.470    160.887   139.846
  163   17.085   17.058   36.301    0.471    161.880   139.569
  164   17.033   17.005   36.293    0.473    162.873   139.098
  165   16.996   16.968   36.290    0.474    163.866   138.887
  166   16.983   16.955   36.289    0.476    164.858   139.875
  167   16.972   16.944   36.288    0.477    165.851   140.878
  168   16.953   16.925   36.285    0.479    166.844   141.661
  169   16.919   16.891   36.277    0.481    167.837   141.465
  170   16.901   16.873   36.274    0.482    168.829   139.583
  171   16.864   16.836   36.267    0.484    169.822   137.645
  172   16.831   16.802   36.262    0.485    170.815   136.369
  173   16.791   16.762   36.254    0.487    171.807   135.977
  174   16.721   16.692   36.243    0.488    172.800   136.173
  175   16.615   16.586   36.222    0.490    173.793   136.134
  176   16.543   16.514   36.212    0.491    174.785   134.949
  177   16.510   16.481   36.207    0.493    175.778   133.631
  178   16.444   16.415   36.197    0.494    176.771   132.995
  179   16.400   16.371   36.192    0.496    177.763   133.542
  180   16.364   16.335   36.186    0.497    178.756   134.664
  181   16.341   16.311   36.184    0.499    179.749   134.977
  182   16.323   16.294   36.181    0.500    180.741   135.115
  183   16.263   16.233   36.171    0.502    181.734   135.554
  184   16.221   16.191   36.164    0.503    182.727   135.366
  185   16.213   16.184   36.162    0.505    183.719   134.111
  186   16.198   16.168   36.159    0.506    184.712   132.880
  187   16.156   16.126   36.149    0.508    185.705   131.281
  188   16.126   16.096   36.144    0.509    186.697   128.814
  189   16.119   16.088   36.143    0.511    187.690   127.315
  190   16.105   16.075   36.141    0.512    188.682   127.983
  191   16.085   16.054   36.138    0.514    189.675   128.986
  192   16.040   16.009   36.131    0.515    190.668   129.559
  193   16.015   15.984   36.128    0.517    191.660   130.127
  194   15.984   15.953   36.124    0.518    192.653   130.894
  195   15.943   15.912   36.118    0.520    193.645   131.847
  196   15.883   15.852   36.109    0.521    194.638   132.394
  197   15.869   15.838   36.107    0.523    195.631   132.403
  198   15.834   15.802   36.100    0.524    196.623   132.231
  199   15.778   15.746   36.091    0.526    197.616   132.032
  200   15.731   15.700   36.084    0.527    198.608   131.637
  201   15.670   15.638   36.074    0.528    199.601   131.142
  202   15.650   15.618   36.071    0.530    200.593   130.783
  203   15.622   15.590   36.066    0.531    201.586   130.589
  204   15.584   15.552   36.061    0.533    202.578   130.516
  205   15.559   15.527   36.057    0.534    203.571   130.438
  206   15.541   15.508   36.054    0.536    204.564   130.292
  207   15.496   15.464   36.047    0.537    205.556   130.242
  208   15.447   15.414   36.039    0.539    206.549   130.282
  209   15.418   15.385   36.035    0.540    207.541   130.372
  210   15.379   15.346   36.028    0.541    208.534   130.441
  211   15.356   15.323   36.026    0.543    209.526   130.389
  212   15.333   15.300   36.022    0.544    210.519   130.391
  213   15.303   15.270   36.017    0.546    211.511   130.306
  214   15.290   15.257   36.015    0.547    212.504   130.063
  215   15.282   15.249   36.014    0.548    213.496   129.771
  216   15.236   15.203   36.007    0.550    214.489   129.562
  217   15.174   15.141   35.996    0.551    215.481   129.380
  218   15.101   15.068   35.985    0.553    216.474   129.037
  219   15.079   15.046   35.981    0.554    217.466   128.548
  220   15.064   15.031   35.979    0.555    218.459   128.197
  221   15.033   14.999   35.973    0.557    219.451   127.953
  222   14.996   14.962   35.968    0.558    220.443   127.830
  223   14.978   14.944   35.965    0.559    221.436   127.647
  224   14.962   14.928   35.962    0.561    222.428   127.512
  225   14.944   14.910   35.959    0.562    223.421   127.447
  226   14.917   14.883   35.955    0.564    224.413   127.499
  227   14.897   14.862   35.952    0.565    225.406   127.479
  228   14.881   14.846   35.949    0.566    226.398   127.367
  229   14.842   14.807   35.943    0.568    227.391   127.288
  230   14.810   14.775   35.938    0.569    228.383   127.136
  231   14.781   14.746   35.933    0.570    229.375   127.078
  232   14.750   14.715   35.927    0.572    230.368   127.048
  233   14.719   14.684   35.922    0.573    231.360   127.040
  234   14.686   14.651   35.918    0.575    232.353   126.953
  235   14.661   14.626   35.914    0.576    233.345   126.651
  236   14.612   14.577   35.906    0.577    234.337   126.528
  237   14.577   14.542   35.900    0.579    235.330   126.488
  238   14.547   14.512   35.895    0.580    236.322   126.431
  239   14.493   14.457   35.887    0.581    237.314   126.372
  240   14.460   14.425   35.882    0.583    238.307   126.197
  241   14.426   14.390   35.877    0.584    239.299   126.010
  242   14.399   14.363   35.872    0.585    240.292   125.797
  243   14.356   14.320   35.865    0.587    241.284   125.648
  244   14.325   14.289   35.861    0.588    242.276   125.515
  245   14.311   14.274   35.858    0.589    243.269   125.288
  246   14.288   14.252   35.854    0.591    244.261   125.065
  247   14.265   14.229   35.851    0.592    245.253   124.859
  248   14.246   14.209   35.848    0.593    246.246   124.552
  249   14.202   14.166   35.841    0.595    247.238   124.259
  250   14.172   14.135   35.836    0.596    248.230   123.980
  251   14.145   14.108   35.831    0.597    249.223   123.695
  252   14.112   14.075   35.826    0.598    250.215   123.302
  253   14.074   14.037   35.820    0.600    251.207   122.712
  254   14.037   14.000   35.814    0.601    252.200   121.546
  255   14.023   13.986   35.813    0.602    253.192   120.440
  256   14.020   13.982   35.812    0.604    254.184   119.768
  257   14.011   13.973   35.810    0.605    255.176   119.447
  258   14.003   13.965   35.809    0.606    256.169   119.264
  259   13.993   13.955   35.807    0.608    257.161   118.995
  260   13.940   13.902   35.798    0.609    258.153   118.607
  261   13.920   13.882   35.796    0.610    259.146   117.863
  262   13.903   13.865   35.793    0.611    260.138   117.019
  263   13.860   13.822   35.785    0.613    261.130   116.247
  264   13.772   13.734   35.773    0.614    262.122   115.602
  265   13.746   13.708   35.769    0.615    263.115   115.223
  266   13.720   13.681   35.765    0.617    264.107   115.226
  267   13.703   13.664   35.762    0.618    265.099   115.269
  268   13.685   13.646   35.759    0.619    266.091   115.378
  269   13.670   13.631   35.757    0.620    267.084   115.461
  270   13.659   13.621   35.755    0.622    268.076   115.550
  271   13.644   13.606   35.753    0.623    269.068   115.580
  272   13.635   13.596   35.752    0.624    270.060   115.573
  273   13.623   13.584   35.750    0.625    271.052   115.632
  274   13.617   13.577   35.749    0.627    272.045   115.675
  275   13.601   13.562   35.746    0.628    273.037   115.720
  276   13.586   13.547   35.744    0.629    274.029   115.736
  277   13.561   13.522   35.739    0.631    275.021   115.822
  278   13.543   13.503   35.737    0.632    276.013   115.867
  279   13.531   13.491   35.735    0.633    277.006   115.881
  280   13.512   13.472   35.732    0.634    277.998   115.903
  281   13.463   13.423   35.723    0.636    278.990   116.275
  282   13.419   13.379   35.716    0.637    279.982   116.783
  283   13.370   13.330   35.708    0.638    280.974   117.414
  284   13.342   13.302   35.705    0.639    281.966   117.709
  285   13.326   13.286   35.702    0.641    282.959   117.627
  286   13.266   13.226   35.692    0.642    283.951   117.225
  287   13.209   13.168   35.685    0.643    284.943   116.477
  288   13.197   13.157   35.683    0.644    285.935   115.677
  289   13.182   13.141   35.680    0.646    286.927   115.148
  290   13.150   13.109   35.674    0.647    287.919   114.926
  291   13.115   13.074   35.669    0.648    288.911   115.041
  292   13.070   13.029   35.662    0.649    289.904   115.458
  293   13.020   12.980   35.655    0.650    290.896   115.576
  294   13.014   12.973   35.654    0.652    291.888   115.098
  295   13.000   12.959   35.652    0.653    292.880   114.418
  296   12.946   12.905   35.642    0.654    293.872   114.225
  297   12.912   12.871   35.637    0.655    294.864   114.205
  298   12.892   12.851   35.634    0.657    295.856   114.265
  299   12.878   12.837   35.632    0.658    296.848   114.412
  300   12.868   12.827   35.630    0.659    297.840   114.645
  301   12.850   12.808   35.627    0.660    298.833   114.884
  302   12.816   12.774   35.621    0.661    299.825   115.191
  303   12.779   12.738   35.614    0.663    300.817   115.643
  304   12.727   12.685   35.606    0.664    301.809   116.472
  305   12.698   12.656   35.602    0.665    302.801   117.617
  306   12.680   12.638   35.599    0.666    303.793   118.742
  307   12.670   12.628   35.598    0.667    304.785   119.256
  308   12.664   12.622   35.597    0.669    305.777   119.307
  309   12.662   12.620   35.597    0.670    306.769   119.062
  310   12.655   12.613   35.596    0.671    307.761   118.689
  311   12.645   12.603   35.594    0.672    308.753   118.425
  312   12.627   12.585   35.591    0.673    309.745   118.342
  313   12.616   12.574   35.590    0.675    310.737   118.529
  314   12.599   12.556   35.587    0.676    311.729   118.959
  315   12.589   12.547   35.585    0.677    312.721   119.258
  316   12.578   12.535   35.583    0.678    313.713   119.481
  317   12.561   12.518   35.581    0.679    314.705   119.640
  318   12.554   12.511   35.579    0.681    315.697   119.820
  319   12.499   12.455   35.570    0.682    316.689   119.981
  320   12.424   12.381   35.558    0.683    317.681   120.022
  321   12.380   12.336   35.550    0.684    318.673   120.048
  322   12.349   12.305   35.545    0.685    319.665   120.152
  323   12.300   12.257   35.538    0.687    320.657   120.329
  324   12.266   12.223   35.532    0.688    321.649   120.286
  325   12.200   12.157   35.524    0.689    322.641   120.157
  326   12.134   12.091   35.513    0.690    323.633   119.956
  327   12.112   12.068   35.510    0.691    324.625   119.696
  328   12.106   12.063   35.510    0.692    325.617   119.237
  329   12.105   12.061   35.509    0.694    326.609   118.725
  330   12.074   12.031   35.505    0.695    327.601   118.425
  331   12.065   12.022   35.504    0.696    328.593   118.347
  332   12.056   12.012   35.502    0.697    329.585   118.390
  333   12.033   11.989   35.499    0.698    330.577   118.408
  334   12.014   11.970   35.496    0.699    331.568   118.227
  335   11.998   11.954   35.494    0.701    332.560   117.900
  336   11.995   11.951   35.494    0.702    333.552   117.553
  337   11.993   11.948   35.494    0.703    334.544   117.389
  338   11.986   11.941   35.493    0.704    335.536   117.314
  339   11.969   11.924   35.490    0.705    336.528   117.319
  340   11.946   11.902   35.486    0.706    337.520   117.355
  341   11.924   11.879   35.482    0.707    338.512   117.398
  342   11.890   11.845   35.477    0.709    339.504   117.553
  343   11.853   11.808   35.472    0.710    340.496   117.665
  344   11.842   11.797   35.471    0.711    341.487   117.629
  345   11.838   11.793   35.470    0.712    342.479   117.559
  346   11.836   11.791   35.470    0.713    343.471   117.434
  347   11.831   11.785   35.469    0.714    344.463   117.320
  348   11.826   11.781   35.469    0.716    345.455   117.230
  349   11.816   11.770   35.467    0.717    346.447   117.231
  350   11.804   11.758   35.466    0.718    347.439   117.228
  351   11.797   11.751   35.465    0.719    348.430   117.194
  352   11.787   11.741   35.463    0.720    349.422   117.193
  353   11.777   11.731   35.461    0.721    350.414   117.170
  354   11.771   11.725   35.460    0.722    351.406   117.170
  355   11.766   11.720   35.459    0.724    352.398   117.193
  356   11.761   11.714   35.458    0.725    353.390   117.309
  357   11.717   11.671   35.450    0.726    354.381   117.521
  358   11.674   11.627   35.444    0.727    355.373   117.570
  359   11.640   11.593   35.439    0.728    356.365   117.529
  360   11.619   11.573   35.436    0.729    357.357   117.275
  361   11.569   11.522   35.429    0.730    358.349   116.911
  362   11.554   11.508   35.426    0.731    359.340   116.843
  363   11.543   11.497   35.425    0.733    360.332   116.883
  364   11.502   11.455   35.416    0.734    361.324   117.058
  365   11.457   11.411   35.411    0.735    362.316   117.181
  366   11.399   11.352   35.401    0.736    363.307   117.482
  367   11.373   11.326   35.398    0.737    364.299   117.862
  368   11.359   11.312   35.395    0.738    365.291   118.157
  369   11.342   11.295   35.393    0.739    366.283   118.342
  370   11.335   11.288   35.391    0.740    367.275   118.479
  371   11.323   11.276   35.389    0.742    368.266   118.514
  372   11.314   11.267   35.388    0.743    369.258   118.522
  373   11.299   11.252   35.386    0.744    370.250   118.558
  374   11.272   11.225   35.382    0.745    371.241   118.601
  375   11.247   11.199   35.377    0.746    372.233   118.659
  376   11.205   11.157   35.371    0.747    373.225   118.765
  377   11.165   11.117   35.365    0.748    374.217   118.844
  378   11.131   11.083   35.360    0.749    375.208   118.873
  379   11.108   11.061   35.357    0.751    376.200   118.887
  380   11.088   11.041   35.353    0.752    377.192   118.840
  381   11.064   11.016   35.350    0.753    378.183   118.725
  382   11.056   11.008   35.349    0.754    379.175   118.664
  383   11.035   10.987   35.345    0.755    380.167   118.614
  384   11.000   10.952   35.340    0.756    381.159   118.645
  385   10.968   10.920   35.336    0.757    382.150   118.609
  386   10.954   10.906   35.334    0.758    383.142   118.505
  387   10.946   10.898   35.333    0.759    384.134   118.423
  388   10.937   10.888   35.331    0.760    385.125   118.434
  389   10.929   10.881   35.330    0.761    386.117   118.500
  390   10.925   10.876   35.330    0.763    387.109   118.642
  391   10.918   10.869   35.329    0.764    388.100   118.750
  392   10.899   10.850   35.326    0.765    389.092   118.739
  393   10.881   10.832   35.324    0.766    390.083   118.739
  394   10.859   10.810   35.320    0.767    391.075   118.744
  395   10.845   10.796   35.318    0.768    392.067   118.687
  396   10.838   10.789   35.317    0.769    393.058   118.659
  397   10.806   10.757   35.313    0.770    394.050   118.632
  398   10.781   10.732   35.310    0.771    395.042   118.593
  399   10.766   10.716   35.307    0.772    396.033   118.572
  400   10.752   10.703   35.305    0.773    397.025   118.541
  401   10.729   10.679   35.301    0.775    398.016   118.523
  402   10.704   10.654   35.298    0.776    399.008   118.443
  403   10.681   10.631   35.295    0.777    400.000   118.411
  404   10.675   10.625   35.294    0.778    400.991   118.293
  405   10.666   10.616   35.292    0.779    401.983   118.184
  406   10.645   10.595   35.290    0.780    402.974   118.097
  407   10.642   10.592   35.289    0.781    403.966   118.008
  408   10.624   10.574   35.286    0.782    404.958   118.040
  409   10.581   10.531   35.280    0.783    405.949   118.143
  410   10.543   10.493   35.275    0.784    406.941   118.150
  411   10.516   10.466   35.270    0.785    407.932   118.082
  412   10.478   10.428   35.265    0.786    408.924   117.981
  413   10.425   10.375   35.257    0.787    409.915   117.965
  414   10.371   10.321   35.250    0.789    410.907   117.935
  415   10.320   10.271   35.243    0.790    411.898   117.919
  416   10.298   10.248   35.240    0.791    412.890   117.834
  417   10.261   10.211   35.234    0.792    413.881   117.775
  418   10.222   10.172   35.230    0.793    414.873   117.745
  419   10.205   10.155   35.227    0.794    415.864   117.749
  420   10.192   10.142   35.226    0.795    416.856   117.777
  421   10.177   10.127   35.224    0.796    417.847   117.806
  422   10.172   10.122   35.223    0.797    418.839   117.787
  423   10.165   10.115   35.222    0.798    419.830   117.734
  424   10.149   10.098   35.220    0.799    420.822   117.774
  425   10.129   10.079   35.216    0.800    421.813   117.746
  426   10.046   9.996   35.207    0.801    422.805   117.780
  427   10.031   9.981   35.205    0.802    423.796   117.591
  428   10.026   9.976   35.204    0.803    424.788   117.532
  429   10.023   9.973   35.204    0.804    425.779   117.566
  430   10.022   9.971   35.204    0.805    426.771   117.617
  431   10.020   9.970   35.204    0.806    427.762   117.514
  432   10.018   9.967   35.203    0.807    428.754   117.471
  433   10.014   9.963   35.203    0.808    429.745   117.491
  434   10.002   9.951   35.201    0.809    430.737   117.537
  435   9.991   9.940   35.199    0.810    431.728   117.559
  436   9.978   9.927   35.197    0.812    432.720   117.503
  437   9.961   9.910   35.194    0.813    433.711   117.443
  438   9.904   9.852   35.186    0.814    434.702   117.459
  439   9.856   9.805   35.180    0.815    435.694   117.409
  440   9.818   9.767   35.175    0.816    436.685   117.388
  441   9.800   9.749   35.172    0.817    437.677   117.367
  442   9.775   9.724   35.169    0.818    438.668   117.440
  443   9.726   9.674   35.163    0.819    439.659   117.579
  444   9.704   9.653   35.160    0.820    440.651   117.553
  445   9.679   9.627   35.156    0.821    441.642   117.696
  446   9.662   9.611   35.154    0.822    442.634   117.727
  447   9.643   9.591   35.151    0.823    443.625   117.714
  448   9.616   9.564   35.149    0.824    444.616   117.644
  449   9.608   9.556   35.148    0.825    445.608   117.612
  450   9.605   9.553   35.148    0.826    446.599   117.652
  451   9.574   9.522   35.144    0.827    447.590   117.723
  452   9.526   9.475   35.138    0.828    448.582   117.687
  453   9.509   9.457   35.135    0.829    449.573   117.569
  454   9.493   9.441   35.133    0.830    450.565   117.536
  455   9.472   9.420   35.130    0.831    451.556   117.589
  456   9.435   9.383   35.126    0.832    452.547   117.624
  457   9.414   9.363   35.123    0.833    453.539   117.628
  458   9.384   9.332   35.119    0.834    454.530   117.638
  459   9.357   9.305   35.116    0.835    455.521   117.650
  460   9.342   9.290   35.114    0.836    456.513   117.687
  461   9.333   9.281   35.113    0.837    457.504   117.764
  462   9.319   9.267   35.112    0.838    458.495   117.863
  463   9.315   9.263   35.112    0.839    459.487   117.931
  464   9.297   9.245   35.109    0.840    460.478   117.950
  465   9.268   9.216   35.106    0.841    461.469   117.929
  466   9.263   9.211   35.106    0.842    462.460   117.913
  467   9.261   9.208   35.105    0.843    463.452   117.976
  468   9.258   9.206   35.105    0.844    464.443   118.029
  469   9.255   9.202   35.104    0.845    465.434   118.084
  470   9.253   9.200   35.104    0.846    466.426   118.093
  471   9.251   9.198   35.105    0.847    467.417   118.025
  472   9.245   9.192   35.103    0.848    468.408   117.980
  473   9.208   9.155   35.099    0.849    469.399   118.030
  474   9.192   9.139   35.098    0.850    470.391   117.967
  475   9.180   9.126   35.096    0.851    471.382   117.949
  476   9.157   9.104   35.093    0.852    472.373   117.914
  477   9.135   9.082   35.090    0.853    473.364   117.944
  478   9.132   9.078   35.090    0.854    474.356   117.978
  479   9.128   9.075   35.089    0.855    475.347   118.069
  480   9.124   9.071   35.089    0.856    476.338   118.177
  481   9.124   9.070   35.089    0.857    477.329   118.196
  482   9.122   9.068   35.088    0.858    478.320   118.222
  483   9.109   9.055   35.087    0.859    479.312   118.291
  484   9.103   9.049   35.086    0.860    480.303   118.317
  485   9.089   9.035   35.085    0.861    481.294   118.352
  486   9.073   9.019   35.083    0.862    482.285   118.375
  487   9.053   8.999   35.080    0.863    483.276   118.428
  488   9.034   8.980   35.079    0.864    484.268   118.481
  489   9.028   8.974   35.078    0.865    485.259   118.439
  490   9.019   8.964   35.077    0.866    486.250   118.445
  491   9.015   8.960   35.076    0.867    487.241   118.429
  492   9.014   8.959   35.076    0.867    488.232   118.457
  493   9.012   8.957   35.076    0.868    489.224   118.435
  494   8.999   8.945   35.074    0.869    490.215   118.471
  495   8.986   8.931   35.073    0.870    491.206   118.482
  496   8.971   8.917   35.071    0.871    492.197   118.549
  497   8.956   8.901   35.069    0.872    493.188   118.602
  498   8.942   8.887   35.067    0.873    494.179   118.624
  499   8.924   8.869   35.065    0.874    495.170   118.636
  500   8.914   8.858   35.064    0.875    496.162   118.630
  501   8.897   8.842   35.062    0.876    497.153   118.641
  502   8.865   8.809   35.059    0.877    498.144   118.671
  503   8.854   8.798   35.058    0.878    499.135   118.665
  504   8.843   8.788   35.056    0.879    500.126   118.727
  505   8.831   8.775   35.055    0.880    501.117   118.850
  506   8.814   8.758   35.053    0.881    502.108   118.926
  507   8.766   8.711   35.047    0.882    503.099   119.094
  508   8.757   8.702   35.046    0.883    504.090   119.109
  509   8.752   8.697   35.046    0.884    505.082   119.131
  510   8.745   8.689   35.045    0.885    506.073   119.125
  511   8.739   8.683   35.044    0.886    507.064   119.085
  512   8.736   8.680   35.044    0.887    508.055   119.125
  513   8.736   8.680   35.044    0.888    509.046   119.207
  514   8.733   8.677   35.044    0.889    510.037   119.196
  515   8.733   8.677   35.044    0.890    511.028   119.140
  516   8.733   8.676   35.044    0.891    512.019   119.151
  517   8.732   8.676   35.044    0.892    513.010   119.181
  518   8.735   8.679   35.044    0.893    514.001   119.198
  519   8.700   8.644   35.040    0.894    514.992   119.285
  520   8.633   8.577   35.033    0.895    515.983   119.338
  521   8.589   8.532   35.028    0.896    516.974   119.379
  522   8.552   8.495   35.024    0.896    517.965   119.502
  523   8.542   8.486   35.023    0.897    518.956   119.641
  524   8.531   8.475   35.022    0.898    519.947   119.773
  525   8.518   8.461   35.020    0.899    520.938   119.897
  526   8.510   8.454   35.020    0.900    521.929   119.950
  527   8.500   8.443   35.019    0.901    522.920   119.976
  528   8.487   8.430   35.017    0.902    523.911   120.024
  529   8.457   8.401   35.014    0.903    524.902   120.075
  530   8.427   8.370   35.011    0.904    525.893   120.094
  531   8.426   8.369   35.011    0.905    526.884   120.086
  532   8.426   8.369   35.011    0.906    527.875   120.153
  533   8.426   8.369   35.012    0.907    528.866   120.263
  534   8.425   8.368   35.012    0.908    529.857   120.307
  535   8.412   8.355   35.011    0.909    530.848   120.357
  536   8.404   8.347   35.010    0.910    531.839   120.364
  537   8.389   8.332   35.008    0.911    532.830   120.329
  538   8.367   8.310   35.006    0.912    533.821   120.310
  539   8.352   8.295   35.004    0.912    534.812   120.333
  540   8.345   8.288   35.004    0.913    535.803   120.460
  541   8.339   8.282   35.003    0.914    536.794   120.662
  542   8.330   8.273   35.002    0.915    537.785   120.773
  543   8.313   8.256   35.000    0.916    538.776   120.803
  544   8.308   8.251   35.000    0.917    539.767   120.830
  545   8.300   8.243   34.999    0.918    540.758   120.848
  546   8.296   8.239   34.999    0.919    541.748   120.906
  547   8.293   8.235   34.998    0.920    542.739   121.015
  548   8.285   8.228   34.998    0.921    543.730   121.086
  549   8.269   8.211   34.996    0.922    544.721   121.026
  550   8.242   8.184   34.994    0.923    545.712   121.085
  551   8.230   8.173   34.993    0.924    546.703   121.102
  552   8.219   8.161   34.992    0.925    547.694   121.175
  553   8.203   8.145   34.991    0.925    548.685   121.260
  554   8.193   8.135   34.990    0.926    549.676   121.286
  555   8.187   8.129   34.989    0.927    550.667   121.296
  556   8.177   8.119   34.988    0.928    551.657   121.262
  557   8.169   8.111   34.988    0.929    552.648   121.288
  558   8.165   8.107   34.987    0.930    553.639   121.340
  559   8.163   8.105   34.987    0.931    554.630   121.383
  560   8.161   8.103   34.987    0.932    555.621   121.481
  561   8.159   8.100   34.987    0.933    556.612   121.447
  562   8.150   8.091   34.986    0.934    557.602   121.428
  563   8.142   8.083   34.985    0.935    558.593   121.445
  564   8.139   8.080   34.985    0.936    559.584   121.469
  565   8.129   8.070   34.984    0.937    560.575   121.562
  566   8.122   8.062   34.984    0.937    561.566   121.630
  567   8.119   8.059   34.983    0.938    562.557   121.679
  568   8.118   8.059   34.983    0.939    563.547   121.719
  569   8.117   8.057   34.983    0.940    564.538   121.756
  570   8.116   8.056   34.983    0.941    565.529   121.770
  571   8.113   8.053   34.983    0.942    566.520   121.750
  572   8.106   8.047   34.982    0.943    567.511   121.717
  573   8.095   8.036   34.981    0.944    568.501   121.772
  574   8.092   8.032   34.981    0.945    569.492   121.813
  575   8.083   8.023   34.980    0.946    570.483   121.904
  576   8.084   8.024   34.980    0.947    571.474   121.961
  577   8.082   8.022   34.980    0.948    572.464   121.995
  578   8.081   8.021   34.980    0.948    573.455   122.027
  579   8.080   8.019   34.980    0.949    574.446   122.071
  580   8.078   8.017   34.979    0.950    575.437   122.013
  581   8.065   8.004   34.978    0.951    576.427   121.969
  582   8.058   7.997   34.978    0.952    577.418   121.989
  583   8.037   7.976   34.975    0.953    578.409   122.074
  584   8.014   7.954   34.973    0.954    579.400   122.183
  585   8.008   7.947   34.973    0.955    580.390   122.282
  586   8.003   7.942   34.972    0.956    581.381   122.389
  587   7.990   7.929   34.971    0.957    582.372   122.504
  588   7.967   7.906   34.969    0.958    583.363   122.693
  589   7.936   7.875   34.967    0.959    584.353   122.796
  590   7.894   7.833   34.963    0.959    585.344   122.995
  591   7.858   7.797   34.960    0.960    586.335   123.105
  592   7.848   7.787   34.959    0.961    587.325   123.268
  593   7.832   7.771   34.958    0.962    588.316   123.392
  594   7.790   7.729   34.954    0.963    589.307   123.619
  595   7.747   7.686   34.951    0.964    590.297   123.808
  596   7.744   7.683   34.951    0.965    591.288   123.976
  597   7.740   7.679   34.951    0.966    592.279   124.103
  598   7.733   7.672   34.951    0.967    593.269   124.269
  599   7.728   7.667   34.951    0.968    594.260   124.392
  600   7.725   7.664   34.951    0.968    595.251   124.476
  601   7.716   7.655   34.950    0.969    596.241   124.542
  602   7.708   7.646   34.950    0.970    597.232   124.597
  603   7.694   7.632   34.949    0.971    598.223   124.638
  604   7.677   7.616   34.948    0.972    599.213   124.696
  605   7.672   7.611   34.947    0.973    600.204   124.683
  606   7.667   7.605   34.947    0.974    601.195   124.721
  607   7.663   7.602   34.947    0.975    602.185   124.786
  608   7.656   7.594   34.946    0.975    603.176   124.784
  609   7.647   7.585   34.946    0.976    604.166   124.867
  610   7.640   7.578   34.945    0.977    605.157   124.940
  611   7.638   7.576   34.945    0.978    606.148   124.978
  612   7.632   7.570   34.945    0.979    607.138   125.081
  613   7.616   7.554   34.944    0.980    608.129   125.179
  614   7.604   7.543   34.943    0.981    609.120   125.222
  615   7.605   7.543   34.943    0.982    610.110   125.240
  616   7.604   7.542   34.943    0.983    611.101   125.286
  617   7.604   7.542   34.943    0.983    612.091   125.343
  618   7.604   7.541   34.944    0.984    613.082   125.433
  619   7.600   7.538   34.943    0.985    614.072   125.474
  620   7.586   7.523   34.942    0.986    615.063   125.477
  621   7.575   7.513   34.942    0.987    616.054   125.462
  622   7.570   7.508   34.941    0.988    617.044   125.432
  623   7.565   7.503   34.941    0.989    618.035   125.531
  624   7.560   7.497   34.941    0.990    619.025   125.665
  625   7.553   7.490   34.940    0.990    620.016   125.773
  626   7.544   7.481   34.940    0.991    621.006   125.794
  627   7.544   7.481   34.940    0.992    621.997   125.814
  628   7.542   7.479   34.939    0.993    622.987   125.856
  629   7.529   7.466   34.938    0.994    623.978   125.912
  630   7.510   7.447   34.937    0.995    624.968   125.971
  631   7.490   7.427   34.936    0.996    625.959   125.972
  632   7.476   7.413   34.934    0.997    626.949   126.018
  633   7.438   7.375   34.931    0.997    627.940   126.235
  634   7.415   7.352   34.930    0.998    628.930   126.474
  635   7.402   7.338   34.929    0.999    629.921   126.690
  636   7.397   7.333   34.929    1.000    630.911   126.876
  637   7.384   7.321   34.928    1.001    631.902   127.078
  638   7.372   7.308   34.928    1.002    632.892   127.233
  639   7.352   7.288   34.927    1.003    633.883   127.312
  640   7.327   7.263   34.926    1.003    634.873   127.345
  641   7.315   7.252   34.925    1.004    635.864   127.426
  642   7.306   7.243   34.925    1.005    636.854   127.570
  643   7.288   7.224   34.923    1.006    637.845   127.789
  644   7.249   7.185   34.921    1.007    638.835   128.023
  645   7.228   7.165   34.920    1.008    639.825   128.160
  646   7.219   7.155   34.920    1.009    640.816   128.322
  647   7.208   7.144   34.919    1.009    641.806   128.513
  648   7.177   7.113   34.917    1.010    642.797   128.701
  649   7.152   7.089   34.917    1.011    643.787   128.816
  650   7.152   7.089   34.917    1.012    644.778   128.887
  651   7.148   7.085   34.916    1.013    645.768   129.117
  652   7.148   7.084   34.917    1.014    646.758   129.321
  653   7.146   7.082   34.916    1.014    647.749   129.460
  654   7.145   7.081   34.917    1.015    648.739   129.475
  655   7.144   7.080   34.917    1.016    649.730   129.437
  656   7.138   7.074   34.917    1.017    650.720   129.466
  657   7.131   7.067   34.916    1.018    651.710   129.500
  658   7.124   7.060   34.916    1.019    652.701   129.469
  659   7.121   7.057   34.916    1.019    653.691   129.560
  660   7.109   7.045   34.915    1.020    654.682   129.687
  661   7.080   7.016   34.914    1.021    655.672   129.833
  662   7.071   7.007   34.914    1.022    656.662   129.874
  663   7.068   7.003   34.914    1.023    657.653   129.980
  664   7.067   7.003   34.914    1.024    658.643   130.168
  665   7.066   7.001   34.914    1.024    659.633   130.389
  666   7.062   6.997   34.914    1.025    660.624   130.474
  667   7.058   6.993   34.914    1.026    661.614   130.521
  668   7.054   6.989   34.914    1.027    662.604   130.598
  669   7.053   6.988   34.914    1.028    663.595   130.591
  670   7.049   6.984   34.914    1.029    664.585   130.621
  671   7.039   6.974   34.913    1.029    665.575   130.627
  672   7.015   6.949   34.912    1.030    666.566   130.666
  673   7.000   6.935   34.912    1.031    667.556   130.723
  674   6.997   6.932   34.911    1.032    668.546   130.761
  675   6.995   6.930   34.911    1.033    669.537   131.040
  676   6.987   6.922   34.911    1.033    670.527   131.226
  677   6.979   6.914   34.911    1.034    671.517   131.330
  678   6.974   6.908   34.911    1.035    672.508   131.385
  679   6.968   6.903   34.910    1.036    673.498   131.427
  680   6.961   6.896   34.910    1.037    674.488   131.578
  681   6.955   6.890   34.910    1.038    675.478   131.733
  682   6.947   6.881   34.909    1.038    676.469   131.819
  683   6.932   6.866   34.909    1.039    677.459   131.945
  684   6.927   6.861   34.909    1.040    678.449   132.046
  685   6.918   6.852   34.908    1.041    679.439   132.251
  686   6.897   6.831   34.908    1.042    680.430   132.403
  687   6.885   6.819   34.907    1.042    681.420   132.534
  688   6.878   6.812   34.907    1.043    682.410   132.753
  689   6.862   6.796   34.907    1.044    683.400   132.999
  690   6.840   6.774   34.906    1.045    684.391   133.141
  691   6.831   6.765   34.906    1.046    685.381   133.200
  692   6.823   6.757   34.906    1.046    686.371   133.284
  693   6.814   6.748   34.906    1.047    687.361   133.493
  694   6.807   6.741   34.906    1.048    688.351   133.706
  695   6.801   6.734   34.906    1.049    689.342   133.880
  696   6.790   6.724   34.906    1.050    690.332   133.966
  697   6.774   6.707   34.905    1.051    691.322   134.057
  698   6.759   6.692   34.905    1.051    692.312   134.115
  699   6.751   6.685   34.905    1.052    693.302   134.230
  700   6.746   6.680   34.905    1.053    694.293   134.406
  701   6.735   6.669   34.905    1.054    695.283   134.649
  702   6.724   6.658   34.904    1.054    696.273   134.806
  703   6.724   6.658   34.904    1.055    697.263   134.850
  704   6.723   6.656   34.904    1.056    698.253   134.890
  705   6.720   6.653   34.904    1.057    699.244   134.991
  706   6.713   6.646   34.904    1.058    700.234   135.110
  707   6.698   6.631   34.904    1.058    701.224   135.308
  708   6.682   6.615   34.904    1.059    702.214   135.400
  709   6.675   6.608   34.904    1.060    703.204   135.484
  710   6.670   6.603   34.904    1.061    704.194   135.595
  711   6.668   6.601   34.904    1.062    705.184   135.738
  712   6.665   6.598   34.904    1.062    706.175   135.819
  713   6.659   6.592   34.904    1.063    707.165   135.938
  714   6.644   6.577   34.903    1.064    708.155   136.120
  715   6.633   6.566   34.903    1.065    709.145   136.235
  716   6.625   6.557   34.903    1.066    710.135   136.334
  717   6.620   6.552   34.903    1.066    711.125   136.495
  718   6.610   6.543   34.903    1.067    712.115   136.683
  719   6.603   6.536   34.903    1.068    713.105   136.870
  720   6.598   6.530   34.903    1.069    714.095   136.969
  721   6.592   6.524   34.903    1.069    715.085   137.057
  722   6.585   6.517   34.903    1.070    716.076   137.148
  723   6.580   6.512   34.903    1.071    717.066   137.260
  724   6.577   6.509   34.903    1.072    718.056   137.395
  725   6.576   6.508   34.903    1.073    719.046   137.500
  726   6.573   6.505   34.903    1.073    720.036   137.612
  727   6.570   6.502   34.903    1.074    721.026   137.674
  728   6.566   6.497   34.903    1.075    722.016   137.689
  729   6.560   6.492   34.903    1.076    723.006   137.718
  730   6.558   6.490   34.903    1.076    723.996   137.776
  731   6.551   6.483   34.903    1.077    724.986   137.800
  732   6.545   6.476   34.903    1.078    725.976   137.882
  733   6.541   6.472   34.903    1.079    726.966   137.996
  734   6.538   6.470   34.902    1.079    727.956   138.151
  735   6.527   6.459   34.902    1.080    728.946   138.281
  736   6.521   6.452   34.902    1.081    729.936   138.371
  737   6.508   6.439   34.902    1.082    730.926   138.418
  738   6.501   6.432   34.902    1.083    731.916   138.528
  739   6.493   6.424   34.902    1.083    732.906   138.804
  740   6.492   6.423   34.903    1.084    733.896   139.029
  741   6.490   6.421   34.902    1.085    734.886   139.087
  742   6.487   6.418   34.903    1.086    735.876   139.103
  743   6.483   6.413   34.903    1.086    736.866   139.147
  744   6.468   6.398   34.902    1.087    737.856   139.214
  745   6.463   6.393   34.902    1.088    738.846   139.299
  746   6.456   6.387   34.902    1.089    739.836   139.450
  747   6.447   6.377   34.902    1.089    740.826   139.650
  748   6.435   6.366   34.902    1.090    741.816   139.751
  749   6.428   6.358   34.902    1.091    742.806   139.931
  750   6.407   6.337   34.902    1.092    743.796   140.191
  751   6.388   6.318   34.902    1.092    744.786   140.342
  752   6.380   6.310   34.902    1.093    745.776   140.648
  753   6.378   6.308   34.903    1.094    746.766   141.214
  754   6.372   6.302   34.903    1.095    747.756   141.469
  755   6.363   6.293   34.902    1.095    748.746   141.489
  756   6.351   6.281   34.902    1.096    749.735   141.548
  757   6.348   6.278   34.903    1.097    750.725   141.678
  758   6.340   6.270   34.903    1.098    751.715   141.899
  759   6.333   6.263   34.903    1.098    752.705   142.214
  760   6.331   6.261   34.903    1.099    753.695   142.388
  761   6.329   6.259   34.904    1.100    754.685   142.492
  762   6.328   6.257   34.904    1.101    755.675   142.523
  763   6.325   6.255   34.903    1.101    756.665   142.642
  764   6.319   6.249   34.904    1.102    757.655   142.738
  765   6.311   6.241   34.904    1.103    758.645   142.760
  766   6.295   6.225   34.903    1.104    759.634   142.896
  767   6.288   6.218   34.903    1.104    760.624   143.095
  768   6.287   6.217   34.904    1.105    761.614   143.259
  769   6.288   6.218   34.904    1.106    762.604   143.384
  770   6.278   6.207   34.905    1.107    763.594   143.596
  771   6.273   6.202   34.905    1.107    764.584   143.744
  772   6.265   6.194   34.905    1.108    765.574   143.838
  773   6.256   6.185   34.905    1.109    766.563   143.916
  774   6.249   6.178   34.904    1.110    767.553   144.028
  775   6.244   6.173   34.905    1.110    768.543   144.274
  776   6.237   6.166   34.904    1.111    769.533   144.397
  777   6.230   6.158   34.905    1.112    770.523   144.482
  778   6.220   6.149   34.905    1.113    771.513   144.574
  779   6.215   6.144   34.905    1.113    772.502   144.814
  780   6.206   6.135   34.905    1.114    773.492   144.958
  781   6.201   6.130   34.906    1.115    774.482   145.080
  782   6.201   6.130   34.906    1.115    775.472   145.224
  783   6.201   6.129   34.906    1.116    776.462   145.414
  784   6.200   6.129   34.906    1.117    777.451   145.516
  785   6.199   6.127   34.906    1.118    778.441   145.529
  786   6.197   6.125   34.906    1.118    779.431   145.508
  787   6.191   6.119   34.906    1.119    780.421   145.535
  788   6.187   6.115   34.906    1.120    781.410   145.690
  789   6.180   6.108   34.906    1.121    782.400   145.811
  790   6.176   6.104   34.906    1.121    783.390   145.895
  791   6.162   6.090   34.906    1.122    784.380   145.970
  792   6.141   6.069   34.906    1.123    785.369   146.230
  793   6.131   6.059   34.906    1.123    786.359   146.458
  794   6.130   6.058   34.906    1.124    787.349   146.799
  795   6.129   6.056   34.906    1.125    788.339   147.057
  796   6.127   6.054   34.907    1.126    789.328   147.113
  797   6.122   6.050   34.906    1.126    790.318   147.187
  798   6.118   6.046   34.907    1.127    791.308   147.268
  799   6.100   6.027   34.906    1.128    792.298   147.371
  800   6.090   6.017   34.907    1.128    793.287   147.425
  801   6.073   6.001   34.907    1.129    794.277   147.555
  802   6.076   6.003   34.907    1.130    795.267   148.087
  803   6.038   5.965   34.907    1.131    796.256   148.380
  804   6.023   5.951   34.907    1.131    797.246   148.396
  805   6.013   5.941   34.907    1.132    798.236   148.507
  806   6.009   5.936   34.907    1.133    799.225   149.088
  807   6.008   5.935   34.908    1.133    800.215   149.593
  808   5.997   5.925   34.908    1.134    801.205   149.638
  809   5.994   5.921   34.908    1.135    802.195   149.653
  810   5.993   5.920   34.908    1.136    803.184   149.833
  811   5.992   5.918   34.908    1.136    804.174   150.095
  812   5.989   5.916   34.908    1.137    805.163   150.135
  813   5.986   5.913   34.908    1.138    806.153   150.114
  814   5.984   5.911   34.908    1.138    807.143   150.200
  815   5.981   5.908   34.908    1.139    808.132   150.304
  816   5.979   5.906   34.909    1.140    809.122   150.359
  817   5.966   5.893   34.909    1.140    810.112   150.420
  818   5.944   5.870   34.909    1.141    811.101   150.523
  819   5.931   5.858   34.909    1.142    812.091   150.845
  820   5.925   5.852   34.909    1.143    813.081   151.208
  821   5.921   5.848   34.909    1.143    814.070   151.493
  822   5.919   5.845   34.909    1.144    815.060   151.719
  823   5.917   5.843   34.909    1.145    816.049   151.855
  824   5.915   5.841   34.910    1.145    817.039   151.907
  825   5.914   5.840   34.910    1.146    818.029   151.875
  826   5.911   5.837   34.910    1.147    819.018   151.897
  827   5.903   5.829   34.910    1.147    820.008   151.956
  828   5.898   5.824   34.910    1.148    820.997   151.991
  829   5.895   5.821   34.910    1.149    821.987   152.182
  830   5.893   5.818   34.910    1.149    822.977   152.478
  831   5.886   5.812   34.910    1.150    823.966   152.536
  832   5.872   5.798   34.910    1.151    824.956   152.585
  833   5.864   5.789   34.911    1.152    825.945   152.715
  834   5.846   5.772   34.911    1.152    826.935   152.931
  835   5.828   5.754   34.911    1.153    827.924   153.177
  836   5.817   5.742   34.912    1.154    828.914   153.580
  837   5.810   5.736   34.912    1.154    829.903   153.961
  838   5.805   5.731   34.912    1.155    830.893   154.299
  839   5.799   5.724   34.912    1.156    831.882   154.483
  840   5.792   5.717   34.912    1.156    832.872   154.648
  841   5.785   5.711   34.912    1.157    833.861   154.858
  842   5.783   5.708   34.913    1.158    834.851   155.045
  843   5.781   5.707   34.913    1.158    835.841   155.217
  844   5.779   5.704   34.913    1.159    836.830   155.260
  845   5.776   5.701   34.913    1.160    837.820   155.340
  846   5.772   5.697   34.913    1.160    838.809   155.420
  847   5.767   5.692   34.913    1.161    839.799   155.455
  848   5.761   5.686   34.913    1.162    840.788   155.595
  849   5.751   5.675   34.914    1.162    841.777   155.732
  850   5.743   5.668   34.914    1.163    842.767   155.910
  851   5.737   5.661   34.914    1.164    843.756   156.108
  852   5.735   5.659   34.914    1.164    844.746   156.336
  853   5.735   5.659   34.914    1.165    845.735   156.521
  854   5.734   5.658   34.914    1.166    846.725   156.533
  855   5.733   5.657   34.914    1.166    847.714   156.543
  856   5.732   5.657   34.914    1.167    848.704   156.589
  857   5.731   5.655   34.914    1.168    849.693   156.642
  858   5.725   5.650   34.914    1.168    850.683   156.670
  859   5.717   5.641   34.914    1.169    851.672   156.737
  860   5.678   5.603   34.915    1.170    852.661   156.895
  861   5.673   5.597   34.915    1.170    853.651   157.156
  862   5.669   5.593   34.915    1.171    854.640   157.779
  863   5.665   5.589   34.916    1.172    855.630   158.151
  864   5.660   5.584   34.916    1.172    856.619   158.312
  865   5.651   5.575   34.916    1.173    857.609   158.458
  866   5.650   5.573   34.916    1.174    858.598   158.562
  867   5.649   5.572   34.916    1.174    859.587   158.671
  868   5.648   5.572   34.916    1.175    860.577   158.840
  869   5.648   5.571   34.916    1.176    861.566   158.917
  870   5.644   5.568   34.917    1.176    862.556   158.926
  871   5.638   5.562   34.917    1.177    863.545   158.940
  872   5.635   5.559   34.917    1.178    864.534   159.042
  873   5.629   5.552   34.917    1.178    865.524   159.215
  874   5.617   5.540   34.917    1.179    866.513   159.342
  875   5.615   5.539   34.917    1.180    867.502   159.492
  876   5.614   5.538   34.917    1.180    868.492   159.765
  877   5.613   5.536   34.917    1.181    869.481   159.896
  878   5.610   5.533   34.918    1.182    870.470   159.862
  879   5.599   5.522   34.918    1.182    871.460   159.817
  880   5.596   5.519   34.918    1.183    872.449   159.952
  881   5.595   5.518   34.918    1.183    873.438   160.161
  882   5.595   5.518   34.918    1.184    874.428   160.314
  883   5.595   5.518   34.918    1.185    875.417   160.443
  884   5.595   5.518   34.918    1.185    876.406   160.531
  885   5.594   5.517   34.918    1.186    877.396   160.599
  886   5.594   5.516   34.918    1.187    878.385   160.604
  887   5.594   5.516   34.918    1.187    879.374   160.538
  888   5.594   5.516   34.918    1.188    880.364   160.509
  889   5.593   5.515   34.918    1.189    881.353   160.545
  890   5.591   5.513   34.918    1.189    882.342   160.612
  891   5.588   5.510   34.919    1.190    883.331   160.632
  892   5.587   5.509   34.919    1.191    884.321   160.687
  893   5.586   5.508   34.919    1.191    885.310   160.768
  894   5.585   5.507   34.919    1.192    886.299   160.808
  895   5.585   5.507   34.919    1.193    887.289   160.828
  896   5.584   5.506   34.919    1.193    888.278   160.829
  897   5.583   5.504   34.919    1.194    889.267   160.865
  898   5.579   5.501   34.919    1.195    890.256   160.944
  899   5.576   5.498   34.919    1.195    891.246   160.926
  900   5.574   5.496   34.919    1.196    892.235   160.996
  901   5.572   5.493   34.919    1.196    893.224   161.098
  902   5.570   5.491   34.919    1.197    894.213   161.217
  903   5.568   5.489   34.919    1.198    895.203   161.247
  904   5.567   5.488   34.919    1.198    896.192   161.246
  905   5.567   5.488   34.919    1.199    897.181   161.265
  906   5.567   5.488   34.919    1.200    898.170   161.296
  907   5.567   5.487   34.919    1.200    899.159   161.377
  908   5.567   5.487   34.919    1.201    900.149   161.362
  909   5.566   5.487   34.919    1.202    901.138   161.376
  910   5.566   5.486   34.919    1.202    902.127   161.424
  911   5.566   5.486   34.919    1.203    903.116   161.454
  912   5.565   5.485   34.919    1.204    904.105   161.459
  913   5.565   5.485   34.919    1.204    905.095   161.434
  914   5.564   5.484   34.919    1.205    906.084   161.419
  915   5.563   5.483   34.919    1.206    907.073   161.393
  916   5.563   5.482   34.919    1.206    908.062   161.521
  917   5.560   5.480   34.920    1.207    909.051   161.574
  918   5.558   5.478   34.920    1.208    910.040   161.503
  919   5.557   5.476   34.920    1.208    911.030   161.572
  920   5.556   5.476   34.920    1.209    912.019   161.718
  921   5.556   5.476   34.920    1.209    913.008   161.755
  922   5.556   5.475   34.920    1.210    913.997   161.764
  923   5.556   5.475   34.920    1.211    914.986   161.761
  924   5.555   5.474   34.920    1.211    915.975   161.795
  925   5.552   5.471   34.920    1.212    916.964   161.789
  926   5.552   5.471   34.920    1.213    917.954   161.791
  927   5.552   5.471   34.920    1.213    918.943   161.815
  928   5.552   5.470   34.920    1.214    919.932   161.878
  929   5.551   5.469   34.920    1.215    920.921   161.894
  930   5.549   5.467   34.920    1.215    921.910   161.939
  931   5.548   5.466   34.920    1.216    922.899   161.963
  932   5.547   5.465   34.920    1.217    923.888   161.930
  933   5.547   5.465   34.920    1.217    924.877   161.962
  934   5.546   5.464   34.920    1.218    925.866   162.054
  935   5.544   5.462   34.920    1.219    926.855   162.079
  936   5.542   5.460   34.920    1.219    927.844   162.006
  937   5.539   5.457   34.920    1.220    928.834   161.999
  938   5.534   5.452   34.920    1.221    929.823   162.013
  939   5.524   5.441   34.920    1.221    930.812   162.148
  940   5.517   5.435   34.921    1.222    931.801   162.262
  941   5.512   5.430   34.921    1.222    932.790   162.409
  942   5.511   5.428   34.921    1.223    933.779   162.592
  943   5.510   5.428   34.921    1.224    934.768   162.745
  944   5.510   5.428   34.921    1.224    935.757   162.827
  945   5.510   5.428   34.921    1.225    936.746   162.888
  946   5.510   5.428   34.921    1.226    937.735   162.939
  947   5.510   5.428   34.921    1.226    938.724   162.984
  948   5.510   5.428   34.921    1.227    939.713   163.085
  949   5.510   5.427   34.921    1.228    940.702   163.169
  950   5.510   5.427   34.921    1.228    941.691   163.156
  951   5.510   5.427   34.921    1.229    942.680   163.135
  952   5.510   5.427   34.921    1.230    943.669   163.081
  953   5.511   5.427   34.921    1.230    944.658   163.100
  954   5.510   5.427   34.921    1.231    945.647   163.148
  955   5.511   5.427   34.921    1.231    946.636   163.167
  956   5.511   5.427   34.921    1.232    947.625   163.088
  957   5.511   5.427   34.921    1.233    948.614   163.025
  958   5.511   5.427   34.921    1.233    949.603   163.033
  959   5.511   5.427   34.921    1.234    950.592   163.023
  960   5.511   5.427   34.921    1.235    951.581   163.089
  961   5.511   5.427   34.921    1.235    952.570   163.119
  962   5.511   5.427   34.921    1.236    953.559   163.181
  963   5.511   5.427   34.921    1.237    954.548   163.151
  964   5.511   5.426   34.921    1.237    955.537   163.120
  965   5.511   5.426   34.921    1.238    956.526   163.107
  966   5.511   5.426   34.921    1.239    957.515   163.090
  967   5.511   5.426   34.921    1.239    958.503   163.162
  968   5.511   5.426   34.921    1.240    959.492   163.176
  969   5.511   5.426   34.921    1.241    960.481   163.176
  970   5.511   5.426   34.921    1.241    961.470   163.209
  971   5.511   5.426   34.921    1.242    962.459   163.208
  972   5.511   5.426   34.921    1.242    963.448   163.246
  973   5.511   5.426   34.921    1.243    964.437   163.222
  974   5.511   5.426   34.921    1.244    965.426   163.238
  975   5.511   5.426   34.921    1.244    966.415   163.244
  976   5.511   5.426   34.921    1.245    967.404   163.267
  977   5.511   5.425   34.921    1.246    968.392   163.276
  978   5.511   5.426   34.921    1.246    969.381   163.297
  979   5.511   5.425   34.921    1.247    970.370   163.256
  980   5.511   5.425   34.921    1.248    971.359   163.225
  981   5.507   5.421   34.921    1.248    972.348   163.236
  982   5.506   5.420   34.921    1.249    973.337   163.227
  983   5.506   5.419   34.921    1.250    974.326   163.208
  984   5.504   5.418   34.921    1.250    975.315   163.201
  985   5.501   5.414   34.922    1.251    976.303   163.247
  986   5.498   5.412   34.922    1.252    977.292   163.327
  987   5.497   5.411   34.921    1.252    978.281   163.398
  988   5.496   5.409   34.921    1.253    979.270   163.488
  989   5.494   5.407   34.922    1.254    980.259   163.557
  990   5.493   5.407   34.922    1.254    981.247   163.646
  991   5.491   5.404   34.922    1.255    982.236   163.699
  992   5.490   5.403   34.922    1.255    983.225   163.740
  993   5.489   5.402   34.922    1.256    984.214   163.748
  994   5.489   5.402   34.922    1.257    985.203   163.746
  995   5.487   5.400   34.922    1.257    986.192   163.789
  996   5.481   5.394   34.922    1.258    987.180   163.836
  997   5.469   5.382   34.922    1.259    988.169   163.900
  998   5.463   5.375   34.922    1.259    989.158   163.921
  999   5.460   5.373   34.922    1.260    990.147   163.990
 1000   5.453   5.365   34.922    1.261    991.135   164.103
 1001   5.444   5.356   34.923    1.261    992.124   164.268
 1002   5.435   5.348   34.923    1.262    993.113   164.256
 1003   5.423   5.335   34.923    1.263    994.102   164.351
 1004   5.413   5.325   34.923    1.263    995.090   164.483
 1005   5.403   5.316   34.924    1.264    996.079   164.638
 1006   5.395   5.307   34.924    1.264    997.068   164.837
 1007   5.375   5.288   34.925    1.265    998.057   165.089
 1008   5.361   5.274   34.925    1.266    999.045   165.386
 1009   5.355   5.268   34.925    1.266    1000.034   165.690
 1010   5.353   5.265   34.925    1.267    1001.023   166.025
 1011   5.352   5.264   34.926    1.268    1002.012   166.396
 1012   5.351   5.263   34.925    1.268    1003.000   166.707
 1013   5.350   5.262   34.926    1.269    1003.989   166.866
 1014   5.349   5.261   34.926    1.269    1004.978   166.991
 1015   5.348   5.260   34.926    1.270    1005.966   166.973
 1016   5.347   5.259   34.926    1.271    1006.955   167.023
 1017   5.345   5.257   34.926    1.271    1007.944   167.097
 1018   5.341   5.253   34.926    1.272    1008.933   167.151
 1019   5.339   5.251   34.926    1.273    1009.921   167.157
 1020   5.338   5.249   34.926    1.273    1010.910   167.225
 1021   5.336   5.248   34.926    1.274    1011.899   167.314
 1022   5.335   5.246   34.927    1.274    1012.887   167.317
 1023   5.334   5.245   34.927    1.275    1013.876   167.244
 1024   5.325   5.237   34.927    1.276    1014.865   167.327
 1025   5.316   5.227   34.927    1.276    1015.853   167.409
 1026   5.310   5.221   34.927    1.277    1016.842   167.548
 1027   5.309   5.220   34.927    1.278    1017.831   167.739
 1028   5.309   5.220   34.927    1.278    1018.819   168.067
 1029   5.309   5.220   34.927    1.279    1019.808   168.255
 1030   5.307   5.217   34.927    1.279    1020.796   168.423
 1031   5.296   5.207   34.928    1.280    1021.785   168.530
 1032   5.292   5.203   34.928    1.281    1022.774   168.587
 1033   5.288   5.198   34.928    1.281    1023.762   168.682
 1034   5.284   5.195   34.928    1.282    1024.751   168.811
 1035   5.277   5.188   34.928    1.283    1025.740   169.072
 1036   5.271   5.182   34.929    1.283    1026.728   169.181
 1037   5.259   5.170   34.929    1.284    1027.717   169.294
 1038   5.255   5.165   34.929    1.284    1028.705   169.384
 1039   5.253   5.163   34.929    1.285    1029.694   169.574
 1040   5.252   5.162   34.929    1.286    1030.683   169.938
 1041   5.247   5.158   34.929    1.286    1031.671   170.263
 1042   5.245   5.156   34.930    1.287    1032.660   170.426
 1043   5.243   5.154   34.930    1.288    1033.648   170.561
 1044   5.242   5.152   34.930    1.288    1034.637   170.643
 1045   5.240   5.150   34.930    1.289    1035.625   170.755
 1046   5.239   5.149   34.930    1.289    1036.614   170.854
 1047   5.236   5.146   34.930    1.290    1037.603   170.919
 1048   5.233   5.143   34.930    1.291    1038.591   170.955
 1049   5.230   5.140   34.930    1.291    1039.580   171.009
 1050   5.220   5.129   34.931    1.292    1040.568   171.150
 1051   5.216   5.125   34.931    1.292    1041.557   171.225
 1052   5.214   5.124   34.931    1.293    1042.545   171.383
 1053   5.213   5.122   34.931    1.294    1043.534   171.635
 1054   5.211   5.121   34.931    1.294    1044.522   171.848
 1055   5.209   5.119   34.931    1.295    1045.511   172.032
 1056   5.206   5.115   34.931    1.295    1046.499   172.097
 1057   5.202   5.112   34.931    1.296    1047.488   172.272
 1058   5.201   5.110   34.931    1.297    1048.476   172.312
 1059   5.197   5.106   34.932    1.297    1049.465   172.425
 1060   5.196   5.105   34.932    1.298    1050.453   172.511
 1061   5.194   5.103   34.932    1.299    1051.442   172.697
 1062   5.193   5.102   34.932    1.299    1052.430   172.876
 1063   5.184   5.093   34.932    1.300    1053.419   172.968
 1064   5.177   5.085   34.932    1.300    1054.407   173.206
 1065   5.173   5.081   34.932    1.301    1055.396   173.352
 1066   5.172   5.080   34.933    1.302    1056.384   173.606
 1067   5.171   5.079   34.933    1.302    1057.373   173.621
 1068   5.170   5.078   34.933    1.303    1058.361   173.645
 1069   5.169   5.078   34.933    1.303    1059.350   173.641
 1070   5.169   5.077   34.933    1.304    1060.338   173.687
 1071   5.168   5.076   34.933    1.305    1061.326   173.746
 1072   5.168   5.076   34.933    1.305    1062.315   173.865
 1073   5.166   5.074   34.933    1.306    1063.303   173.957
 1074   5.164   5.072   34.933    1.306    1064.292   173.980
 1075   5.154   5.061   34.933    1.307    1065.280   174.006
 1076   5.145   5.053   34.933    1.308    1066.269   174.076
 1077   5.138   5.046   34.934    1.308    1067.257   174.198
 1078   5.136   5.044   34.934    1.309    1068.245   174.371
 1079   5.135   5.043   34.934    1.309    1069.234   174.645
 1080   5.135   5.043   34.934    1.310    1070.222   174.814
 1081   5.135   5.043   34.934    1.311    1071.211   174.820
 1082   5.135   5.042   34.934    1.311    1072.199   174.772
 1083   5.135   5.042   34.934    1.312    1073.187   174.761
 1084   5.135   5.042   34.934    1.312    1074.176   174.753
 1085   5.135   5.042   34.934    1.313    1075.164   174.798
 1086   5.135   5.042   34.934    1.314    1076.153   174.787
 1087   5.135   5.042   34.934    1.314    1077.141   174.787
 1088   5.136   5.043   34.934    1.315    1078.129   174.839
 1089   5.137   5.043   34.934    1.315    1079.118   174.882
 1090   5.136   5.043   34.934    1.316    1080.106   174.894
 1091   5.137   5.043   34.934    1.317    1081.094   174.832
 1092   5.136   5.042   34.934    1.317    1082.083   174.818
 1093   5.136   5.043   34.934    1.318    1083.071   174.845
 1094   5.136   5.042   34.934    1.318    1084.059   174.887
 1095   5.135   5.041   34.934    1.319    1085.048   174.799
 1096   5.136   5.042   34.934    1.320    1086.036   174.786
 1097   5.136   5.042   34.933    1.320    1087.024   174.795
