 station cast   lat    long    jday   mo/da/yr   gmt
  91      1   21.734 -92.319   283    10/10/21  0210 
 
    File created by Jay Hooper - 13-Dec-2021   
            GOMECC4 Cruise Sep 2021 
             NOAA Ship Ronald H Brown
                  
 
     Primary (T,S,O) sensors - Calibrated CTD data   

   pr       te       th       sa       ht       ga       ox
dbars    deg c    deg c      psu  dyn. cm    gamma  umol/kg
    1   29.775   29.774   36.550    0.005    0.994   193.560
    2   29.775   29.774   36.550    0.010    1.988   193.586
    3   29.775   29.774   36.550    0.015    2.981   193.613
    4   29.775   29.774   36.550    0.020    3.975   193.639
    5   29.775   29.773   36.549    0.024    4.969   193.660
    6   29.775   29.774   36.549    0.029    5.963   193.640
    7   29.761   29.759   36.548    0.034    6.956   193.373
    8   29.740   29.738   36.548    0.039    7.950   193.525
    9   29.733   29.731   36.547    0.044    8.944   193.466
   10   29.726   29.724   36.547    0.049    9.938   193.602
   11   29.721   29.719   36.547    0.054    10.931   193.656
   12   29.717   29.714   36.548    0.059    11.925   193.702
   13   29.716   29.713   36.548    0.063    12.919   193.836
   14   29.714   29.710   36.548    0.068    13.913   193.484
   15   29.708   29.704   36.548    0.073    14.906   193.612
   16   29.703   29.699   36.547    0.078    15.900   193.770
   17   29.701   29.697   36.547    0.083    16.894   193.592
   18   29.697   29.693   36.547    0.088    17.887   193.640
   19   29.696   29.691   36.548    0.093    18.881   193.870
   20   29.694   29.689   36.549    0.098    19.875   193.533
   21   29.692   29.687   36.550    0.102    20.868   193.671
   22   29.689   29.684   36.550    0.107    21.862   193.269
   23   29.686   29.680   36.550    0.112    22.856   193.094
   24   29.686   29.680   36.551    0.117    23.849   194.034
   25   29.684   29.678   36.551    0.122    24.843   193.881
   26   29.681   29.675   36.551    0.127    25.837   193.305
   27   29.679   29.672   36.551    0.132    26.830   193.390
   28   29.679   29.672   36.552    0.137    27.824   193.487
   29   29.677   29.670   36.552    0.141    28.818   193.604
   30   29.672   29.665   36.551    0.146    29.811   193.422
   31   29.668   29.660   36.550    0.151    30.805   193.663
   32   29.667   29.659   36.550    0.156    31.799   193.444
   33   29.668   29.660   36.551    0.161    32.792   193.601
   34   29.669   29.661   36.553    0.166    33.786   193.412
   35   29.669   29.660   36.553    0.171    34.780   193.475
   36   29.666   29.657   36.553    0.175    35.773   193.721
   37   29.664   29.655   36.553    0.180    36.767   193.865
   38   29.662   29.653   36.553    0.185    37.760   193.907
   39   29.663   29.654   36.555    0.190    38.754   193.457
   40   29.659   29.649   36.555    0.195    39.748   193.427
   41   29.646   29.636   36.553    0.200    40.741   193.717
   42   29.584   29.574   36.546    0.205    41.735   193.514
   43   29.294   29.284   36.518    0.209    42.728   193.359
   44   28.906   28.896   36.481    0.214    43.722   194.228
   45   27.931   27.920   36.445    0.218    44.716   191.931
   46   27.652   27.641   36.437    0.223    45.709   189.870
   47   27.129   27.118   36.408    0.227    46.703   192.991
   48   26.247   26.236   36.349    0.231    47.696   201.046
   49   25.661   25.650   36.325    0.235    48.690   212.985
   50   25.247   25.236   36.288    0.238    49.683   219.336
   51   24.989   24.978   36.300    0.242    50.677   224.879
   52   24.736   24.724   36.303    0.246    51.670   224.065
   53   24.546   24.534   36.293    0.249    52.664   220.117
   54   24.236   24.224   36.269    0.252    53.657   217.645
   55   23.962   23.950   36.262    0.256    54.651   215.752
   56   23.765   23.754   36.265    0.259    55.645   214.093
   57   23.591   23.580   36.260    0.262    56.638   212.215
   58   23.397   23.385   36.253    0.265    57.632   210.613
   59   23.261   23.249   36.246    0.269    58.625   209.041
   60   23.180   23.168   36.243    0.272    59.619   208.205
   61   23.121   23.108   36.247    0.275    60.612   208.042
   62   23.050   23.037   36.248    0.278    61.606   207.982
   63   22.924   22.911   36.257    0.281    62.599   206.190
   64   22.895   22.882   36.278    0.284    63.592   202.681
   65   22.889   22.876   36.294    0.287    64.586   201.031
   66   22.835   22.822   36.294    0.290    65.579   203.352
   67   22.724   22.711   36.287    0.293    66.573   204.622
   68   22.584   22.571   36.278    0.296    67.566   201.277
   69   22.542   22.528   36.282    0.299    68.560   195.804
   70   22.515   22.501   36.291    0.302    69.553   191.523
   71   22.369   22.354   36.270    0.305    70.547   189.197
   72   22.200   22.185   36.255    0.308    71.540   190.658
   73   22.081   22.066   36.261    0.311    72.534   193.703
   74   21.976   21.961   36.255    0.313    73.527   194.320
   75   21.945   21.930   36.255    0.316    74.520   193.630
   76   21.891   21.876   36.254    0.319    75.514   193.956
   77   21.871   21.856   36.258    0.322    76.507   193.687
   78   21.761   21.746   36.251    0.324    77.501   192.388
   79   21.705   21.689   36.262    0.327    78.494   191.955
   80   21.700   21.685   36.276    0.330    79.488   189.462
   81   21.614   21.598   36.277    0.333    80.481   185.289
   82   21.513   21.497   36.286    0.335    81.474   181.695
   83   21.469   21.453   36.291    0.338    82.468   178.054
   84   21.443   21.427   36.293    0.341    83.461   175.610
   85   21.398   21.381   36.294    0.343    84.454   174.846
   86   21.267   21.250   36.290    0.346    85.448   174.594
   87   21.176   21.159   36.296    0.348    86.441   173.873
   88   21.080   21.063   36.328    0.351    87.435   171.630
   89   20.997   20.980   36.335    0.353    88.428   168.119
   90   20.850   20.833   36.327    0.356    89.421   164.481
   91   20.782   20.765   36.322    0.358    90.415   161.797
   92   20.630   20.612   36.321    0.361    91.408   160.671
   93   20.526   20.508   36.324    0.363    92.401   157.847
   94   20.510   20.492   36.338    0.365    93.395   154.955
   95   20.514   20.496   36.356    0.368    94.388   152.975
   96   20.487   20.469   36.385    0.370    95.381   149.876
   97   20.461   20.443   36.417    0.372    96.375   143.874
   98   20.345   20.327   36.438    0.375    97.368   136.553
   99   20.301   20.282   36.452    0.377    98.361   129.137
  100   20.289   20.270   36.457    0.379    99.355   126.971
  101   20.257   20.238   36.463    0.381    100.348   129.585
  102   20.181   20.162   36.473    0.384    101.341   130.011
  103   20.118   20.099   36.476    0.386    102.334   128.870
  104   20.077   20.058   36.482    0.388    103.328   126.762
  105   19.769   19.750   36.467    0.390    104.321   124.849
  106   19.275   19.256   36.449    0.392    105.314   115.396
  107   19.242   19.223   36.452    0.394    106.308   110.211
