 station cast   lat    long    jday   mo/da/yr   gmt
 137      1   26.003 -84.197   293    10/20/21  0605 
 
    File created by Jay Hooper - 13-Dec-2021   
            GOMECC4 Cruise Sep 2021 
             NOAA Ship Ronald H Brown
                  
 
     Primary (T,S,O) sensors - Calibrated CTD data   

   pr       te       th       sa       ht       ga       ox
dbars    deg c    deg c      psu  dyn. cm    gamma  umol/kg
    1   28.534   28.534   35.500    0.005    0.993   195.983
    2   28.534   28.534   35.499    0.010    1.987   196.010
    3   28.534   28.534   35.499    0.016    2.980   196.037
    4   28.534   28.534   35.499    0.021    3.974   196.063
    5   28.534   28.533   35.498    0.026    4.967   195.954
    6   28.535   28.534   35.498    0.031    5.961   196.146
    7   28.546   28.544   35.508    0.037    6.954   196.043
    8   28.558   28.556   35.522    0.042    7.948   196.398
    9   28.565   28.563   35.535    0.047    8.941   196.424
   10   28.564   28.562   35.538    0.052    9.935   196.407
   11   28.563   28.561   35.541    0.058    10.928   196.374
   12   28.563   28.560   35.544    0.063    11.922   196.399
   13   28.561   28.558   35.549    0.068    12.915   196.568
   14   28.557   28.554   35.552    0.073    13.908   196.618
   15   28.553   28.550   35.554    0.079    14.902   196.687
   16   28.551   28.547   35.556    0.084    15.895   196.756
   17   28.546   28.542   35.556    0.089    16.889   196.555
   18   28.542   28.538   35.555    0.094    17.882   196.610
   19   28.539   28.534   35.556    0.099    18.876   196.626
   20   28.537   28.532   35.557    0.105    19.869   196.507
   21   28.536   28.531   35.557    0.110    20.862   196.798
   22   28.535   28.530   35.558    0.115    21.856   196.909
   23   28.535   28.529   35.558    0.120    22.849   196.839
   24   28.534   28.528   35.559    0.125    23.843   196.266
   25   28.533   28.527   35.559    0.131    24.836   196.446
   26   28.531   28.525   35.560    0.136    25.829   196.330
   27   28.528   28.522   35.560    0.141    26.823   196.833
   28   28.527   28.520   35.561    0.146    27.816   196.801
   29   28.527   28.520   35.562    0.151    28.809   196.818
   30   28.527   28.520   35.563    0.157    29.803   196.885
   31   28.528   28.520   35.564    0.162    30.796   196.698
   32   28.528   28.520   35.565    0.167    31.789   196.821
   33   28.528   28.520   35.566    0.172    32.783   196.430
   34   28.528   28.520   35.567    0.177    33.776   196.601
   35   28.528   28.519   35.569    0.183    34.769   196.926
   36   28.526   28.518   35.570    0.188    35.763   196.708
   37   28.514   28.505   35.582    0.193    36.756   196.691
   38   28.453   28.443   35.619    0.198    37.749   197.297
   39   28.386   28.377   35.659    0.203    38.743   198.030
   40   28.236   28.227   35.756    0.208    39.736   199.395
   41   28.059   28.049   35.855    0.213    40.729   202.417
   42   27.879   27.869   35.944    0.218    41.723   205.075
   43   27.270   27.260   36.028    0.222    42.716   205.884
   44   26.977   26.967   36.042    0.227    43.709   202.312
   45   26.577   26.566   36.079    0.231    44.703   201.354
   46   26.114   26.103   36.144    0.235    45.696   199.162
   47   25.918   25.908   36.193    0.239    46.689   200.750
   48   25.661   25.651   36.244    0.243    47.682   202.386
   49   25.530   25.519   36.270    0.247    48.676   202.641
   50   25.220   25.209   36.330    0.250    49.669   204.832
   51   24.913   24.902   36.341    0.254    50.662   209.351
   52   24.645   24.634   36.347    0.257    51.655   208.481
   53   24.071   24.060   36.321    0.261    52.649   208.197
   54   23.729   23.717   36.314    0.264    53.642   207.811
   55   23.327   23.316   36.305    0.267    54.635   207.610
   56   23.261   23.250   36.307    0.270    55.628   206.839
   57   23.119   23.107   36.313    0.273    56.622   205.970
   58   23.020   23.008   36.321    0.276    57.615   204.404
   59   22.943   22.931   36.363    0.279    58.608   202.874
   60   22.928   22.916   36.440    0.282    59.601   196.531
   61   22.958   22.945   36.480    0.285    60.594   187.543
   62   22.943   22.931   36.486    0.288    61.588   182.697
   63   22.760   22.747   36.512    0.291    62.581   180.707
   64   22.597   22.584   36.546    0.294    63.574   175.548
   65   22.375   22.362   36.560    0.296    64.567   170.636
   66   22.247   22.233   36.555    0.299    65.560   167.814
   67   22.092   22.078   36.542    0.302    66.554   165.983
   68   21.879   21.865   36.519    0.304    67.547   165.213
   69   21.694   21.681   36.517    0.307    68.540   163.822
   70   21.580   21.566   36.526    0.309    69.533   161.175
   71   21.364   21.350   36.551    0.312    70.526   157.979
   72   21.265   21.251   36.570    0.314    71.519   153.690
   73   21.246   21.232   36.574    0.316    72.512   150.819
   74   21.216   21.202   36.587    0.319    73.506   150.575
   75   21.123   21.108   36.616    0.321    74.499   150.739
   76   21.049   21.034   36.620    0.323    75.492   149.461
   77   20.913   20.898   36.616    0.326    76.485   147.674
   78   20.680   20.665   36.573    0.328    77.478   145.875
   79   20.499   20.484   36.533    0.330    78.471   143.215
   80   20.447   20.432   36.519    0.332    79.464   140.947
   81   20.335   20.320   36.501    0.334    80.458   139.916
   82   20.150   20.135   36.489    0.337    81.451   138.042
   83   19.951   19.936   36.491    0.339    82.444   132.959
   84   19.916   19.901   36.499    0.341    83.437   129.529
   85   19.860   19.844   36.511    0.343    84.430   129.808
   86   19.825   19.809   36.520    0.345    85.423   132.109
   87   19.795   19.779   36.523    0.347    86.416   135.192
   88   19.803   19.787   36.543    0.349    87.409   136.740
   89   19.762   19.745   36.544    0.351    88.402   137.208
   90   19.626   19.609   36.532    0.353    89.395   136.835
   91   19.548   19.531   36.524    0.355    90.388   135.284
   92   19.543   19.527   36.531    0.357    91.381   133.611
   93   19.529   19.512   36.532    0.359    92.374   133.904
   94   19.455   19.438   36.521    0.361    93.367   135.839
   95   19.384   19.366   36.523    0.363    94.361   137.208
   96   19.308   19.290   36.527    0.365    95.354   137.338
   97   19.186   19.168   36.516    0.367    96.347   136.947
   98   19.055   19.037   36.505    0.369    97.340   136.222
   99   18.926   18.908   36.493    0.371    98.333   135.739
  100   18.855   18.837   36.489    0.372    99.326   135.268
  101   18.824   18.806   36.486    0.374    100.319   134.987
  102   18.797   18.779   36.485    0.376    101.312   134.777
  103   18.734   18.716   36.480    0.378    102.305   134.821
  104   18.616   18.598   36.472    0.380    103.298   134.791
  105   18.558   18.540   36.468    0.381    104.291   134.835
  106   18.487   18.468   36.463    0.383    105.284   135.102
  107   18.432   18.413   36.465    0.385    106.277   135.360
  108   18.403   18.384   36.464    0.387    107.270   135.975
  109   18.396   18.377   36.467    0.389    108.263   136.819
  110   18.372   18.353   36.465    0.390    109.256   137.099
  111   18.342   18.323   36.461    0.392    110.249   137.007
  112   18.313   18.294   36.458    0.394    111.242   136.789
  113   18.304   18.285   36.459    0.395    112.234   136.900
  114   18.301   18.281   36.460    0.397    113.227   137.159
  115   18.259   18.239   36.453    0.399    114.220   137.480
  116   18.200   18.179   36.446    0.401    115.213   137.438
  117   18.171   18.150   36.442    0.402    116.206   137.214
  118   18.134   18.113   36.439    0.404    117.199   137.182
  119   18.109   18.088   36.436    0.406    118.192   137.408
  120   18.076   18.055   36.432    0.408    119.185   137.653
  121   18.032   18.011   36.428    0.409    120.178   137.775
  122   18.002   17.981   36.424    0.411    121.171   138.051
  123   17.982   17.961   36.422    0.413    122.164   138.203
  124   17.953   17.932   36.418    0.414    123.157   138.058
  125   17.923   17.902   36.414    0.416    124.150   137.973
  126   17.896   17.874   36.410    0.418    125.142   138.047
  127   17.878   17.856   36.407    0.419    126.135   138.053
  128   17.785   17.763   36.392    0.421    127.128   137.890
  129   17.716   17.694   36.384    0.423    128.121   136.804
  130   17.656   17.634   36.373    0.424    129.114   135.710
  131   17.629   17.607   36.370    0.426    130.107   135.035
  132   17.615   17.593   36.369    0.428    131.100   134.682
  133   17.596   17.574   36.371    0.429    132.093   135.255
  134   17.571   17.548   36.368    0.431    133.085   137.369
  135   17.540   17.517   36.364    0.433    134.078   138.936
  136   17.517   17.494   36.360    0.434    135.071   139.398
  137   17.494   17.471   36.355    0.436    136.064   138.668
  138   17.482   17.458   36.353    0.437    137.057   137.770
  139   17.469   17.446   36.349    0.439    138.050   137.135
  140   17.460   17.436   36.347    0.441    139.042   136.396
  141   17.453   17.429   36.345    0.442    140.035   135.620
  142   17.440   17.416   36.342    0.444    141.028   135.290
  143   17.362   17.338   36.324    0.446    142.021   135.103
  144   17.268   17.244   36.307    0.447    143.014   133.185
  145   17.216   17.192   36.295    0.449    144.007   127.789
  146   17.176   17.152   36.287    0.450    144.999   123.444
  147   17.128   17.103   36.281    0.452    145.992   122.586
  148   17.111   17.087   36.279    0.454    146.985   123.082
  149   17.102   17.077   36.278    0.455    147.978   123.708
  150   17.094   17.069   36.278    0.457    148.970   123.614
  151   17.095   17.070   36.280    0.458    149.963   123.901
  152   17.098   17.073   36.286    0.460    150.956   125.117
  153   17.048   17.022   36.280    0.462    151.949   127.523
  154   16.916   16.891   36.256    0.463    152.942   130.221
  155   16.844   16.818   36.243    0.465    153.934   128.709
  156   16.847   16.821   36.245    0.466    154.927   124.756
  157   16.851   16.825   36.250    0.468    155.920   123.265
  158   16.852   16.826   36.252    0.469    156.913   126.442
  159   16.798   16.772   36.243    0.471    157.905   129.738
  160   16.736   16.709   36.232    0.473    158.898   130.203
  161   16.660   16.634   36.220    0.474    159.891   128.132
  162   16.603   16.576   36.213    0.476    160.883   125.241
  163   16.559   16.532   36.209    0.477    161.876   124.598
  164   16.381   16.354   36.181    0.479    162.869   125.800
  165   16.326   16.299   36.174    0.480    163.862   125.592
