 station cast   lat    long    jday   mo/da/yr   gmt
 121      1   24.404 -80.616   290    10/17/21  1824 
 
    File created by Jay Hooper - 13-Dec-2021   
            GOMECC4 Cruise Sep 2021 
             NOAA Ship Ronald H Brown
                  
 
     Primary (T,S,O) sensors - Calibrated CTD data   

   pr       te       th       sa       ht       ga       ox
dbars    deg c    deg c      psu  dyn. cm    gamma  umol/kg
    1   29.036   29.036   36.219    0.005    0.994   195.179
    2   29.036   29.036   36.218    0.010    1.987   195.206
    3   29.036   29.036   36.218    0.015    2.981   195.233
    4   29.036   29.035   36.218    0.020    3.974   195.259
    5   29.036   29.035   36.218    0.024    4.968   195.146
    6   29.039   29.037   36.218    0.029    5.962   195.432
    7   29.026   29.024   36.217    0.034    6.955   195.652
    8   29.021   29.019   36.217    0.039    7.949   195.553
    9   29.017   29.015   36.217    0.044    8.942   195.288
   10   29.011   29.009   36.217    0.049    9.936   195.432
   11   29.008   29.005   36.217    0.054    10.929   195.568
   12   29.005   29.002   36.217    0.059    11.923   195.242
   13   29.001   28.998   36.217    0.064    12.917   195.221
   14   28.999   28.996   36.217    0.068    13.910   195.474
   15   28.997   28.994   36.217    0.073    14.904   195.365
   16   28.996   28.992   36.217    0.078    15.897   195.588
   17   28.995   28.991   36.217    0.083    16.891   195.849
   18   28.994   28.990   36.217    0.088    17.884   195.656
   19   28.994   28.989   36.217    0.093    18.878   195.564
   20   28.992   28.987   36.216    0.098    19.871   195.488
   21   28.991   28.986   36.217    0.103    20.865   195.037
   22   28.990   28.984   36.216    0.107    21.858   195.491
   23   28.988   28.983   36.216    0.112    22.852   195.737
   24   28.987   28.981   36.216    0.117    23.845   195.571
   25   28.986   28.980   36.216    0.122    24.839   195.716
   26   28.985   28.979   36.216    0.127    25.832   195.808
   27   28.984   28.977   36.216    0.132    26.826   195.646
   28   28.983   28.976   36.216    0.137    27.819   195.732
   29   28.981   28.974   36.216    0.142    28.813   195.799
   30   28.980   28.973   36.216    0.147    29.806   195.478
   31   28.979   28.971   36.216    0.151    30.800   195.494
   32   28.976   28.968   36.216    0.156    31.793   195.642
   33   28.963   28.955   36.217    0.161    32.787   195.831
   34   28.948   28.940   36.220    0.166    33.780   196.024
   35   28.942   28.934   36.225    0.171    34.773   196.252
   36   28.939   28.931   36.226    0.176    35.767   196.546
   37   28.936   28.927   36.226    0.181    36.760   196.602
   38   28.934   28.925   36.227    0.185    37.754   196.439
   39   28.930   28.920   36.227    0.190    38.747   196.446
   40   28.930   28.920   36.227    0.195    39.741   196.403
   41   28.930   28.920   36.228    0.200    40.734   196.438
   42   28.929   28.919   36.228    0.205    41.727   196.403
   43   28.926   28.916   36.228    0.210    42.721   196.636
   44   28.923   28.912   36.228    0.215    43.714   196.395
   45   28.918   28.908   36.227    0.220    44.708   196.200
   46   28.912   28.901   36.226    0.224    45.701   196.665
   47   28.905   28.894   36.224    0.229    46.694   196.488
   48   28.902   28.890   36.224    0.234    47.688   196.261
   49   28.902   28.890   36.226    0.239    48.681   196.092
   50   28.902   28.890   36.228    0.244    49.674   196.878
   51   28.900   28.888   36.228    0.249    50.668   196.799
   52   28.886   28.873   36.230    0.254    51.661   196.626
   53   28.834   28.821   36.234    0.258    52.655   197.713
   54   28.742   28.729   36.238    0.263    53.648   199.509
   55   28.615   28.602   36.242    0.268    54.641   202.216
   56   28.540   28.526   36.242    0.273    55.635   203.420
   57   28.502   28.489   36.241    0.277    56.628   203.466
   58   28.476   28.462   36.242    0.282    57.621   203.367
   59   28.423   28.409   36.244    0.287    58.615   203.052
   60   28.284   28.269   36.248    0.291    59.608   202.521
   61   28.191   28.176   36.256    0.296    60.601   202.118
   62   28.174   28.160   36.255    0.301    61.595   201.468
   63   28.161   28.146   36.262    0.305    62.588   201.021
   64   28.135   28.120   36.278    0.310    63.581   199.195
   65   28.114   28.099   36.283    0.314    64.575   195.898
   66   28.070   28.054   36.288    0.319    65.568   194.383
   67   28.033   28.018   36.293    0.324    66.561   194.817
   68   28.006   27.990   36.300    0.328    67.554   195.153
   69   27.981   27.965   36.310    0.333    68.548   194.906
   70   27.943   27.927   36.327    0.337    69.541   194.386
   71   27.891   27.874   36.331    0.342    70.534   193.605
   72   27.850   27.833   36.334    0.346    71.527   193.263
   73   27.806   27.788   36.334    0.350    72.521   192.990
   74   27.740   27.722   36.332    0.355    73.514   192.697
   75   27.682   27.664   36.334    0.359    74.507   191.672
   76   27.640   27.623   36.335    0.364    75.500   190.509
   77   27.595   27.577   36.336    0.368    76.494   189.849
   78   27.572   27.554   36.336    0.372    77.487   189.382
   79   27.556   27.538   36.338    0.377    78.480   189.093
   80   27.517   27.499   36.339    0.381    79.473   189.326
   81   27.478   27.459   36.349    0.385    80.467   189.272
   82   27.455   27.435   36.359    0.390    81.460   188.746
   83   27.373   27.354   36.372    0.394    82.453   187.856
   84   27.310   27.291   36.381    0.398    83.446   186.893
   85   27.270   27.250   36.389    0.403    84.439   186.148
   86   27.240   27.220   36.410    0.407    85.433   185.620
   87   27.202   27.182   36.428    0.411    86.426   185.632
   88   27.165   27.144   36.438    0.415    87.419   185.453
   89   27.137   27.117   36.443    0.419    88.412   184.808
   90   27.072   27.052   36.456    0.423    89.405   183.660
   91   26.961   26.940   36.478    0.428    90.399   181.615
   92   26.815   26.794   36.507    0.432    91.392   179.811
   93   26.623   26.601   36.520    0.436    92.385   178.307
   94   26.499   26.477   36.511    0.439    93.378   178.482
   95   26.374   26.352   36.531    0.443    94.371   180.700
   96   26.315   26.294   36.605    0.447    95.364   180.469
   97   26.243   26.221   36.619    0.451    96.358   175.363
   98   26.204   26.182   36.619    0.455    97.351   172.094
   99   26.150   26.128   36.610    0.458    98.344   172.844
  100   26.053   26.031   36.621    0.462    99.337   173.569
  101   26.003   25.980   36.636    0.466    100.330   173.133
  102   25.966   25.943   36.640    0.470    101.323   172.753
  103   25.903   25.880   36.651    0.473    102.316   172.818
  104   25.688   25.665   36.710    0.477    103.309   172.596
  105   25.507   25.484   36.731    0.480    104.303   170.622
  106   25.403   25.379   36.727    0.484    105.296   169.364
  107   25.327   25.303   36.724    0.487    106.289   169.541
  108   25.233   25.210   36.736    0.490    107.282   169.907
  109   25.151   25.127   36.785    0.494    108.275   169.591
  110   25.025   25.001   36.789    0.497    109.268   167.649
  111   24.855   24.831   36.793    0.500    110.261   166.343
  112   24.607   24.583   36.792    0.503    111.254   166.329
  113   24.550   24.526   36.799    0.507    112.247   166.916
  114   24.535   24.510   36.798    0.510    113.240   167.019
  115   24.441   24.417   36.816    0.513    114.233   166.809
  116   24.365   24.340   36.871    0.516    115.226   165.315
  117   24.311   24.286   36.899    0.519    116.219   162.494
  118   24.256   24.231   36.912    0.522    117.213   160.678
  119   24.191   24.165   36.926    0.525    118.206   160.008
  120   24.112   24.086   36.939    0.528    119.199   159.614
  121   24.034   24.008   36.940    0.531    120.192   158.999
  122   23.896   23.870   36.930    0.534    121.185   159.258
  123   23.791   23.765   36.917    0.536    122.178   159.722
  124   23.749   23.723   36.911    0.539    123.171   159.970
  125   23.701   23.675   36.907    0.542    124.164   159.946
  126   23.683   23.656   36.910    0.545    125.157   160.002
  127   23.671   23.645   36.914    0.548    126.150   160.062
  128   23.628   23.602   36.921    0.550    127.143   159.833
  129   23.596   23.569   36.944    0.553    128.136   159.178
  130   23.584   23.557   36.956    0.556    129.129   158.260
  131   23.419   23.392   36.953    0.559    130.122   157.007
  132   23.196   23.169   36.951    0.561    131.115   154.270
  133   23.123   23.096   36.951    0.564    132.108   151.968
  134   23.025   22.997   36.950    0.567    133.101   151.823
  135   22.928   22.900   36.947    0.569    134.094   152.273
  136   22.798   22.771   36.942    0.572    135.086   152.264
  137   22.680   22.652   36.937    0.574    136.079   151.926
  138   22.584   22.556   36.932    0.577    137.072   151.979
  139   22.497   22.469   36.928    0.579    138.065   152.155
  140   22.437   22.408   36.924    0.582    139.058   152.135
  141   22.414   22.385   36.923    0.584    140.051   152.040
  142   22.393   22.364   36.922    0.587    141.044   151.859
  143   22.375   22.346   36.921    0.589    142.037   151.839
  144   22.362   22.332   36.921    0.592    143.030   151.803
  145   22.314   22.285   36.916    0.594    144.023   151.904
  146   22.217   22.188   36.907    0.597    145.016   151.768
  147   22.156   22.126   36.902    0.599    146.009   151.485
  148   22.085   22.056   36.896    0.601    147.002   151.479
  149   22.032   22.002   36.892    0.604    147.995   151.456
  150   21.885   21.855   36.878    0.606    148.987   151.396
  151   21.685   21.655   36.861    0.608    149.980   151.251
  152   21.603   21.573   36.858    0.611    150.973   151.159
  153   21.565   21.535   36.860    0.613    151.966   151.706
  154   21.502   21.471   36.857    0.615    152.959   152.246
  155   21.419   21.388   36.857    0.618    153.952   152.542
  156   21.365   21.334   36.858    0.620    154.945   152.896
  157   21.301   21.270   36.857    0.622    155.938   153.778
  158   21.237   21.207   36.852    0.624    156.930   154.588
  159   21.171   21.140   36.848    0.626    157.923   154.720
  160   21.124   21.093   36.843    0.629    158.916   154.752
  161   21.080   21.048   36.839    0.631    159.909   154.460
  162   21.064   21.033   36.838    0.633    160.902   154.152
  163   21.036   21.004   36.835    0.635    161.895   153.879
  164   20.898   20.867   36.826    0.637    162.887   153.768
  165   20.811   20.779   36.818    0.639    163.880   153.677
  166   20.716   20.684   36.809    0.641    164.873   153.981
  167   20.679   20.647   36.805    0.644    165.866   154.264
  168   20.642   20.610   36.802    0.646    166.859   154.462
  169   20.601   20.568   36.797    0.648    167.851   154.514
  170   20.553   20.521   36.792    0.650    168.844   154.501
  171   20.500   20.468   36.787    0.652    169.837   154.472
  172   20.414   20.381   36.779    0.654    170.830   154.640
  173   20.323   20.290   36.771    0.656    171.823   155.079
  174   20.311   20.278   36.770    0.658    172.815   155.716
  175   20.299   20.266   36.769    0.660    173.808   156.217
  176   20.263   20.230   36.765    0.662    174.801   156.408
  177   20.198   20.165   36.759    0.664    175.794   156.431
  178   20.162   20.129   36.756    0.666    176.786   156.801
  179   20.145   20.111   36.754    0.668    177.779   157.217
  180   20.128   20.094   36.752    0.670    178.772   157.541
  181   20.106   20.072   36.750    0.672    179.765   157.724
  182   20.059   20.025   36.745    0.674    180.757   157.884
  183   20.009   19.974   36.739    0.676    181.750   158.276
  184   19.929   19.895   36.731    0.678    182.743   159.022
  185   19.899   19.865   36.729    0.680    183.736   159.646
  186   19.850   19.815   36.723    0.682    184.728   160.149
  187   19.801   19.766   36.717    0.684    185.721   160.374
  188   19.749   19.714   36.711    0.686    186.714   160.577
  189   19.731   19.696   36.708    0.688    187.706   160.714
  190   19.722   19.687   36.707    0.690    188.699   160.777
  191   19.706   19.671   36.706    0.692    189.692   160.778
  192   19.670   19.634   36.701    0.694    190.685   160.790
  193   19.649   19.614   36.698    0.696    191.677   160.715
  194   19.617   19.582   36.694    0.697    192.670   160.847
  195   19.589   19.553   36.690    0.699    193.663   160.938
  196   19.570   19.534   36.686    0.701    194.655   160.952
  197   19.549   19.512   36.682    0.703    195.648   160.857
  198   19.458   19.421   36.666    0.705    196.641   160.682
  199   19.345   19.309   36.651    0.707    197.633   160.310
  200   19.194   19.158   36.626    0.709    198.626   159.831
  201   19.069   19.033   36.606    0.711    199.619   158.700
  202   19.019   18.983   36.597    0.713    200.611   157.282
  203   18.969   18.933   36.590    0.714    201.604   156.367
  204   18.952   18.916   36.587    0.716    202.596   156.044
  205   18.908   18.872   36.579    0.718    203.589   156.022
  206   18.854   18.817   36.570    0.720    204.582   155.560
  207   18.814   18.777   36.564    0.722    205.574   154.555
  208   18.803   18.766   36.562    0.723    206.567   153.976
  209   18.774   18.736   36.557    0.725    207.560   153.955
  210   18.729   18.692   36.550    0.727    208.552   153.897
  211   18.699   18.661   36.546    0.729    209.545   153.673
  212   18.669   18.632   36.541    0.731    210.537   153.497
  213   18.618   18.580   36.534    0.732    211.530   153.313
  214   18.612   18.574   36.534    0.734    212.522   153.252
  215   18.607   18.568   36.533    0.736    213.515   153.339
  216   18.559   18.521   36.528    0.738    214.508   153.522
  217   18.506   18.468   36.522    0.740    215.500   153.704
  218   18.448   18.409   36.513    0.741    216.493   153.844
  219   18.377   18.338   36.504    0.743    217.485   153.933
  220   18.322   18.283   36.498    0.745    218.478   153.826
  221   18.289   18.250   36.494    0.747    219.470   153.970
  222   18.264   18.225   36.490    0.748    220.463   154.172
  223   18.229   18.190   36.485    0.750    221.456   154.281
  224   18.197   18.158   36.481    0.752    222.448   154.050
  225   18.178   18.139   36.478    0.754    223.441   153.823
  226   18.150   18.111   36.474    0.755    224.433   153.765
  227   18.120   18.081   36.470    0.757    225.426   153.678
  228   18.102   18.062   36.468    0.759    226.418   153.515
  229   18.075   18.035   36.464    0.760    227.411   153.366
  230   18.043   18.003   36.459    0.762    228.403   153.362
  231   18.002   17.962   36.453    0.764    229.396   153.247
  232   17.954   17.914   36.445    0.766    230.388   152.935
  233   17.874   17.834   36.433    0.767    231.381   152.589
  234   17.822   17.782   36.425    0.769    232.373   152.133
  235   17.743   17.703   36.412    0.771    233.366   151.719
  236   17.678   17.637   36.403    0.772    234.358   151.191
  237   17.616   17.575   36.393    0.774    235.351   150.692
  238   17.554   17.513   36.384    0.776    236.343   150.204
  239   17.493   17.452   36.375    0.777    237.336   149.869
  240   17.454   17.414   36.369    0.779    238.328   149.656
  241   17.394   17.353   36.360    0.781    239.320   149.523
  242   17.330   17.289   36.351    0.782    240.313   149.492
  243   17.313   17.272   36.349    0.784    241.305   149.504
  244   17.309   17.267   36.348    0.785    242.298   149.638
  245   17.298   17.257   36.346    0.787    243.290   149.679
  246   17.231   17.189   36.336    0.789    244.283   149.604
  247   17.161   17.119   36.325    0.790    245.275   149.293
  248   17.141   17.099   36.321    0.792    246.267   148.965
  249   17.125   17.084   36.318    0.794    247.260   148.718
  250   17.098   17.056   36.313    0.795    248.252   148.629
  251   17.007   16.965   36.298    0.797    249.245   148.384
  252   16.971   16.929   36.292    0.798    250.237   147.629
  253   16.941   16.899   36.287    0.800    251.230   146.990
  254   16.881   16.838   36.276    0.802    252.222   146.681
  255   16.800   16.758   36.264    0.803    253.214   146.139
  256   16.775   16.732   36.259    0.805    254.207   144.968
  257   16.712   16.670   36.249    0.806    255.199   143.869
  258   16.664   16.621   36.241    0.808    256.191   142.928
  259   16.631   16.588   36.236    0.809    257.184   142.284
  260   16.587   16.545   36.227    0.811    258.176   141.884
  261   16.534   16.492   36.218    0.812    259.169   141.284
  262   16.501   16.458   36.212    0.814    260.161   140.307
  263   16.490   16.447   36.210    0.816    261.153   139.304
  264   16.458   16.415   36.203    0.817    262.146   138.662
  265   16.436   16.393   36.199    0.819    263.138   138.060
  266   16.411   16.368   36.195    0.820    264.130   137.300
  267   16.397   16.354   36.192    0.822    265.123   136.548
  268   16.371   16.327   36.188    0.823    266.115   136.179
  269   16.338   16.295   36.182    0.825    267.107   136.033
  270   16.257   16.214   36.169    0.826    268.100   135.874
  271   16.212   16.168   36.162    0.828    269.092   135.575
  272   16.194   16.150   36.159    0.829    270.084   135.299
  273   16.159   16.115   36.153    0.831    271.076   135.127
  274   16.145   16.101   36.151    0.832    272.069   134.814
  275   16.137   16.093   36.149    0.834    273.061   134.546
  276   16.127   16.083   36.148    0.835    274.053   134.510
  277   16.116   16.071   36.146    0.837    275.046   134.462
  278   16.105   16.060   36.145    0.838    276.038   134.433
  279   16.095   16.050   36.143    0.840    277.030   134.349
  280   16.084   16.039   36.141    0.841    278.022   134.295
  281   16.079   16.034   36.140    0.843    279.015   134.279
  282   16.062   16.016   36.138    0.844    280.007   134.281
  283   16.041   15.996   36.134    0.846    280.999   134.280
  284   16.022   15.976   36.132    0.847    281.991   134.291
  285   16.010   15.964   36.130    0.849    282.984   134.360
  286   16.003   15.957   36.129    0.850    283.976   134.480
  287   15.971   15.925   36.124    0.852    284.968   134.614
  288   15.952   15.906   36.121    0.853    285.960   134.682
  289   15.911   15.865   36.115    0.855    286.953   134.804
  290   15.896   15.850   36.112    0.856    287.945   134.600
  291   15.873   15.826   36.108    0.858    288.937   134.354
  292   15.834   15.787   36.101    0.859    289.929   134.166
  293   15.766   15.720   36.090    0.861    290.922   133.987
  294   15.689   15.642   36.077    0.862    291.914   133.611
  295   15.607   15.561   36.064    0.864    292.906   132.972
  296   15.563   15.516   36.057    0.865    293.898   132.190
  297   15.491   15.444   36.045    0.867    294.890   131.720
  298   15.440   15.393   36.037    0.868    295.882   131.392
  299   15.399   15.352   36.030    0.870    296.875   131.100
  300   15.372   15.325   36.026    0.871    297.867   130.884
  301   15.360   15.313   36.025    0.873    298.859   130.710
  302   15.335   15.288   36.021    0.874    299.851   130.585
  303   15.319   15.272   36.018    0.875    300.843   130.409
  304   15.300   15.253   36.015    0.877    301.835   130.428
  305   15.243   15.196   36.006    0.878    302.828   130.484
  306   15.192   15.144   35.998    0.880    303.820   130.428
  307   15.170   15.122   35.994    0.881    304.812   130.399
  308   15.090   15.042   35.982    0.883    305.804   130.471
  309   15.048   15.001   35.975    0.884    306.796   130.603
  310   15.019   14.971   35.970    0.885    307.788   130.866
  311   15.002   14.955   35.967    0.887    308.780   131.055
  312   14.973   14.925   35.963    0.888    309.773   131.106
  313   14.934   14.886   35.957    0.890    310.765   131.076
  314   14.886   14.839   35.950    0.891    311.757   131.073
  315   14.844   14.796   35.943    0.892    312.749   130.998
  316   14.815   14.767   35.938    0.894    313.741   130.898
  317   14.792   14.744   35.934    0.895    314.733   130.819
  318   14.665   14.617   35.913    0.897    315.725   130.823
  319   14.598   14.550   35.902    0.898    316.717   130.307
  320   14.505   14.457   35.888    0.899    317.709   129.694
  321   14.430   14.382   35.875    0.901    318.701   129.097
  322   14.341   14.293   35.861    0.902    319.693   128.744
  323   14.217   14.170   35.841    0.903    320.685   128.525
  324   14.050   14.003   35.815    0.905    321.678   128.426
  325   13.844   13.796   35.781    0.906    322.670   128.383
  326   13.467   13.421   35.719    0.907    323.662   128.363
  327   13.252   13.206   35.685    0.908    324.654   127.576
  328   13.036   12.991   35.650    0.910    325.646   126.868
  329   12.821   12.776   35.615    0.911    326.638   126.796
  330   12.751   12.706   35.606    0.912    327.630   126.889
  331   12.742   12.697   35.605    0.913    328.622   126.575
  332   12.727   12.681   35.604    0.915    329.614   126.291
  333   12.711   12.666   35.603    0.916    330.606   126.100
  334   12.696   12.650   35.602    0.917    331.598   125.892
  335   12.693   12.647   35.603    0.918    332.590   125.790
  336   12.689   12.643   35.603    0.919    333.582   125.748
  337   12.656   12.610   35.598    0.921    334.574   125.745
  338   12.643   12.597   35.596    0.922    335.566   125.717
  339   12.636   12.589   35.596    0.923    336.558   125.724
  340   12.648   12.602   35.598    0.924    337.550   125.673
  341   12.619   12.572   35.594    0.925    338.542   125.678
  342   12.618   12.572   35.594    0.927    339.534   125.597
  343   12.618   12.571   35.594    0.928    340.526   125.536
  344   12.618   12.571   35.595    0.929    341.518   125.498
  345   12.591   12.544   35.590    0.930    342.510   125.599
  346   12.576   12.529   35.587    0.932    343.502   125.611
  347   12.557   12.510   35.584    0.933    344.494   125.609
  348   12.544   12.497   35.582    0.934    345.485   125.533
  349   12.535   12.487   35.581    0.935    346.477   125.346
  350   12.547   12.499   35.583    0.936    347.469   125.312
  351   12.550   12.502   35.583    0.938    348.461   125.376
  352   12.554   12.506   35.584    0.939    349.453   125.450
  353   12.557   12.509   35.585    0.940    350.445   125.452
  354   12.561   12.513   35.585    0.941    351.437   125.457
  355   12.564   12.516   35.586    0.942    352.429   125.442
  356   12.564   12.515   35.585    0.944    353.421   125.338
  357   12.544   12.496   35.581    0.945    354.413   125.294
  358   12.549   12.501   35.582    0.946    355.405   125.285
  359   12.472   12.423   35.570    0.947    356.397   125.225
  360   12.472   12.423   35.570    0.948    357.388   125.194
  361   12.472   12.423   35.570    0.950    358.380   125.240
  362   12.472   12.423   35.570    0.951    359.372   125.135
