 station cast   lat    long    jday   mo/da/yr   gmt
  34      1   29.052 -87.522   267    09/24/21  0651 
 
    File created by Jay Hooper - 13-Dec-2021   
            GOMECC4 Cruise Sep 2021 
             NOAA Ship Ronald H Brown
                  
 
     Primary (T,S,O) sensors - Calibrated CTD data   

   pr       te       th       sa       ht       ga       ox
dbars    deg c    deg c      psu  dyn. cm    gamma  umol/kg
    1   27.649   27.649   34.088    0.006    0.993   199.612
    2   27.649   27.649   34.088    0.012    1.987   199.639
    3   27.649   27.649   34.088    0.018    2.980   199.667
    4   27.649   27.648   34.087    0.024    3.973   199.694
    5   27.649   27.648   34.087    0.030    4.966   199.775
    6   27.649   27.647   34.087    0.036    5.960   199.570
    7   27.649   27.648   34.088    0.042    6.953   199.617
    8   27.651   27.650   34.088    0.048    7.946   199.633
    9   27.650   27.648   34.088    0.054    8.939   199.821
   10   27.655   27.652   34.089    0.060    9.932   199.648
   11   27.651   27.648   34.089    0.066    10.926   199.734
   12   27.654   27.651   34.091    0.072    11.919   199.348
   13   27.658   27.655   34.093    0.078    12.912   199.774
   14   27.669   27.666   34.101    0.084    13.905   199.925
   15   27.718   27.714   34.144    0.090    14.898   199.533
   16   27.923   27.920   34.366    0.096    15.892   199.635
   17   28.007   28.003   34.476    0.101    16.885   199.791
   18   28.065   28.060   34.595    0.107    17.878   199.499
   19   28.227   28.222   35.094    0.113    18.871   199.366
   20   28.026   28.021   35.285    0.118    19.864   198.998
   21   28.010   28.005   35.292    0.123    20.858   198.911
   22   27.997   27.992   35.304    0.128    21.851   199.780
   23   27.869   27.863   35.363    0.133    22.844   199.061
   24   27.843   27.838   35.532    0.138    23.837   195.854
   25   27.848   27.842   35.747    0.143    24.830   196.008
   26   27.848   27.842   35.892    0.148    25.823   197.967
   27   27.819   27.813   35.975    0.153    26.817   199.038
   28   27.652   27.646   35.983    0.157    27.810   198.929
   29   27.199   27.192   35.981    0.162    28.803   197.498
   30   26.804   26.797   36.036    0.166    29.796   195.339
   31   26.566   26.559   36.023    0.171    30.789   195.296
   32   26.259   26.252   36.017    0.175    31.782   194.279
   33   26.142   26.135   36.031    0.179    32.775   192.310
   34   25.997   25.989   36.059    0.183    33.768   190.429
   35   25.996   25.988   36.066    0.187    34.761   189.967
   36   25.889   25.881   36.084    0.191    35.755   190.831
   37   25.750   25.742   36.109    0.195    36.748   190.353
   38   25.713   25.704   36.114    0.199    37.741   190.985
   39   25.699   25.690   36.116    0.203    38.734   190.879
   40   25.682   25.673   36.120    0.207    39.727   190.576
   41   25.611   25.602   36.134    0.211    40.720   190.922
   42   25.241   25.232   36.199    0.214    41.713   191.710
   43   24.936   24.927   36.261    0.218    42.706   193.844
   44   24.720   24.711   36.279    0.222    43.699   196.157
   45   24.540   24.531   36.277    0.225    44.692   197.877
   46   24.421   24.411   36.276    0.229    45.685   204.159
   47   24.360   24.350   36.280    0.232    46.678   206.066
   48   24.283   24.273   36.287    0.235    47.671   203.850
   49   24.181   24.171   36.287    0.239    48.664   200.141
   50   24.110   24.100   36.284    0.242    49.657   200.769
   51   23.940   23.929   36.275    0.246    50.650   202.143
   52   23.764   23.753   36.272    0.249    51.643   203.308
   53   23.738   23.727   36.275    0.252    52.636   202.569
   54   23.689   23.678   36.274    0.255    53.629   201.890
   55   23.472   23.460   36.277    0.258    54.622   200.868
   56   23.309   23.297   36.278    0.262    55.615   199.333
   57   23.182   23.170   36.281    0.265    56.608   198.772
   58   23.026   23.014   36.284    0.268    57.601   198.380
   59   22.931   22.919   36.287    0.271    58.594   196.968
   60   22.867   22.855   36.288    0.274    59.587   196.014
   61   22.840   22.828   36.291    0.277    60.580   195.950
   62   22.787   22.774   36.292    0.280    61.573   195.868
   63   22.662   22.649   36.304    0.283    62.566   194.766
   64   22.579   22.566   36.317    0.286    63.559   190.262
   65   22.450   22.437   36.319    0.289    64.552   184.021
   66   22.358   22.345   36.334    0.291    65.545   179.580
   67   22.230   22.217   36.340    0.294    66.538   176.194
   68   22.071   22.057   36.320    0.297    67.531   171.746
   69   21.915   21.901   36.299    0.300    68.524   170.506
   70   21.725   21.711   36.282    0.303    69.517   172.981
   71   21.622   21.608   36.278    0.305    70.510   174.795
   72   21.550   21.536   36.277    0.308    71.503   174.458
   73   21.454   21.440   36.296    0.311    72.496   172.407
   74   21.401   21.387   36.314    0.313    73.489   167.416
   75   21.397   21.382   36.352    0.316    74.482   162.211
   76   21.302   21.287   36.345    0.318    75.475   157.301
   77   21.134   21.119   36.334    0.321    76.467   154.578
   78   21.020   21.005   36.312    0.323    77.460   155.218
   79   20.960   20.945   36.309    0.326    78.453   159.887
   80   20.933   20.918   36.330    0.328    79.446   164.456
   81   20.902   20.886   36.352    0.331    80.439   163.834
   82   20.928   20.913   36.386    0.333    81.432   159.036
   83   20.906   20.890   36.397    0.336    82.425   150.503
   84   20.860   20.844   36.397    0.338    83.418   143.211
   85   20.776   20.759   36.398    0.340    84.410   141.816
   86   20.626   20.609   36.395    0.343    85.403   143.213
   87   20.595   20.579   36.420    0.345    86.396   144.628
   88   20.569   20.552   36.432    0.347    87.389   142.141
   89   20.563   20.546   36.438    0.350    88.382   136.914
   90   20.546   20.529   36.445    0.352    89.375   132.643
   91   20.483   20.466   36.470    0.354    90.368   130.468
   92   20.475   20.458   36.475    0.357    91.360   127.802
   93   20.427   20.409   36.484    0.359    92.353   125.714
   94   20.332   20.315   36.484    0.361    93.346   124.099
   95   20.273   20.255   36.486    0.363    94.339   123.318
   96   20.209   20.191   36.484    0.365    95.332   123.065
   97   20.082   20.063   36.481    0.368    96.324   123.067
   98   20.026   20.007   36.480    0.370    97.317   122.673
   99   19.989   19.971   36.479    0.372    98.310   122.491
  100   19.936   19.917   36.477    0.374    99.303   122.518
  101   19.902   19.883   36.478    0.376    100.296   122.449
  102   19.773   19.754   36.469    0.378    101.288   122.349
  103   19.653   19.634   36.460    0.380    102.281   121.907
  104   19.633   19.614   36.457    0.382    103.274   121.968
  105   19.623   19.604   36.456    0.384    104.267   122.425
  106   19.593   19.573   36.463    0.386    105.259   122.610
  107   19.566   19.546   36.468    0.388    106.252   122.169
  108   19.555   19.535   36.468    0.390    107.245   121.855
  109   19.495   19.475   36.465    0.392    108.238   122.003
  110   19.384   19.364   36.462    0.394    109.230   121.428
  111   19.341   19.321   36.463    0.396    110.223   120.160
  112   19.282   19.262   36.463    0.398    111.216   119.872
  113   19.160   19.140   36.459    0.400    112.209   119.950
  114   19.137   19.117   36.459    0.402    113.201   119.148
  115   19.128   19.107   36.459    0.404    114.194   118.652
  116   19.090   19.069   36.457    0.406    115.187   118.723
  117   18.995   18.974   36.453    0.408    116.179   118.647
  118   18.839   18.818   36.446    0.410    117.172   117.910
  119   18.734   18.713   36.441    0.412    118.165   117.189
  120   18.634   18.612   36.438    0.414    119.158   117.206
  121   18.557   18.535   36.431    0.416    120.150   118.311
  122   18.509   18.487   36.428    0.417    121.143   118.641
  123   18.462   18.440   36.424    0.419    122.136   118.194
  124   18.411   18.389   36.421    0.421    123.128   117.845
  125   18.367   18.345   36.419    0.423    124.121   117.886
  126   18.321   18.299   36.415    0.424    125.114   118.372
  127   18.296   18.274   36.412    0.426    126.106   118.773
  128   18.161   18.139   36.398    0.428    127.099   118.722
  129   18.068   18.045   36.391    0.430    128.092   117.986
  130   18.038   18.016   36.392    0.431    129.084   117.822
  131   17.996   17.973   36.392    0.433    130.077   119.433
  132   17.937   17.915   36.394    0.435    131.070   122.958
  133   17.907   17.884   36.390    0.437    132.062   128.044
  134   17.847   17.824   36.379    0.438    133.055   130.573
  135   17.786   17.763   36.369    0.440    134.047   129.082
  136   17.768   17.745   36.368    0.442    135.040   125.137
  137   17.731   17.708   36.366    0.443    136.033   123.126
  138   17.680   17.657   36.363    0.445    137.025   123.934
  139   17.668   17.644   36.362    0.447    138.018   126.479
  140   17.621   17.597   36.358    0.448    139.010   128.495
  141   17.586   17.562   36.357    0.450    140.003   130.074
  142   17.582   17.558   36.358    0.452    140.996   132.575
  143   17.570   17.546   36.359    0.453    141.988   134.469
  144   17.518   17.494   36.354    0.455    142.981   135.383
  145   17.470   17.445   36.348    0.457    143.973   136.417
  146   17.429   17.404   36.341    0.458    144.966   137.213
  147   17.405   17.380   36.338    0.460    145.959   137.019
  148   17.393   17.368   36.337    0.461    146.951   136.530
  149   17.373   17.348   36.333    0.463    147.944   136.498
  150   17.302   17.276   36.323    0.465    148.936   136.407
  151   17.241   17.216   36.315    0.466    149.929   136.098
  152   17.204   17.178   36.311    0.468    150.921   136.190
  153   17.147   17.122   36.302    0.469    151.914   136.441
  154   17.059   17.034   36.287    0.471    152.906   136.107
  155   16.986   16.960   36.275    0.473    153.899   134.617
  156   16.927   16.901   36.266    0.474    154.891   132.784
  157   16.887   16.861   36.259    0.476    155.884   131.452
  158   16.833   16.807   36.250    0.477    156.876   130.536
  159   16.777   16.751   36.240    0.479    157.869   129.715
  160   16.692   16.666   36.228    0.480    158.861   129.011
  161   16.620   16.594   36.218    0.482    159.854   128.065
  162   16.580   16.553   36.211    0.483    160.846   127.208
  163   16.552   16.526   36.206    0.485    161.839   126.427
  164   16.520   16.493   36.201    0.487    162.831   125.834
  165   16.450   16.423   36.192    0.488    163.824   125.559
  166   16.414   16.387   36.187    0.490    164.816   125.395
  167   16.374   16.347   36.182    0.491    165.809   125.517
  168   16.327   16.300   36.175    0.493    166.801   126.253
  169   16.278   16.250   36.170    0.494    167.794   127.455
  170   16.271   16.244   36.172    0.496    168.786   129.084
  171   16.281   16.253   36.176    0.497    169.779   131.699
  172   16.282   16.255   36.178    0.499    170.771   134.666
  173   16.260   16.232   36.176    0.500    171.764   137.353
  174   16.242   16.214   36.172    0.502    172.756   139.618
  175   16.215   16.187   36.166    0.503    173.748   140.153
  176   16.188   16.159   36.163    0.505    174.741   139.285
  177   16.188   16.160   36.164    0.506    175.733   138.111
  178   16.169   16.140   36.162    0.507    176.726   138.323
  179   16.120   16.091   36.154    0.509    177.718   139.263
  180   16.031   16.002   36.139    0.510    178.710   139.816
  181   15.962   15.933   36.128    0.512    179.703   139.801
  182   15.945   15.916   36.126    0.513    180.695   139.444
  183   15.935   15.906   36.124    0.515    181.688   139.074
  184   15.924   15.894   36.122    0.516    182.680   138.867
  185   15.915   15.886   36.121    0.518    183.672   138.650
  186   15.861   15.832   36.111    0.519    184.665   138.588
  187   15.795   15.765   36.099    0.521    185.657   138.147
  188   15.702   15.673   36.084    0.522    186.650   137.213
  189   15.668   15.638   36.078    0.523    187.642   135.789
  190   15.619   15.589   36.070    0.525    188.634   134.884
  191   15.589   15.559   36.066    0.526    189.627   134.399
  192   15.559   15.529   36.061    0.528    190.619   134.595
  193   15.535   15.505   36.057    0.529    191.611   134.853
  194   15.508   15.477   36.053    0.531    192.604   134.955
  195   15.456   15.426   36.044    0.532    193.596   134.776
  196   15.418   15.387   36.038    0.533    194.588   134.217
  197   15.354   15.323   36.027    0.535    195.581   133.632
  198   15.313   15.282   36.020    0.536    196.573   133.000
  199   15.277   15.246   36.015    0.538    197.565   132.292
  200   15.263   15.232   36.012    0.539    198.558   131.455
  201   15.249   15.218   36.010    0.540    199.550   130.685
  202   15.198   15.167   36.001    0.542    200.542   130.352
  203   15.188   15.157   36.000    0.543    201.534   129.946
  204   15.171   15.139   35.996    0.545    202.527   129.432
  205   15.117   15.086   35.987    0.546    203.519   128.994
  206   15.056   15.025   35.977    0.547    204.511   128.689
  207   15.033   15.002   35.974    0.549    205.504   128.327
  208   15.017   14.986   35.971    0.550    206.496   128.149
  209   14.995   14.963   35.968    0.552    207.488   128.067
  210   14.949   14.917   35.961    0.553    208.480   128.023
  211   14.927   14.895   35.958    0.554    209.473   127.956
  212   14.890   14.857   35.951    0.556    210.465   127.805
  213   14.864   14.831   35.947    0.557    211.457   127.618
  214   14.858   14.826   35.946    0.558    212.449   127.426
  215   14.856   14.823   35.946    0.560    213.442   127.346
  216   14.855   14.823   35.946    0.561    214.434   127.348
  217   14.854   14.821   35.946    0.562    215.426   127.421
  218   14.853   14.820   35.946    0.564    216.418   127.418
  219   14.852   14.819   35.946    0.565    217.411   127.390
  220   14.852   14.819   35.946    0.567    218.403   127.335
  221   14.849   14.815   35.945    0.568    219.395   127.266
  222   14.824   14.790   35.940    0.569    220.387   127.343
  223   14.759   14.725   35.928    0.571    221.379   127.147
  224   14.731   14.697   35.923    0.572    222.372   126.215
  225   14.681   14.647   35.915    0.573    223.364   125.130
  226   14.608   14.574   35.905    0.575    224.356   124.298
  227   14.565   14.531   35.898    0.576    225.348   123.682
  228   14.539   14.505   35.894    0.577    226.340   123.419
  229   14.503   14.469   35.888    0.579    227.332   123.441
  230   14.441   14.407   35.878    0.580    228.325   123.517
  231   14.420   14.385   35.875    0.581    229.317   123.486
  232   14.411   14.377   35.874    0.583    230.309   123.500
  233   14.404   14.369   35.873    0.584    231.301   123.641
  234   14.390   14.356   35.870    0.585    232.293   123.725
  235   14.360   14.325   35.865    0.587    233.285   123.724
  236   14.325   14.290   35.859    0.588    234.278   123.591
  237   14.288   14.253   35.852    0.589    235.270   123.519
  238   14.227   14.192   35.843    0.591    236.262   123.541
  239   14.204   14.169   35.839    0.592    237.254   123.424
  240   14.137   14.102   35.828    0.593    238.246   123.319
  241   14.074   14.039   35.818    0.595    239.238   123.149
  242   14.046   14.011   35.813    0.596    240.230   122.928
  243   14.011   13.975   35.807    0.597    241.222   122.838
  244   13.997   13.961   35.804    0.598    242.214   122.741
  245   13.971   13.935   35.800    0.600    243.207   122.825
  246   13.950   13.914   35.797    0.601    244.199   122.953
  247   13.913   13.877   35.791    0.602    245.191   123.048
  248   13.853   13.817   35.782    0.604    246.183   123.104
  249   13.772   13.736   35.771    0.605    247.175   122.997
  250   13.744   13.708   35.765    0.606    248.167   122.841
  251   13.696   13.660   35.757    0.607    249.159   122.767
  252   13.682   13.645   35.755    0.609    250.151   122.649
  253   13.651   13.615   35.749    0.610    251.143   122.701
  254   13.591   13.555   35.740    0.611    252.135   122.731
  255   13.551   13.514   35.735    0.613    253.127   122.544
  256   13.522   13.486   35.730    0.614    254.119   122.391
  257   13.498   13.462   35.727    0.615    255.111   122.190
  258   13.491   13.454   35.725    0.616    256.103   121.986
  259   13.458   13.421   35.720    0.618    257.095   121.862
  260   13.394   13.357   35.708    0.619    258.087   121.925
  261   13.323   13.287   35.696    0.620    259.079   122.079
  262   13.285   13.248   35.689    0.621    260.071   122.471
  263   13.238   13.201   35.681    0.623    261.063   123.140
  264   13.210   13.173   35.677    0.624    262.055   124.220
  265   13.183   13.146   35.672    0.625    263.047   125.293
  266   13.151   13.114   35.669    0.626    264.039   126.078
  267   13.129   13.092   35.665    0.628    265.031   126.482
  268   13.108   13.071   35.661    0.629    266.023   126.583
  269   13.076   13.039   35.657    0.630    267.015   126.474
  270   13.059   13.022   35.654    0.631    268.007   126.356
  271   13.053   13.015   35.653    0.632    268.999   126.282
  272   13.033   12.995   35.650    0.634    269.991   126.305
  273   13.015   12.977   35.647    0.635    270.983   126.220
  274   12.976   12.938   35.641    0.636    271.975   126.049
  275   12.965   12.927   35.639    0.637    272.967   125.668
  276   12.959   12.921   35.638    0.639    273.959   125.245
  277   12.951   12.913   35.637    0.640    274.951   124.879
  278   12.947   12.908   35.636    0.641    275.943   124.693
  279   12.943   12.904   35.636    0.642    276.935   124.615
  280   12.937   12.898   35.635    0.643    277.927   124.530
  281   12.910   12.871   35.631    0.645    278.919   124.456
  282   12.880   12.841   35.627    0.646    279.911   124.206
  283   12.860   12.821   35.624    0.647    280.903   123.701
  284   12.843   12.804   35.621    0.648    281.895   122.879
  285   12.820   12.781   35.618    0.649    282.886   121.963
  286   12.809   12.769   35.616    0.651    283.878   121.243
  287   12.777   12.738   35.611    0.652    284.870   120.770
  288   12.738   12.699   35.605    0.653    285.862   120.477
  289   12.681   12.642   35.597    0.654    286.854   120.328
  290   12.639   12.599   35.590    0.656    287.846   120.154
  291   12.608   12.568   35.585    0.657    288.838   119.803
  292   12.599   12.559   35.583    0.658    289.830   119.534
  293   12.544   12.504   35.575    0.659    290.821   119.515
  294   12.529   12.489   35.572    0.660    291.813   119.671
  295   12.513   12.473   35.570    0.661    292.805   119.922
  296   12.494   12.454   35.567    0.663    293.797   120.039
  297   12.475   12.435   35.564    0.664    294.789   120.065
  298   12.406   12.366   35.553    0.665    295.781   120.114
  299   12.356   12.316   35.545    0.666    296.773   120.042
  300   12.344   12.304   35.543    0.667    297.764   119.873
  301   12.332   12.292   35.541    0.669    298.756   119.678
  302   12.307   12.267   35.537    0.670    299.748   119.485
  303   12.276   12.235   35.533    0.671    300.740   119.526
  304   12.255   12.214   35.529    0.672    301.732   120.078
  305   12.252   12.211   35.529    0.673    302.723   120.911
  306   12.234   12.193   35.526    0.674    303.715   121.701
  307   12.202   12.161   35.521    0.676    304.707   121.990
  308   12.181   12.140   35.518    0.677    305.699   121.725
  309   12.146   12.105   35.512    0.678    306.691   121.310
  310   12.129   12.088   35.510    0.679    307.682   120.889
  311   12.121   12.080   35.508    0.680    308.674   120.524
  312   12.112   12.071   35.507    0.681    309.666   120.354
  313   12.107   12.065   35.506    0.683    310.658   120.299
  314   12.093   12.051   35.504    0.684    311.650   120.324
  315   12.080   12.038   35.502    0.685    312.641   120.199
  316   12.044   12.002   35.497    0.686    313.633   120.107
  317   12.020   11.978   35.494    0.687    314.625   120.034
  318   12.002   11.960   35.491    0.688    315.617   120.081
  319   11.988   11.946   35.488    0.690    316.608   120.332
  320   11.976   11.934   35.486    0.691    317.600   120.859
  321   11.963   11.921   35.485    0.692    318.592   121.293
  322   11.955   11.913   35.484    0.693    319.583   121.530
  323   11.948   11.906   35.483    0.694    320.575   121.482
  324   11.945   11.903   35.483    0.695    321.567   121.216
  325   11.942   11.900   35.482    0.696    322.559   120.988
  326   11.923   11.880   35.479    0.698    323.550   120.881
  327   11.892   11.849   35.474    0.699    324.542   120.884
  328   11.873   11.830   35.471    0.700    325.534   120.665
  329   11.848   11.805   35.467    0.701    326.525   120.370
  330   11.817   11.774   35.462    0.702    327.517   119.991
  331   11.791   11.748   35.458    0.703    328.509   119.677
  332   11.752   11.709   35.452    0.704    329.500   119.620
  333   11.736   11.692   35.449    0.706    330.492   119.623
  334   11.725   11.682   35.448    0.707    331.484   119.679
  335   11.715   11.672   35.446    0.708    332.475   119.729
  336   11.698   11.654   35.444    0.709    333.467   119.712
  337   11.684   11.640   35.441    0.710    334.459   119.661
  338   11.662   11.619   35.439    0.711    335.450   119.667
  339   11.630   11.587   35.434    0.712    336.442   119.702
  340   11.551   11.508   35.423    0.714    337.434   119.828
  341   11.514   11.470   35.417    0.715    338.425   119.801
  342   11.501   11.457   35.415    0.716    339.417   119.820
  343   11.498   11.454   35.414    0.717    340.409   119.870
  344   11.496   11.452   35.414    0.718    341.400   119.847
  345   11.491   11.447   35.413    0.719    342.392   119.846
  346   11.489   11.445   35.413    0.720    343.383   119.758
  347   11.484   11.440   35.413    0.721    344.375   119.741
  348   11.478   11.434   35.412    0.723    345.367   119.689
  349   11.473   11.429   35.411    0.724    346.358   119.651
  350   11.462   11.417   35.409    0.725    347.350   119.594
  351   11.451   11.406   35.408    0.726    348.341   119.557
  352   11.440   11.395   35.406    0.727    349.333   119.525
  353   11.419   11.374   35.402    0.728    350.325   119.571
  354   11.382   11.336   35.397    0.729    351.316   119.549
  355   11.368   11.323   35.394    0.730    352.308   119.489
  356   11.338   11.293   35.390    0.732    353.299   119.664
  357   11.317   11.272   35.386    0.733    354.291   119.856
  358   11.301   11.256   35.384    0.734    355.282   119.918
  359   11.287   11.241   35.381    0.735    356.274   119.916
  360   11.279   11.234   35.380    0.736    357.266   119.727
  361   11.250   11.204   35.375    0.737    358.257   119.554
  362   11.198   11.152   35.367    0.738    359.249   119.550
  363   11.143   11.097   35.360    0.739    360.240   119.578
  364   11.127   11.081   35.357    0.740    361.232   119.458
  365   11.086   11.040   35.351    0.742    362.223   119.394
  366   11.065   11.019   35.349    0.743    363.215   119.295
  367   11.045   10.999   35.346    0.744    364.206   119.175
  368   10.999   10.953   35.339    0.745    365.198   119.191
  369   10.958   10.912   35.333    0.746    366.189   119.154
  370   10.928   10.882   35.329    0.747    367.181   119.223
  371   10.908   10.862   35.326    0.748    368.172   119.219
  372   10.900   10.854   35.325    0.749    369.164   119.221
  373   10.888   10.842   35.323    0.750    370.155   119.163
  374   10.863   10.817   35.319    0.751    371.147   119.073
  375   10.844   10.797   35.316    0.752    372.138   118.933
  376   10.807   10.761   35.311    0.754    373.130   118.884
  377   10.787   10.740   35.309    0.755    374.121   118.856
  378   10.774   10.728   35.306    0.756    375.113   118.887
  379   10.761   10.715   35.304    0.757    376.104   118.996
  380   10.756   10.709   35.303    0.758    377.095   119.013
  381   10.743   10.696   35.302    0.759    378.087   119.054
  382   10.716   10.669   35.297    0.760    379.078   119.048
  383   10.677   10.630   35.293    0.761    380.070   119.029
  384   10.667   10.620   35.291    0.762    381.061   118.926
  385   10.657   10.610   35.290    0.763    382.053   118.811
  386   10.648   10.601   35.289    0.764    383.044   118.764
  387   10.639   10.591   35.288    0.765    384.035   118.745
  388   10.636   10.588   35.287    0.767    385.027   118.719
  389   10.620   10.573   35.284    0.768    386.018   118.721
  390   10.583   10.535   35.279    0.769    387.010   118.748
  391   10.545   10.498   35.274    0.770    388.001   118.751
  392   10.538   10.491   35.273    0.771    388.992   118.675
  393   10.531   10.483   35.271    0.772    389.984   118.639
  394   10.505   10.458   35.268    0.773    390.975   118.602
  395   10.478   10.430   35.264    0.774    391.967   118.449
  396   10.466   10.418   35.263    0.775    392.958   118.364
  397   10.454   10.406   35.261    0.776    393.949   118.361
  398   10.444   10.396   35.259    0.777    394.941   118.396
  399   10.404   10.356   35.254    0.778    395.932   118.483
  400   10.368   10.319   35.249    0.779    396.923   118.447
  401   10.342   10.294   35.246    0.780    397.915   118.383
  402   10.331   10.283   35.244    0.781    398.906   118.365
  403   10.314   10.266   35.242    0.782    399.897   118.363
  404   10.302   10.254   35.240    0.784    400.889   118.339
  405   10.294   10.246   35.239    0.785    401.880   118.337
  406   10.282   10.233   35.237    0.786    402.871   118.331
  407   10.275   10.226   35.236    0.787    403.863   118.373
  408   10.265   10.216   35.235    0.788    404.854   118.370
  409   10.252   10.203   35.233    0.789    405.845   118.314
  410   10.241   10.192   35.232    0.790    406.837   118.244
  411   10.211   10.162   35.228    0.791    407.828   118.292
  412   10.187   10.138   35.225    0.792    408.819   118.295
  413   10.171   10.122   35.223    0.793    409.811   118.294
  414   10.150   10.101   35.219    0.794    410.802   118.308
  415   10.123   10.074   35.216    0.795    411.793   118.325
  416   10.117   10.068   35.215    0.796    412.784   118.281
  417   10.081   10.032   35.210    0.797    413.776   118.303
  418   10.048   9.999   35.206    0.798    414.767   118.232
  419   10.037   9.988   35.204    0.799    415.758   118.145
  420   10.029   9.980   35.203    0.800    416.750   118.090
  421   10.013   9.963   35.200    0.801    417.741   118.145
  422   9.986   9.936   35.197    0.802    418.732   118.148
  423   9.978   9.928   35.196    0.803    419.723   118.112
  424   9.972   9.922   35.195    0.804    420.715   118.039
  425   9.966   9.917   35.194    0.805    421.706   118.032
  426   9.957   9.907   35.193    0.807    422.697   118.030
  427   9.936   9.886   35.190    0.808    423.688   118.084
  428   9.889   9.839   35.184    0.809    424.679   118.107
  429   9.856   9.805   35.179    0.810    425.671   118.072
  430   9.843   9.793   35.178    0.811    426.662   118.014
  431   9.830   9.780   35.176    0.812    427.653   117.993
  432   9.820   9.770   35.175    0.813    428.644   118.012
  433   9.816   9.766   35.174    0.814    429.635   118.058
  434   9.804   9.753   35.173    0.815    430.627   118.115
  435   9.789   9.739   35.171    0.816    431.618   118.078
  436   9.787   9.737   35.171    0.817    432.609   117.972
  437   9.785   9.734   35.171    0.818    433.600   117.915
  438   9.782   9.731   35.170    0.819    434.591   117.917
  439   9.775   9.724   35.169    0.820    435.583   117.928
  440   9.755   9.704   35.167    0.821    436.574   117.975
  441   9.739   9.688   35.165    0.822    437.565   117.974
  442   9.720   9.668   35.162    0.823    438.556   117.946
  443   9.712   9.661   35.161    0.824    439.547   117.889
  444   9.707   9.656   35.160    0.825    440.538   117.889
  445   9.692   9.641   35.158    0.826    441.529   117.918
  446   9.686   9.634   35.157    0.827    442.521   117.934
  447   9.672   9.621   35.155    0.828    443.512   117.898
  448   9.649   9.597   35.153    0.829    444.503   117.913
  449   9.630   9.578   35.150    0.830    445.494   117.955
  450   9.626   9.574   35.150    0.831    446.485   117.901
  451   9.620   9.568   35.149    0.832    447.476   117.905
  452   9.616   9.564   35.149    0.833    448.467   117.911
  453   9.611   9.559   35.148    0.834    449.458   117.881
  454   9.606   9.554   35.148    0.835    450.450   117.849
  455   9.589   9.537   35.145    0.836    451.441   117.839
  456   9.578   9.525   35.144    0.837    452.432   117.813
  457   9.569   9.516   35.143    0.838    453.423   117.745
  458   9.546   9.493   35.140    0.839    454.414   117.704
  459   9.515   9.463   35.137    0.840    455.405   117.697
  460   9.496   9.444   35.134    0.841    456.396   117.677
  461   9.476   9.423   35.132    0.842    457.387   117.671
  462   9.455   9.403   35.129    0.843    458.378   117.677
  463   9.437   9.384   35.127    0.844    459.369   117.653
  464   9.425   9.372   35.126    0.845    460.360   117.642
  465   9.416   9.364   35.125    0.846    461.351   117.613
  466   9.392   9.339   35.122    0.847    462.342   117.610
  467   9.383   9.330   35.120    0.848    463.333   117.578
  468   9.376   9.323   35.119    0.849    464.324   117.540
  469   9.371   9.318   35.119    0.850    465.315   117.571
  470   9.342   9.289   35.115    0.851    466.306   117.647
  471   9.327   9.274   35.113    0.852    467.297   117.633
  472   9.291   9.238   35.109    0.853    468.288   117.639
  473   9.267   9.214   35.106    0.854    469.279   117.614
  474   9.237   9.183   35.102    0.855    470.271   117.654
  475   9.229   9.176   35.101    0.856    471.261   117.726
  476   9.223   9.170   35.100    0.857    472.252   117.780
  477   9.214   9.160   35.100    0.858    473.243   117.816
  478   9.205   9.152   35.098    0.859    474.234   117.831
  479   9.190   9.137   35.097    0.860    475.225   117.820
  480   9.172   9.119   35.095    0.861    476.216   117.755
  481   9.164   9.111   35.094    0.862    477.207   117.761
  482   9.155   9.101   35.092    0.863    478.198   117.811
  483   9.122   9.068   35.088    0.864    479.189   117.927
  484   9.072   9.018   35.082    0.865    480.180   117.991
  485   9.043   8.989   35.078    0.866    481.171   117.971
  486   9.029   8.976   35.077    0.867    482.162   118.064
  487   9.025   8.971   35.076    0.868    483.153   118.150
  488   9.016   8.962   35.075    0.869    484.144   118.366
  489   8.998   8.944   35.073    0.870    485.135   118.499
  490   8.986   8.932   35.071    0.871    486.126   118.583
  491   8.976   8.922   35.070    0.872    487.117   118.624
  492   8.960   8.905   35.068    0.873    488.108   118.664
  493   8.945   8.890   35.066    0.874    489.099   118.664
  494   8.891   8.836   35.061    0.875    490.090   118.710
  495   8.887   8.832   35.060    0.876    491.080   118.674
  496   8.877   8.823   35.059    0.877    492.071   118.745
  497   8.842   8.788   35.055    0.878    493.062   118.898
  498   8.821   8.766   35.052    0.879    494.053   118.968
  499   8.807   8.752   35.051    0.880    495.044   118.992
  500   8.795   8.740   35.050    0.881    496.035   119.063
  501   8.782   8.728   35.048    0.882    497.026   119.161
  502   8.771   8.716   35.047    0.883    498.017   119.227
  503   8.762   8.707   35.046    0.884    499.008   119.249
  504   8.753   8.698   35.045    0.885    499.998   119.267
  505   8.743   8.688   35.044    0.885    500.989   119.243
  506   8.733   8.678   35.044    0.886    501.980   119.257
  507   8.730   8.674   35.043    0.887    502.971   119.269
  508   8.724   8.669   35.043    0.888    503.962   119.313
  509   8.720   8.664   35.042    0.889    504.953   119.303
  510   8.711   8.655   35.041    0.890    505.943   119.345
  511   8.709   8.654   35.041    0.891    506.934   119.334
  512   8.708   8.652   35.041    0.892    507.925   119.350
  513   8.706   8.651   35.041    0.893    508.916   119.308
  514   8.704   8.648   35.040    0.894    509.907   119.297
  515   8.699   8.643   35.040    0.895    510.898   119.324
  516   8.687   8.631   35.039    0.896    511.888   119.358
  517   8.677   8.621   35.038    0.897    512.879   119.392
  518   8.664   8.608   35.036    0.898    513.870   119.427
  519   8.661   8.605   35.036    0.899    514.861   119.440
  520   8.654   8.597   35.035    0.900    515.851   119.470
  521   8.649   8.593   35.035    0.901    516.842   119.473
  522   8.641   8.585   35.034    0.902    517.833   119.508
  523   8.631   8.575   35.033    0.903    518.824   119.547
  524   8.620   8.563   35.031    0.904    519.815   119.622
  525   8.605   8.548   35.030    0.905    520.805   119.646
  526   8.594   8.538   35.029    0.906    521.796   119.653
  527   8.592   8.535   35.028    0.907    522.787   119.664
  528   8.581   8.524   35.027    0.907    523.778   119.749
  529   8.566   8.509   35.026    0.908    524.768   119.800
  530   8.560   8.503   35.025    0.909    525.759   119.829
  531   8.544   8.486   35.023    0.910    526.750   119.809
  532   8.513   8.456   35.020    0.911    527.741   119.791
  533   8.497   8.440   35.019    0.912    528.731   119.785
  534   8.478   8.421   35.016    0.913    529.722   119.881
  535   8.466   8.409   35.015    0.914    530.713   119.986
  536   8.459   8.402   35.015    0.915    531.703   120.112
  537   8.445   8.387   35.013    0.916    532.694   120.179
  538   8.432   8.374   35.012    0.917    533.685   120.231
  539   8.425   8.367   35.011    0.918    534.675   120.220
  540   8.416   8.359   35.010    0.919    535.666   120.268
  541   8.413   8.355   35.010    0.920    536.657   120.300
  542   8.410   8.352   35.010    0.921    537.648   120.302
  543   8.399   8.341   35.009    0.922    538.638   120.270
  544   8.393   8.335   35.008    0.923    539.629   120.292
  545   8.384   8.326   35.007    0.924    540.620   120.322
  546   8.368   8.310   35.006    0.924    541.610   120.409
  547   8.364   8.306   35.005    0.925    542.601   120.406
  548   8.355   8.297   35.004    0.926    543.592   120.434
  549   8.340   8.281   35.003    0.927    544.582   120.449
  550   8.325   8.267   35.001    0.928    545.573   120.479
  551   8.315   8.257   35.000    0.929    546.563   120.500
  552   8.287   8.229   34.998    0.930    547.554   120.613
  553   8.259   8.201   34.995    0.931    548.545   120.707
  554   8.224   8.166   34.991    0.932    549.535   120.821
  555   8.212   8.153   34.990    0.933    550.526   121.005
  556   8.211   8.152   34.990    0.934    551.517   121.187
  557   8.205   8.147   34.989    0.935    552.507   121.414
  558   8.192   8.133   34.988    0.936    553.498   121.458
  559   8.152   8.093   34.984    0.937    554.488   121.533
  560   8.129   8.070   34.982    0.937    555.479   121.451
  561   8.114   8.055   34.981    0.938    556.470   121.469
  562   8.098   8.040   34.979    0.939    557.460   121.568
  563   8.087   8.029   34.978    0.940    558.451   121.760
  564   8.079   8.020   34.978    0.941    559.441   121.978
  565   8.062   8.004   34.976    0.942    560.432   122.115
  566   8.033   7.975   34.974    0.943    561.422   122.180
  567   8.019   7.960   34.973    0.944    562.413   122.186
  568   8.010   7.951   34.973    0.945    563.404   122.209
  569   8.002   7.943   34.972    0.946    564.394   122.247
  570   7.995   7.936   34.971    0.947    565.385   122.291
  571   7.986   7.926   34.971    0.948    566.375   122.352
  572   7.976   7.917   34.970    0.948    567.366   122.384
  573   7.968   7.909   34.969    0.949    568.356   122.439
  574   7.940   7.881   34.967    0.950    569.347   122.546
  575   7.906   7.847   34.964    0.951    570.337   122.634
  576   7.894   7.835   34.963    0.952    571.328   122.760
  577   7.877   7.818   34.961    0.953    572.318   122.972
  578   7.864   7.804   34.960    0.954    573.309   123.204
  579   7.862   7.802   34.960    0.955    574.299   123.341
  580   7.854   7.795   34.959    0.956    575.290   123.438
  581   7.843   7.784   34.959    0.957    576.280   123.490
  582   7.837   7.777   34.958    0.957    577.271   123.560
  583   7.827   7.767   34.957    0.958    578.261   123.543
  584   7.793   7.733   34.955    0.959    579.252   123.560
  585   7.775   7.716   34.954    0.960    580.242   123.509
  586   7.768   7.708   34.953    0.961    581.233   123.566
  587   7.754   7.694   34.952    0.962    582.223   123.675
  588   7.740   7.680   34.951    0.963    583.214   123.791
  589   7.732   7.672   34.951    0.964    584.204   123.822
  590   7.722   7.662   34.950    0.965    585.195   123.907
  591   7.703   7.643   34.948    0.965    586.185   124.061
  592   7.668   7.608   34.946    0.966    587.175   124.246
  593   7.655   7.595   34.944    0.967    588.166   124.364
  594   7.639   7.579   34.943    0.968    589.156   124.534
  595   7.608   7.548   34.941    0.969    590.147   124.738
  596   7.592   7.532   34.940    0.970    591.137   124.910
  597   7.583   7.523   34.939    0.971    592.128   125.135
  598   7.572   7.512   34.939    0.972    593.118   125.328
  599   7.550   7.490   34.937    0.973    594.108   125.434
  600   7.538   7.478   34.937    0.973    595.099   125.492
  601   7.535   7.475   34.936    0.974    596.089   125.550
  602   7.535   7.474   34.936    0.975    597.080   125.646
  603   7.534   7.473   34.936    0.976    598.070   125.724
  604   7.533   7.472   34.937    0.977    599.060   125.723
  605   7.531   7.471   34.937    0.978    600.051   125.763
  606   7.526   7.466   34.936    0.979    601.041   125.768
  607   7.520   7.460   34.936    0.979    602.032   125.822
  608   7.518   7.457   34.936    0.980    603.022   125.828
  609   7.515   7.454   34.936    0.981    604.012   125.913
  610   7.495   7.434   34.934    0.982    605.003   125.974
  611   7.479   7.418   34.933    0.983    605.993   126.008
  612   7.471   7.410   34.933    0.984    606.983   125.992
  613   7.462   7.401   34.932    0.985    607.974   126.063
  614   7.457   7.396   34.932    0.986    608.964   126.174
  615   7.446   7.385   34.931    0.986    609.954   126.385
  616   7.430   7.368   34.930    0.987    610.945   126.576
  617   7.422   7.360   34.930    0.988    611.935   126.646
  618   7.412   7.350   34.929    0.989    612.925   126.706
  619   7.399   7.337   34.928    0.990    613.916   126.807
  620   7.388   7.327   34.928    0.991    614.906   126.912
  621   7.381   7.320   34.927    0.992    615.896   127.021
  622   7.369   7.307   34.927    0.992    616.887   127.138
  623   7.356   7.294   34.926    0.993    617.877   127.250
  624   7.351   7.289   34.926    0.994    618.867   127.366
  625   7.332   7.271   34.925    0.995    619.857   127.499
  626   7.316   7.254   34.924    0.996    620.848   127.565
  627   7.297   7.235   34.923    0.997    621.838   127.671
  628   7.285   7.223   34.922    0.998    622.828   127.836
  629   7.278   7.216   34.922    0.998    623.819   128.024
  630   7.274   7.212   34.922    0.999    624.809   128.138
  631   7.270   7.208   34.922    1.000    625.799   128.284
  632   7.265   7.203   34.921    1.001    626.789   128.432
  633   7.254   7.192   34.921    1.002    627.780   128.579
  634   7.244   7.181   34.920    1.003    628.770   128.607
  635   7.231   7.169   34.920    1.003    629.760   128.639
  636   7.219   7.157   34.919    1.004    630.750   128.651
  637   7.208   7.146   34.919    1.005    631.740   128.767
  638   7.201   7.138   34.918    1.006    632.731   128.917
  639   7.185   7.123   34.917    1.007    633.721   129.087
  640   7.172   7.109   34.917    1.008    634.711   129.247
  641   7.161   7.098   34.916    1.009    635.701   129.367
  642   7.147   7.084   34.916    1.009    636.692   129.546
  643   7.144   7.081   34.916    1.010    637.682   129.734
  644   7.140   7.077   34.915    1.011    638.672   129.888
  645   7.122   7.059   34.915    1.012    639.662   130.003
  646   7.114   7.051   34.915    1.013    640.652   130.068
  647   7.110   7.047   34.914    1.014    641.643   130.149
  648   7.105   7.042   34.914    1.014    642.633   130.308
  649   7.093   7.030   34.914    1.015    643.623   130.343
  650   7.084   7.021   34.913    1.016    644.613   130.397
  651   7.078   7.015   34.913    1.017    645.603   130.485
  652   7.074   7.011   34.913    1.018    646.593   130.575
  653   7.057   6.993   34.912    1.019    647.584   130.704
  654   7.045   6.981   34.911    1.019    648.574   130.799
  655   7.038   6.975   34.911    1.020    649.564   130.921
  656   7.029   6.966   34.911    1.021    650.554   131.074
  657   7.023   6.960   34.911    1.022    651.544   131.239
  658   7.012   6.949   34.910    1.023    652.534   131.266
  659   7.003   6.940   34.910    1.023    653.524   131.374
  660   6.998   6.934   34.910    1.024    654.514   131.523
  661   6.996   6.932   34.910    1.025    655.505   131.652
  662   6.995   6.931   34.910    1.026    656.495   131.761
  663   6.991   6.927   34.910    1.027    657.485   131.829
  664   6.986   6.922   34.910    1.028    658.475   131.848
  665   6.984   6.920   34.910    1.028    659.465   131.900
  666   6.983   6.918   34.910    1.029    660.455   131.943
  667   6.979   6.915   34.910    1.030    661.445   132.014
  668   6.961   6.897   34.909    1.031    662.435   132.090
  669   6.940   6.876   34.908    1.032    663.425   132.113
  670   6.936   6.871   34.908    1.032    664.415   132.085
  671   6.925   6.861   34.908    1.033    665.405   132.243
  672   6.919   6.854   34.907    1.034    666.396   132.453
  673   6.899   6.835   34.907    1.035    667.386   132.714
  674   6.890   6.826   34.906    1.036    668.376   132.869
  675   6.888   6.824   34.906    1.037    669.366   132.989
  676   6.884   6.819   34.906    1.037    670.356   133.129
  677   6.883   6.818   34.906    1.038    671.346   133.309
  678   6.883   6.818   34.906    1.039    672.336   133.351
  679   6.883   6.817   34.907    1.040    673.326   133.356
  680   6.882   6.817   34.906    1.041    674.316   133.385
  681   6.883   6.818   34.906    1.041    675.306   133.418
  682   6.880   6.815   34.907    1.042    676.296   133.492
  683   6.879   6.814   34.907    1.043    677.286   133.538
  684   6.871   6.806   34.906    1.044    678.276   133.505
  685   6.865   6.799   34.906    1.045    679.266   133.487
  686   6.861   6.795   34.906    1.045    680.256   133.508
  687   6.857   6.791   34.906    1.046    681.246   133.585
  688   6.846   6.780   34.905    1.047    682.236   133.698
  689   6.841   6.775   34.905    1.048    683.226   133.766
  690   6.831   6.765   34.905    1.049    684.216   133.833
  691   6.814   6.748   34.905    1.049    685.206   133.954
  692   6.807   6.741   34.904    1.050    686.196   134.128
  693   6.802   6.736   34.904    1.051    687.186   134.280
  694   6.800   6.734   34.904    1.052    688.176   134.437
  695   6.797   6.731   34.904    1.053    689.166   134.580
  696   6.794   6.727   34.904    1.054    690.156   134.696
  697   6.787   6.721   34.904    1.054    691.146   134.721
  698   6.780   6.713   34.904    1.055    692.136   134.828
  699   6.772   6.705   34.903    1.056    693.126   134.919
  700   6.762   6.696   34.903    1.057    694.115   134.990
  701   6.757   6.690   34.903    1.058    695.105   135.089
  702   6.750   6.683   34.903    1.058    696.095   135.185
  703   6.736   6.669   34.903    1.059    697.085   135.314
  704   6.719   6.653   34.902    1.060    698.075   135.492
  705   6.705   6.639   34.902    1.061    699.065   135.644
  706   6.701   6.634   34.901    1.061    700.055   135.755
  707   6.700   6.633   34.901    1.062    701.045   135.907
  708   6.684   6.617   34.901    1.063    702.035   136.033
  709   6.671   6.604   34.901    1.064    703.025   136.232
  710   6.665   6.598   34.901    1.065    704.014   136.370
  711   6.662   6.595   34.901    1.065    705.004   136.618
  712   6.660   6.593   34.901    1.066    705.994   136.758
  713   6.659   6.591   34.901    1.067    706.984   136.899
  714   6.655   6.588   34.901    1.068    707.974   136.913
  715   6.653   6.585   34.901    1.069    708.964   136.899
  716   6.645   6.577   34.901    1.069    709.954   136.928
  717   6.640   6.573   34.901    1.070    710.944   136.993
  718   6.637   6.569   34.901    1.071    711.933   137.088
  719   6.634   6.566   34.901    1.072    712.923   137.139
  720   6.630   6.562   34.901    1.073    713.913   137.271
  721   6.626   6.558   34.901    1.073    714.903   137.384
  722   6.626   6.558   34.901    1.074    715.893   137.439
  723   6.625   6.557   34.901    1.075    716.883   137.489
  724   6.622   6.554   34.901    1.076    717.872   137.563
  725   6.616   6.548   34.901    1.076    718.862   137.548
  726   6.609   6.540   34.901    1.077    719.852   137.662
  727   6.592   6.523   34.901    1.078    720.842   137.745
  728   6.577   6.508   34.901    1.079    721.832   137.902
  729   6.564   6.495   34.901    1.080    722.821   138.024
  730   6.556   6.487   34.901    1.080    723.811   138.213
  731   6.549   6.480   34.901    1.081    724.801   138.401
  732   6.546   6.478   34.901    1.082    725.791   138.674
  733   6.543   6.474   34.901    1.083    726.781   138.852
  734   6.540   6.472   34.901    1.083    727.770   138.976
  735   6.539   6.470   34.901    1.084    728.760   139.037
  736   6.538   6.469   34.901    1.085    729.750   139.119
  737   6.533   6.464   34.901    1.086    730.740   139.137
  738   6.518   6.449   34.901    1.087    731.729   139.202
  739   6.505   6.436   34.901    1.087    732.719   139.206
  740   6.492   6.423   34.900    1.088    733.709   139.346
  741   6.471   6.402   34.900    1.089    734.699   139.557
  742   6.452   6.383   34.900    1.090    735.688   139.830
  743   6.425   6.356   34.900    1.090    736.678   140.122
  744   6.408   6.339   34.900    1.091    737.668   140.392
  745   6.400   6.331   34.900    1.092    738.657   140.710
  746   6.395   6.326   34.900    1.093    739.647   141.111
  747   6.393   6.323   34.900    1.093    740.637   141.465
  748   6.392   6.322   34.900    1.094    741.627   141.693
  749   6.388   6.319   34.901    1.095    742.616   141.766
  750   6.384   6.315   34.901    1.096    743.606   141.747
  751   6.378   6.308   34.901    1.096    744.596   141.771
  752   6.372   6.302   34.901    1.097    745.585   141.810
  753   6.365   6.296   34.901    1.098    746.575   141.922
  754   6.361   6.291   34.901    1.099    747.565   142.041
  755   6.358   6.289   34.901    1.099    748.554   142.194
  756   6.355   6.285   34.901    1.100    749.544   142.242
  757   6.349   6.279   34.901    1.101    750.534   142.379
  758   6.341   6.271   34.901    1.102    751.523   142.474
  759   6.334   6.264   34.901    1.102    752.513   142.580
  760   6.327   6.257   34.901    1.103    753.503   142.646
  761   6.320   6.250   34.901    1.104    754.492   142.733
  762   6.313   6.242   34.901    1.105    755.482   142.798
  763   6.290   6.220   34.901    1.105    756.472   142.878
  764   6.275   6.205   34.901    1.106    757.461   143.042
  765   6.271   6.201   34.901    1.107    758.451   143.272
  766   6.261   6.190   34.901    1.108    759.441   143.585
  767   6.241   6.171   34.901    1.108    760.430   143.954
  768   6.237   6.167   34.901    1.109    761.420   144.182
  769   6.235   6.165   34.901    1.110    762.409   144.421
  770   6.226   6.156   34.902    1.111    763.399   144.659
  771   6.204   6.134   34.902    1.111    764.389   144.860
  772   6.190   6.120   34.902    1.112    765.378   144.961
  773   6.182   6.112   34.902    1.113    766.368   145.191
  774   6.175   6.104   34.902    1.113    767.357   145.494
  775   6.172   6.101   34.902    1.114    768.347   145.757
  776   6.170   6.100   34.903    1.115    769.336   145.982
  777   6.170   6.099   34.903    1.116    770.326   146.184
  778   6.170   6.099   34.902    1.116    771.316   146.263
  779   6.169   6.098   34.903    1.117    772.305   146.308
  780   6.168   6.097   34.903    1.118    773.295   146.252
  781   6.166   6.095   34.903    1.119    774.284   146.282
  782   6.166   6.095   34.903    1.119    775.274   146.298
  783   6.163   6.092   34.903    1.120    776.263   146.355
  784   6.156   6.084   34.903    1.121    777.253   146.396
  785   6.148   6.077   34.903    1.121    778.242   146.439
  786   6.149   6.077   34.903    1.122    779.232   146.442
  787   6.149   6.077   34.903    1.123    780.221   146.497
  788   6.148   6.077   34.903    1.124    781.211   146.564
  789   6.146   6.074   34.903    1.124    782.200   146.705
  790   6.145   6.073   34.903    1.125    783.190   146.771
  791   6.137   6.065   34.903    1.126    784.179   146.803
  792   6.133   6.061   34.903    1.127    785.169   146.837
  793   6.129   6.057   34.903    1.127    786.158   146.859
  794   6.123   6.051   34.903    1.128    787.148   146.955
  795   6.117   6.044   34.903    1.129    788.137   147.063
  796   6.113   6.040   34.903    1.129    789.127   147.198
  797   6.110   6.038   34.904    1.130    790.116   147.372
  798   6.106   6.033   34.904    1.131    791.106   147.563
  799   6.101   6.029   34.904    1.132    792.095   147.607
  800   6.097   6.024   34.904    1.132    793.085   147.682
  801   6.086   6.014   34.904    1.133    794.074   147.747
  802   6.078   6.006   34.904    1.134    795.064   147.890
  803   6.076   6.003   34.904    1.134    796.053   148.026
  804   6.073   6.001   34.904    1.135    797.043   148.157
  805   6.068   5.995   34.904    1.136    798.032   148.293
  806   6.058   5.985   34.904    1.137    799.021   148.498
  807   6.049   5.976   34.904    1.137    800.011   148.642
  808   6.041   5.968   34.904    1.138    801.000   148.699
  809   6.034   5.960   34.904    1.139    801.990   148.823
  810   6.031   5.958   34.905    1.139    802.979   148.967
  811   6.028   5.955   34.905    1.140    803.969   149.210
  812   6.019   5.945   34.905    1.141    804.958   149.441
  813   6.009   5.935   34.905    1.142    805.947   149.564
  814   6.006   5.933   34.905    1.142    806.937   149.715
  815   6.005   5.932   34.905    1.143    807.926   149.863
  816   6.002   5.928   34.905    1.144    808.916   150.076
  817   5.999   5.925   34.905    1.144    809.905   150.216
  818   5.997   5.923   34.905    1.145    810.894   150.348
  819   5.994   5.920   34.906    1.146    811.884   150.420
  820   5.993   5.919   34.906    1.147    812.873   150.539
  821   5.991   5.917   34.906    1.147    813.862   150.601
  822   5.991   5.917   34.906    1.148    814.852   150.604
  823   5.991   5.916   34.906    1.149    815.841   150.605
  824   5.990   5.915   34.906    1.149    816.830   150.602
  825   5.984   5.910   34.906    1.150    817.820   150.658
  826   5.965   5.890   34.906    1.151    818.809   150.721
  827   5.956   5.882   34.906    1.151    819.798   150.753
  828   5.951   5.877   34.906    1.152    820.788   150.860
  829   5.943   5.869   34.906    1.153    821.777   151.087
  830   5.935   5.860   34.907    1.154    822.766   151.313
  831   5.931   5.857   34.907    1.154    823.756   151.519
  832   5.930   5.855   34.907    1.155    824.745   151.658
  833   5.929   5.854   34.907    1.156    825.734   151.829
  834   5.929   5.854   34.907    1.156    826.724   151.973
  835   5.929   5.854   34.907    1.157    827.713   152.089
  836   5.928   5.853   34.907    1.158    828.702   152.160
  837   5.927   5.852   34.907    1.158    829.692   152.173
  838   5.927   5.852   34.907    1.159    830.681   152.115
  839   5.926   5.851   34.907    1.160    831.670   152.111
  840   5.925   5.850   34.907    1.161    832.659   152.114
  841   5.923   5.848   34.907    1.161    833.649   152.149
  842   5.921   5.845   34.907    1.162    834.638   152.194
  843   5.916   5.840   34.907    1.163    835.627   152.267
  844   5.909   5.833   34.907    1.163    836.616   152.338
  845   5.903   5.827   34.907    1.164    837.606   152.375
  846   5.897   5.821   34.908    1.165    838.595   152.423
  847   5.887   5.811   34.908    1.165    839.584   152.567
  848   5.882   5.806   34.908    1.166    840.573   152.713
  849   5.878   5.802   34.908    1.167    841.563   152.866
  850   5.875   5.798   34.908    1.167    842.552   153.013
  851   5.870   5.794   34.908    1.168    843.541   153.195
  852   5.868   5.792   34.908    1.169    844.530   153.368
  853   5.866   5.789   34.908    1.170    845.519   153.508
  854   5.864   5.788   34.908    1.170    846.509   153.576
  855   5.862   5.785   34.909    1.171    847.498   153.611
  856   5.855   5.778   34.909    1.172    848.487   153.634
  857   5.849   5.772   34.909    1.172    849.476   153.712
  858   5.841   5.765   34.909    1.173    850.465   153.875
  859   5.827   5.750   34.909    1.174    851.455   154.044
  860   5.818   5.741   34.910    1.174    852.444   154.166
  861   5.814   5.737   34.910    1.175    853.433   154.272
  862   5.806   5.729   34.910    1.176    854.422   154.458
  863   5.802   5.725   34.910    1.176    855.411   154.630
  864   5.793   5.716   34.910    1.177    856.400   154.893
  865   5.786   5.709   34.910    1.178    857.390   155.167
  866   5.780   5.703   34.910    1.178    858.379   155.403
  867   5.774   5.697   34.911    1.179    859.368   155.597
  868   5.771   5.693   34.911    1.180    860.357   155.763
  869   5.763   5.686   34.911    1.180    861.346   155.893
  870   5.756   5.679   34.911    1.181    862.335   156.001
  871   5.736   5.659   34.911    1.182    863.324   156.139
  872   5.726   5.649   34.912    1.183    864.314   156.240
  873   5.722   5.645   34.912    1.183    865.303   156.517
  874   5.720   5.642   34.912    1.184    866.292   156.834
  875   5.718   5.640   34.912    1.185    867.281   157.121
  876   5.714   5.637   34.912    1.185    868.270   157.411
  877   5.711   5.633   34.912    1.186    869.259   157.471
  878   5.706   5.629   34.912    1.187    870.248   157.568
  879   5.703   5.625   34.912    1.187    871.237   157.608
  880   5.698   5.620   34.913    1.188    872.226   157.742
  881   5.693   5.615   34.913    1.189    873.215   157.864
  882   5.691   5.613   34.913    1.189    874.205   157.944
  883   5.690   5.612   34.913    1.190    875.194   158.072
  884   5.687   5.609   34.913    1.191    876.183   158.217
  885   5.685   5.607   34.913    1.191    877.172   158.263
  886   5.682   5.604   34.913    1.192    878.161   158.259
  887   5.679   5.601   34.914    1.193    879.150   158.313
  888   5.671   5.593   34.914    1.193    880.139   158.415
  889   5.667   5.589   34.914    1.194    881.128   158.511
  890   5.666   5.587   34.914    1.195    882.117   158.586
  891   5.663   5.585   34.914    1.195    883.106   158.762
  892   5.660   5.581   34.914    1.196    884.095   158.850
  893   5.655   5.576   34.914    1.197    885.084   158.969
  894   5.650   5.572   34.914    1.197    886.073   159.035
  895   5.650   5.571   34.914    1.198    887.062   159.109
  896   5.648   5.569   34.914    1.199    888.051   159.222
  897   5.645   5.566   34.914    1.199    889.040   159.324
  898   5.640   5.561   34.914    1.200    890.029   159.430
  899   5.627   5.548   34.915    1.200    891.018   159.526
  900   5.620   5.541   34.915    1.201    892.007   159.652
  901   5.611   5.532   34.915    1.202    892.996   159.802
  902   5.602   5.523   34.915    1.202    893.985   160.054
  903   5.596   5.517   34.916    1.203    894.974   160.262
  904   5.592   5.513   34.916    1.204    895.963   160.443
  905   5.587   5.508   34.916    1.204    896.952   160.638
  906   5.584   5.504   34.916    1.205    897.941   160.796
  907   5.577   5.497   34.916    1.206    898.930   160.933
  908   5.566   5.487   34.916    1.206    899.919   161.098
  909   5.556   5.476   34.917    1.207    900.908   161.186
  910   5.551   5.471   34.917    1.208    901.897   161.414
  911   5.548   5.468   34.917    1.208    902.886   161.616
  912   5.545   5.466   34.917    1.209    903.875   161.877
  913   5.538   5.458   34.917    1.210    904.864   162.108
  914   5.530   5.450   34.918    1.210    905.852   162.198
  915   5.525   5.445   34.918    1.211    906.841   162.279
  916   5.524   5.444   34.918    1.212    907.830   162.387
  917   5.519   5.439   34.918    1.212    908.819   162.611
  918   5.515   5.435   34.918    1.213    909.808   162.800
  919   5.517   5.436   34.918    1.213    910.797   162.919
  920   5.513   5.433   34.918    1.214    911.786   163.015
  921   5.513   5.433   34.918    1.215    912.775   163.028
  922   5.513   5.432   34.918    1.215    913.764   163.078
  923   5.513   5.432   34.918    1.216    914.753   163.187
  924   5.512   5.431   34.918    1.217    915.741   163.198
  925   5.507   5.426   34.919    1.217    916.730   163.266
  926   5.500   5.419   34.919    1.218    917.719   163.243
  927   5.489   5.408   34.919    1.219    918.708   163.307
  928   5.487   5.406   34.919    1.219    919.697   163.404
  929   5.483   5.402   34.919    1.220    920.686   163.624
  930   5.480   5.399   34.919    1.221    921.675   163.817
  931   5.480   5.399   34.920    1.221    922.663   163.964
  932   5.479   5.398   34.919    1.222    923.652   164.063
  933   5.479   5.398   34.919    1.222    924.641   164.178
  934   5.474   5.392   34.920    1.223    925.630   164.214
  935   5.469   5.387   34.920    1.224    926.619   164.207
  936   5.467   5.385   34.920    1.224    927.608   164.210
  937   5.465   5.384   34.920    1.225    928.596   164.369
  938   5.464   5.382   34.920    1.226    929.585   164.515
  939   5.463   5.381   34.920    1.226    930.574   164.609
  940   5.459   5.377   34.920    1.227    931.563   164.683
  941   5.453   5.372   34.920    1.228    932.552   164.725
  942   5.446   5.364   34.921    1.228    933.540   164.819
  943   5.441   5.359   34.921    1.229    934.529   164.867
  944   5.427   5.345   34.921    1.230    935.518   165.010
  945   5.417   5.335   34.921    1.230    936.507   165.190
  946   5.413   5.331   34.922    1.231    937.496   165.445
  947   5.411   5.329   34.922    1.231    938.484   165.724
  948   5.407   5.325   34.922    1.232    939.473   166.054
  949   5.402   5.319   34.922    1.233    940.462   166.212
  950   5.396   5.314   34.922    1.233    941.451   166.398
  951   5.392   5.310   34.922    1.234    942.439   166.518
  952   5.387   5.304   34.923    1.235    943.428   166.645
  953   5.383   5.300   34.923    1.235    944.417   166.762
  954   5.379   5.297   34.923    1.236    945.406   166.899
  955   5.375   5.293   34.923    1.236    946.394   167.046
  956   5.370   5.287   34.923    1.237    947.383   167.177
  957   5.367   5.285   34.923    1.238    948.372   167.289
  958   5.364   5.281   34.923    1.238    949.361   167.356
  959   5.360   5.278   34.924    1.239    950.349   167.503
  960   5.357   5.274   34.924    1.240    951.338   167.639
  961   5.355   5.272   34.924    1.240    952.327   167.770
  962   5.354   5.271   34.924    1.241    953.315   167.819
  963   5.354   5.271   34.924    1.241    954.304   167.857
  964   5.353   5.270   34.924    1.242    955.293   167.916
  965   5.351   5.268   34.924    1.243    956.281   168.047
  966   5.347   5.263   34.924    1.243    957.270   168.135
  967   5.341   5.258   34.924    1.244    958.259   168.186
  968   5.340   5.256   34.924    1.245    959.247   168.167
  969   5.335   5.251   34.924    1.245    960.236   168.296
  970   5.330   5.246   34.925    1.246    961.225   168.462
  971   5.328   5.244   34.925    1.246    962.213   168.614
  972   5.327   5.243   34.925    1.247    963.202   168.658
  973   5.326   5.242   34.925    1.248    964.191   168.733
  974   5.325   5.241   34.925    1.248    965.179   168.815
  975   5.321   5.237   34.925    1.249    966.168   168.973
  976   5.319   5.235   34.925    1.250    967.157   169.068
  977   5.314   5.230   34.925    1.250    968.145   169.128
  978   5.311   5.226   34.925    1.251    969.134   169.147
  979   5.308   5.223   34.925    1.251    970.123   169.234
  980   5.306   5.222   34.925    1.252    971.111   169.340
  981   5.305   5.220   34.925    1.253    972.100   169.397
  982   5.304   5.220   34.925    1.253    973.088   169.478
  983   5.303   5.219   34.926    1.254    974.077   169.558
  984   5.302   5.218   34.926    1.254    975.066   169.614
  985   5.293   5.209   34.926    1.255    976.054   169.722
  986   5.284   5.199   34.926    1.256    977.043   169.749
  987   5.281   5.196   34.926    1.256    978.031   169.888
  988   5.275   5.190   34.926    1.257    979.020   170.026
  989   5.267   5.182   34.927    1.258    980.008   170.272
  990   5.258   5.173   34.927    1.258    980.997   170.437
  991   5.255   5.170   34.927    1.259    981.986   170.641
  992   5.253   5.168   34.927    1.259    982.974   170.799
  993   5.251   5.166   34.927    1.260    983.963   170.991
  994   5.246   5.161   34.928    1.261    984.951   171.160
  995   5.241   5.155   34.928    1.261    985.940   171.285
  996   5.235   5.150   34.928    1.262    986.928   171.380
  997   5.230   5.145   34.928    1.262    987.917   171.494
  998   5.229   5.144   34.928    1.263    988.905   171.673
  999   5.228   5.143   34.928    1.264    989.894   171.962
 1000   5.226   5.140   34.928    1.264    990.882   172.083
 1001   5.225   5.139   34.928    1.265    991.871   172.126
 1002   5.223   5.137   34.928    1.265    992.859   172.106
 1003   5.219   5.133   34.929    1.266    993.848   172.153
 1004   5.212   5.126   34.929    1.267    994.837   172.230
 1005   5.205   5.119   34.929    1.267    995.825   172.351
 1006   5.199   5.113   34.929    1.268    996.813   172.476
 1007   5.198   5.112   34.929    1.268    997.802   172.650
 1008   5.196   5.110   34.929    1.269    998.790   172.806
 1009   5.194   5.108   34.929    1.270    999.779   172.988
 1010   5.193   5.107   34.929    1.270    1000.767   173.110
 1011   5.192   5.106   34.929    1.271    1001.756   173.261
 1012   5.192   5.105   34.930    1.272    1002.744   173.275
 1013   5.190   5.104   34.929    1.272    1003.733   173.265
 1014   5.188   5.102   34.930    1.273    1004.721   173.283
 1015   5.185   5.098   34.930    1.273    1005.710   173.328
 1016   5.183   5.097   34.930    1.274    1006.698   173.488
 1017   5.182   5.095   34.930    1.275    1007.687   173.538
 1018   5.182   5.095   34.930    1.275    1008.675   173.578
 1019   5.181   5.094   34.930    1.276    1009.663   173.606
 1020   5.173   5.086   34.930    1.276    1010.652   173.689
 1021   5.165   5.077   34.931    1.277    1011.640   173.738
 1022   5.163   5.075   34.930    1.278    1012.629   173.857
 1023   5.161   5.074   34.931    1.278    1013.617   174.021
 1024   5.160   5.073   34.931    1.279    1014.606   174.190
 1025   5.158   5.071   34.931    1.279    1015.594   174.300
 1026   5.151   5.063   34.931    1.280    1016.582   174.327
 1027   5.148   5.060   34.931    1.281    1017.571   174.446
 1028   5.141   5.054   34.931    1.281    1018.559   174.587
 1029   5.137   5.050   34.931    1.282    1019.548   174.701
 1030   5.137   5.050   34.931    1.282    1020.536   174.831
 1031   5.137   5.049   34.932    1.283    1021.524   174.935
 1032   5.137   5.049   34.931    1.284    1022.513   175.105
 1033   5.134   5.046   34.932    1.284    1023.501   175.178
 1034   5.129   5.041   34.932    1.285    1024.489   175.271
 1035   5.123   5.035   34.932    1.285    1025.478   175.285
 1036   5.119   5.031   34.932    1.286    1026.466   175.329
 1037   5.115   5.027   34.932    1.286    1027.454   175.413
 1038   5.112   5.024   34.932    1.287    1028.443   175.602
 1039   5.109   5.021   34.932    1.288    1029.431   175.822
 1040   5.108   5.019   34.932    1.288    1030.419   175.939
 1041   5.105   5.016   34.933    1.289    1031.408   176.011
 1042   5.096   5.007   34.933    1.289    1032.396   176.157
 1043   5.090   5.001   34.933    1.290    1033.384   176.266
 1044   5.086   4.998   34.933    1.291    1034.373   176.380
 1045   5.082   4.993   34.933    1.291    1035.361   176.496
 1046   5.078   4.989   34.933    1.292    1036.349   176.669
 1047   5.074   4.986   34.934    1.292    1037.338   176.819
 1048   5.072   4.983   34.934    1.293    1038.326   176.952
 1049   5.066   4.977   34.934    1.294    1039.314   177.076
 1050   5.063   4.973   34.934    1.294    1040.303   177.198
 1051   5.058   4.969   34.934    1.295    1041.291   177.340
 1052   5.054   4.965   34.934    1.295    1042.279   177.546
 1053   5.052   4.963   34.934    1.296    1043.267   177.638
 1054   5.051   4.962   34.934    1.297    1044.256   177.675
 1055   5.048   4.959   34.935    1.297    1045.244   177.800
 1056   5.042   4.953   34.935    1.298    1046.232   177.939
 1057   5.040   4.951   34.935    1.298    1047.220   178.048
 1058   5.033   4.944   34.935    1.299    1048.209   178.139
 1059   5.026   4.936   34.935    1.299    1049.197   178.279
 1060   5.017   4.927   34.936    1.300    1050.185   178.479
 1061   5.012   4.922   34.936    1.301    1051.173   178.639
 1062   5.007   4.918   34.936    1.301    1052.162   178.857
 1063   5.006   4.916   34.936    1.302    1053.150   179.063
 1064   5.004   4.915   34.936    1.302    1054.138   179.288
 1065   5.004   4.914   34.936    1.303    1055.126   179.419
 1066   5.001   4.911   34.936    1.304    1056.115   179.493
 1067   4.996   4.906   34.936    1.304    1057.103   179.553
 1068   4.989   4.899   34.937    1.305    1058.091   179.616
 1069   4.985   4.895   34.937    1.305    1059.079   179.721
 1070   4.982   4.891   34.937    1.306    1060.067   179.791
 1071   4.975   4.885   34.937    1.306    1061.056   179.903
 1072   4.972   4.882   34.937    1.307    1062.044   180.036
 1073   4.968   4.877   34.938    1.308    1063.032   180.233
 1074   4.965   4.874   34.938    1.308    1064.020   180.397
 1075   4.963   4.872   34.938    1.309    1065.008   180.494
 1076   4.959   4.868   34.938    1.309    1065.996   180.650
 1077   4.957   4.866   34.938    1.310    1066.985   180.723
 1078   4.951   4.860   34.938    1.310    1067.973   180.817
 1079   4.940   4.850   34.939    1.311    1068.961   180.928
 1080   4.926   4.835   34.939    1.312    1069.949   181.120
 1081   4.918   4.828   34.939    1.312    1070.937   181.333
 1082   4.918   4.827   34.939    1.313    1071.925   181.601
 1083   4.917   4.826   34.939    1.313    1072.913   181.846
 1084   4.917   4.826   34.939    1.314    1073.902   182.112
 1085   4.915   4.824   34.940    1.314    1074.890   182.268
 1086   4.914   4.823   34.939    1.315    1075.878   182.406
 1087   4.913   4.822   34.940    1.316    1076.866   182.445
 1088   4.911   4.819   34.940    1.316    1077.854   182.520
 1089   4.909   4.818   34.940    1.317    1078.842   182.539
 1090   4.907   4.815   34.940    1.317    1079.830   182.581
 1091   4.906   4.814   34.940    1.318    1080.818   182.578
 1092   4.905   4.813   34.940    1.318    1081.806   182.583
 1093   4.904   4.812   34.940    1.319    1082.795   182.618
 1094   4.900   4.808   34.940    1.320    1083.783   182.704
 1095   4.894   4.802   34.940    1.320    1084.771   182.829
 1096   4.888   4.796   34.941    1.321    1085.759   182.904
 1097   4.880   4.788   34.941    1.321    1086.747   182.993
 1098   4.872   4.780   34.941    1.322    1087.735   183.165
 1099   4.868   4.776   34.941    1.322    1088.723   183.404
 1100   4.867   4.775   34.941    1.323    1089.711   183.698
 1101   4.866   4.774   34.942    1.323    1090.699   183.941
 1102   4.866   4.774   34.942    1.324    1091.687   184.124
 1103   4.865   4.773   34.942    1.325    1092.675   184.281
 1104   4.864   4.772   34.942    1.325    1093.663   184.351
 1105   4.863   4.770   34.942    1.326    1094.651   184.424
 1106   4.861   4.768   34.942    1.326    1095.639   184.407
 1107   4.858   4.766   34.942    1.327    1096.627   184.397
 1108   4.858   4.765   34.942    1.327    1097.615   184.430
 1109   4.856   4.763   34.942    1.328    1098.603   184.516
 1110   4.855   4.762   34.942    1.329    1099.591   184.513
 1111   4.855   4.762   34.942    1.329    1100.579   184.552
 1112   4.855   4.761   34.942    1.330    1101.567   184.621
 1113   4.854   4.761   34.942    1.330    1102.555   184.676
 1114   4.853   4.760   34.942    1.331    1103.543   184.732
 1115   4.853   4.759   34.942    1.331    1104.531   184.776
 1116   4.851   4.757   34.942    1.332    1105.519   184.799
 1117   4.847   4.753   34.942    1.332    1106.507   184.847
 1118   4.839   4.745   34.943    1.333    1107.495   184.890
 1119   4.834   4.741   34.943    1.334    1108.483   184.972
 1120   4.833   4.739   34.943    1.334    1109.471   185.111
 1121   4.830   4.737   34.943    1.335    1110.459   185.298
 1122   4.829   4.736   34.943    1.335    1111.447   185.426
 1123   4.826   4.732   34.943    1.336    1112.435   185.664
 1124   4.825   4.731   34.943    1.336    1113.423   185.773
 1125   4.823   4.729   34.943    1.337    1114.411   185.835
 1126   4.821   4.727   34.943    1.337    1115.399   185.872
 1127   4.820   4.726   34.943    1.338    1116.387   185.937
 1128   4.819   4.725   34.943    1.339    1117.375   186.048
 1129   4.817   4.723   34.944    1.339    1118.363   186.113
 1130   4.816   4.722   34.944    1.340    1119.350   186.203
 1131   4.815   4.720   34.944    1.340    1120.338   186.274
 1132   4.812   4.717   34.944    1.341    1121.326   186.355
 1133   4.805   4.710   34.944    1.341    1122.314   186.434
 1134   4.803   4.708   34.944    1.342    1123.302   186.452
 1135   4.801   4.706   34.944    1.342    1124.290   186.478
 1136   4.799   4.704   34.944    1.343    1125.278   186.626
 1137   4.797   4.702   34.944    1.344    1126.266   186.788
 1138   4.791   4.696   34.944    1.344    1127.254   186.921
 1139   4.787   4.692   34.945    1.345    1128.241   187.053
 1140   4.785   4.690   34.945    1.345    1129.229   187.092
 1141   4.784   4.689   34.945    1.346    1130.217   187.204
 1142   4.783   4.687   34.945    1.346    1131.205   187.286
 1143   4.780   4.685   34.945    1.347    1132.193   187.476
 1144   4.776   4.680   34.945    1.347    1133.181   187.631
 1145   4.772   4.677   34.945    1.348    1134.169   187.790
 1146   4.771   4.675   34.945    1.349    1135.156   187.831
 1147   4.767   4.672   34.945    1.349    1136.144   187.887
 1148   4.765   4.670   34.946    1.350    1137.132   188.012
 1149   4.765   4.669   34.946    1.350    1138.120   188.132
 1150   4.764   4.668   34.946    1.351    1139.108   188.245
 1151   4.763   4.667   34.946    1.351    1140.096   188.341
 1152   4.762   4.666   34.946    1.352    1141.083   188.380
 1153   4.761   4.665   34.946    1.352    1142.071   188.385
 1154   4.756   4.660   34.946    1.353    1143.059   188.418
 1155   4.752   4.656   34.946    1.353    1144.047   188.462
 1156   4.751   4.655   34.946    1.354    1145.035   188.523
 1157   4.751   4.655   34.946    1.355    1146.022   188.714
 1158   4.749   4.652   34.946    1.355    1147.010   188.815
 1159   4.744   4.647   34.946    1.356    1147.998   188.934
 1160   4.741   4.644   34.947    1.356    1148.986   189.056
 1161   4.739   4.642   34.947    1.357    1149.974   189.137
 1162   4.738   4.641   34.947    1.357    1150.961   189.233
 1163   4.735   4.638   34.947    1.358    1151.949   189.317
 1164   4.732   4.635   34.947    1.358    1152.937   189.409
 1165   4.730   4.633   34.947    1.359    1153.925   189.501
 1166   4.727   4.630   34.947    1.360    1154.912   189.575
 1167   4.723   4.626   34.947    1.360    1155.900   189.704
 1168   4.720   4.623   34.947    1.361    1156.888   189.856
 1169   4.715   4.618   34.948    1.361    1157.875   189.973
 1170   4.712   4.615   34.948    1.362    1158.863   190.079
 1171   4.711   4.614   34.948    1.362    1159.851   190.224
 1172   4.706   4.609   34.948    1.363    1160.839   190.357
 1173   4.697   4.599   34.948    1.363    1161.826   190.496
 1174   4.696   4.599   34.948    1.364    1162.814   190.567
 1175   4.696   4.598   34.948    1.364    1163.802   190.719
 1176   4.695   4.597   34.949    1.365    1164.789   190.933
 1177   4.694   4.596   34.949    1.366    1165.777   191.013
 1178   4.690   4.593   34.949    1.366    1166.765   191.106
 1179   4.685   4.587   34.949    1.367    1167.753   191.206
 1180   4.681   4.583   34.949    1.367    1168.740   191.311
 1181   4.676   4.578   34.949    1.368    1169.728   191.470
 1182   4.675   4.577   34.949    1.368    1170.716   191.519
 1183   4.673   4.575   34.949    1.369    1171.703   191.680
 1184   4.671   4.572   34.949    1.369    1172.691   191.862
 1185   4.670   4.571   34.950    1.370    1173.679   191.956
 1186   4.666   4.568   34.950    1.370    1174.666   192.086
 1187   4.661   4.563   34.950    1.371    1175.654   192.206
 1188   4.658   4.560   34.950    1.371    1176.642   192.279
 1189   4.654   4.555   34.950    1.372    1177.629   192.392
 1190   4.650   4.552   34.951    1.373    1178.617   192.433
 1191   4.648   4.549   34.951    1.373    1179.604   192.611
 1192   4.645   4.546   34.951    1.374    1180.592   192.825
 1193   4.645   4.546   34.951    1.374    1181.580   192.987
 1194   4.644   4.545   34.951    1.375    1182.567   193.192
 1195   4.644   4.545   34.951    1.375    1183.555   193.314
 1196   4.644   4.545   34.951    1.376    1184.543   193.443
 1197   4.641   4.542   34.951    1.376    1185.530   193.511
 1198   4.639   4.540   34.951    1.377    1186.518   193.505
 1199   4.638   4.539   34.951    1.377    1187.505   193.562
 1200   4.637   4.538   34.951    1.378    1188.493   193.654
 1201   4.636   4.536   34.951    1.378    1189.480   193.753
 1202   4.635   4.535   34.951    1.379    1190.468   193.851
 1203   4.631   4.532   34.951    1.379    1191.456   193.915
 1204   4.627   4.527   34.952    1.380    1192.443   193.962
 1205   4.621   4.521   34.952    1.381    1193.431   194.028
 1206   4.618   4.518   34.952    1.381    1194.418   194.105
 1207   4.617   4.518   34.952    1.382    1195.406   194.297
 1208   4.616   4.517   34.952    1.382    1196.393   194.543
 1209   4.616   4.516   34.952    1.383    1197.381   194.674
 1210   4.616   4.516   34.952    1.383    1198.369   194.724
 1211   4.616   4.516   34.952    1.384    1199.356   194.754
 1212   4.614   4.514   34.952    1.384    1200.344   194.817
 1213   4.612   4.512   34.952    1.385    1201.331   194.899
 1214   4.610   4.510   34.952    1.385    1202.319   194.992
 1215   4.609   4.509   34.952    1.386    1203.306   194.978
 1216   4.609   4.508   34.952    1.386    1204.294   195.080
 1217   4.607   4.506   34.952    1.387    1205.281   195.111
 1218   4.606   4.506   34.953    1.387    1206.269   195.215
 1219   4.606   4.505   34.953    1.388    1207.256   195.269
 1220   4.604   4.503   34.953    1.389    1208.244   195.338
 1221   4.602   4.501   34.953    1.389    1209.231   195.374
 1222   4.601   4.500   34.953    1.390    1210.219   195.400
 1223   4.599   4.498   34.953    1.390    1211.206   195.443
 1224   4.597   4.496   34.953    1.391    1212.194   195.504
 1225   4.595   4.494   34.953    1.391    1213.181   195.546
 1226   4.593   4.492   34.953    1.392    1214.169   195.631
 1227   4.588   4.487   34.953    1.392    1215.156   195.733
 1228   4.584   4.483   34.953    1.393    1216.143   195.823
 1229   4.582   4.480   34.954    1.393    1217.131   195.902
 1230   4.577   4.476   34.954    1.394    1218.118   196.022
 1231   4.574   4.473   34.954    1.394    1219.106   196.130
 1232   4.572   4.471   34.954    1.395    1220.093   196.274
 1233   4.567   4.466   34.954    1.395    1221.081   196.414
 1234   4.565   4.463   34.954    1.396    1222.068   196.546
 1235   4.563   4.461   34.954    1.396    1223.056   196.633
 1236   4.561   4.459   34.954    1.397    1224.043   196.771
 1237   4.559   4.457   34.954    1.398    1225.030   196.905
 1238   4.558   4.456   34.954    1.398    1226.018   197.065
 1239   4.557   4.455   34.954    1.399    1227.005   197.187
 1240   4.556   4.454   34.955    1.399    1227.993   197.231
 1241   4.552   4.450   34.955    1.400    1228.980   197.317
 1242   4.550   4.447   34.955    1.400    1229.967   197.408
 1243   4.549   4.446   34.955    1.401    1230.955   197.477
 1244   4.548   4.446   34.955    1.401    1231.942   197.516
 1245   4.548   4.446   34.955    1.402    1232.930   197.596
 1246   4.548   4.445   34.955    1.402    1233.917   197.710
 1247   4.548   4.445   34.955    1.403    1234.904   197.817
 1248   4.548   4.445   34.955    1.403    1235.892   197.871
 1249   4.547   4.444   34.955    1.404    1236.879   197.875
 1250   4.547   4.444   34.955    1.404    1237.866   197.835
 1251   4.545   4.442   34.955    1.405    1238.854   197.850
 1252   4.545   4.442   34.955    1.405    1239.841   197.886
 1253   4.542   4.438   34.955    1.406    1240.828   197.890
 1254   4.532   4.429   34.956    1.406    1241.816   197.921
 1255   4.528   4.425   34.956    1.407    1242.803   198.000
 1256   4.525   4.421   34.956    1.407    1243.790   198.107
 1257   4.523   4.419   34.956    1.408    1244.778   198.315
 1258   4.520   4.416   34.956    1.409    1245.765   198.500
 1259   4.515   4.412   34.956    1.409    1246.752   198.715
 1260   4.513   4.409   34.956    1.410    1247.740   198.890
 1261   4.512   4.408   34.956    1.410    1248.727   199.037
 1262   4.511   4.407   34.956    1.411    1249.714   199.137
 1263   4.510   4.406   34.957    1.411    1250.702   199.302
 1264   4.508   4.404   34.957    1.412    1251.689   199.467
 1265   4.503   4.399   34.957    1.412    1252.676   199.560
 1266   4.500   4.396   34.957    1.413    1253.663   199.607
 1267   4.498   4.394   34.957    1.413    1254.651   199.650
 1268   4.496   4.392   34.957    1.414    1255.638   199.727
 1269   4.495   4.390   34.957    1.414    1256.625   199.890
 1270   4.491   4.387   34.957    1.415    1257.613   200.016
 1271   4.489   4.384   34.957    1.415    1258.600   200.168
 1272   4.484   4.380   34.958    1.416    1259.587   200.267
 1273   4.481   4.376   34.958    1.416    1260.574   200.386
 1274   4.478   4.374   34.958    1.417    1261.562   200.510
 1275   4.472   4.367   34.958    1.417    1262.549   200.603
 1276   4.468   4.364   34.958    1.418    1263.536   200.736
 1277   4.467   4.363   34.959    1.418    1264.523   200.841
 1278   4.467   4.362   34.959    1.419    1265.510   200.983
 1279   4.466   4.361   34.959    1.419    1266.498   201.176
 1280   4.466   4.361   34.959    1.420    1267.485   201.371
 1281   4.460   4.355   34.959    1.420    1268.472   201.525
 1282   4.458   4.353   34.959    1.421    1269.459   201.493
 1283   4.458   4.352   34.959    1.421    1270.447   201.533
 1284   4.457   4.352   34.959    1.422    1271.434   201.627
 1285   4.457   4.351   34.959    1.423    1272.421   201.769
 1286   4.456   4.351   34.959    1.423    1273.408   201.935
 1287   4.456   4.350   34.959    1.424    1274.395   202.033
 1288   4.455   4.350   34.959    1.424    1275.382   202.028
 1289   4.454   4.349   34.959    1.425    1276.370   201.984
 1290   4.453   4.347   34.959    1.425    1277.357   202.002
 1291   4.451   4.345   34.959    1.426    1278.344   202.032
 1292   4.448   4.342   34.960    1.426    1279.331   202.097
 1293   4.447   4.341   34.960    1.427    1280.318   202.166
 1294   4.446   4.340   34.960    1.427    1281.305   202.266
 1295   4.446   4.340   34.960    1.428    1282.293   202.304
 1296   4.444   4.338   34.960    1.428    1283.280   202.394
 1297   4.443   4.337   34.960    1.429    1284.267   202.451
 1298   4.443   4.336   34.960    1.429    1285.254   202.515
 1299   4.442   4.335   34.960    1.430    1286.241   202.537
 1300   4.441   4.334   34.960    1.430    1287.228   202.633
 1301   4.438   4.332   34.960    1.431    1288.215   202.661
 1302   4.438   4.331   34.960    1.431    1289.202   202.664
 1303   4.437   4.331   34.960    1.432    1290.190   202.740
 1304   4.437   4.330   34.960    1.432    1291.177   202.792
 1305   4.437   4.330   34.960    1.433    1292.164   202.892
 1306   4.437   4.330   34.960    1.433    1293.151   202.878
 1307   4.437   4.330   34.960    1.434    1294.138   202.915
 1308   4.437   4.329   34.960    1.434    1295.125   202.911
 1309   4.436   4.328   34.960    1.435    1296.112   202.997
 1310   4.435   4.328   34.960    1.435    1297.099   203.053
 1311   4.435   4.327   34.960    1.436    1298.086   203.100
 1312   4.434   4.327   34.960    1.436    1299.073   203.075
 1313   4.432   4.325   34.960    1.437    1300.060   203.104
 1314   4.431   4.323   34.960    1.437    1301.047   203.118
 1315   4.430   4.322   34.960    1.438    1302.035   203.108
 1316   4.429   4.321   34.960    1.438    1303.022   203.227
 1317   4.429   4.321   34.960    1.439    1304.009   203.308
 1318   4.428   4.320   34.960    1.439    1304.996   203.317
 1319   4.428   4.319   34.961    1.440    1305.983   203.351
 1320   4.426   4.317   34.961    1.440    1306.970   203.396
 1321   4.424   4.316   34.961    1.441    1307.957   203.457
 1322   4.423   4.315   34.961    1.442    1308.944   203.535
 1323   4.422   4.314   34.961    1.442    1309.931   203.598
 1324   4.422   4.313   34.961    1.443    1310.918   203.627
 1325   4.420   4.311   34.961    1.443    1311.905   203.675
 1326   4.418   4.309   34.961    1.444    1312.892   203.727
 1327   4.417   4.308   34.961    1.444    1313.879   203.764
 1328   4.417   4.308   34.961    1.445    1314.866   203.848
 1329   4.416   4.307   34.961    1.445    1315.853   203.941
 1330   4.415   4.306   34.961    1.446    1316.840   204.023
 1331   4.414   4.305   34.961    1.446    1317.827   204.063
 1332   4.414   4.305   34.961    1.447    1318.814   204.074
 1333   4.413   4.304   34.961    1.447    1319.801   204.130
 1334   4.413   4.304   34.961    1.448    1320.788   204.161
 1335   4.413   4.304   34.961    1.448    1321.775   204.204
 1336   4.412   4.303   34.961    1.449    1322.762   204.275
 1337   4.410   4.301   34.961    1.449    1323.749   204.303
 1338   4.408   4.298   34.962    1.450    1324.736   204.310
 1339   4.407   4.297   34.962    1.450    1325.722   204.301
 1340   4.406   4.296   34.962    1.451    1326.709   204.325
 1341   4.405   4.295   34.962    1.451    1327.696   204.445
 1342   4.404   4.294   34.962    1.452    1328.683   204.549
 1343   4.404   4.294   34.962    1.452    1329.670   204.655
 1344   4.401   4.291   34.962    1.453    1330.657   204.698
 1345   4.396   4.286   34.962    1.453    1331.644   204.752
 1346   4.394   4.284   34.962    1.454    1332.631   204.792
 1347   4.392   4.281   34.962    1.454    1333.618   204.845
 1348   4.391   4.280   34.962    1.455    1334.605   204.997
 1349   4.391   4.280   34.962    1.455    1335.592   205.182
 1350   4.389   4.278   34.962    1.456    1336.579   205.287
 1351   4.386   4.275   34.962    1.456    1337.565   205.320
 1352   4.386   4.275   34.962    1.457    1338.552   205.457
 1353   4.386   4.275   34.963    1.457    1339.539   205.538
 1354   4.386   4.275   34.963    1.458    1340.526   205.614
 1355   4.384   4.273   34.963    1.458    1341.513   205.660
 1356   4.383   4.272   34.963    1.459    1342.500   205.727
 1357   4.383   4.272   34.963    1.459    1343.487   205.838
 1358   4.383   4.272   34.963    1.460    1344.473   205.791
 1359   4.383   4.272   34.963    1.460    1345.460   205.823
 1360   4.384   4.272   34.963    1.461    1346.447   205.799
 1361   4.383   4.272   34.963    1.461    1347.434   205.820
 1362   4.384   4.272   34.963    1.462    1348.421   205.885
 1363   4.384   4.272   34.963    1.462    1349.408   205.843
 1364   4.384   4.272   34.963    1.463    1350.395   205.875
 1365   4.384   4.272   34.963    1.463    1351.381   205.804
 1366   4.384   4.272   34.963    1.464    1352.368   205.805
 1367   4.384   4.272   34.963    1.464    1353.355   205.736
 1368   4.384   4.272   34.963    1.465    1354.342   205.706
 1369   4.384   4.272   34.963    1.466    1355.329   205.659
 1370   4.384   4.272   34.963    1.466    1356.315   205.640
 1371   4.384   4.271   34.963    1.467    1357.302   205.719
 1372   4.381   4.269   34.963    1.467    1358.289   205.713
 1373   4.378   4.265   34.963    1.468    1359.276   205.756
 1374   4.371   4.258   34.963    1.468    1360.263   205.752
 1375   4.368   4.256   34.963    1.469    1361.249   205.829
 1376   4.367   4.254   34.963    1.469    1362.236   206.002
 1377   4.367   4.254   34.964    1.470    1363.223   206.198
 1378   4.367   4.254   34.963    1.470    1364.210   206.355
 1379   4.368   4.254   34.963    1.471    1365.196   206.518
 1380   4.367   4.254   34.964    1.471    1366.183   206.574
 1381   4.368   4.254   34.963    1.472    1367.170   206.654
 1382   4.367   4.253   34.964    1.472    1368.157   206.769
 1383   4.367   4.253   34.964    1.473    1369.143   206.768
 1384   4.367   4.253   34.964    1.473    1370.130   206.769
 1385   4.367   4.253   34.964    1.474    1371.117   206.741
 1386   4.367   4.253   34.964    1.474    1372.104   206.759
 1387   4.366   4.252   34.964    1.475    1373.090   206.748
 1388   4.366   4.252   34.964    1.475    1374.077   206.729
 1389   4.366   4.252   34.964    1.476    1375.064   206.689
 1390   4.366   4.252   34.964    1.476    1376.050   206.717
 1391   4.365   4.251   34.964    1.477    1377.037   206.760
 1392   4.365   4.251   34.964    1.477    1378.024   206.763
 1393   4.365   4.251   34.964    1.478    1379.010   206.797
 1394   4.363   4.249   34.964    1.478    1379.997   206.820
 1395   4.362   4.248   34.964    1.479    1380.984   206.842
 1396   4.362   4.248   34.964    1.479    1381.971   206.891
 1397   4.362   4.247   34.964    1.480    1382.957   206.923
 1398   4.360   4.245   34.964    1.480    1383.944   206.943
 1399   4.357   4.242   34.964    1.481    1384.931   206.939
 1400   4.356   4.241   34.964    1.481    1385.917   207.030
 1401   4.355   4.240   34.964    1.482    1386.904   207.058
 1402   4.355   4.240   34.964    1.482    1387.891   207.134
 1403   4.355   4.240   34.964    1.483    1388.877   207.274
 1404   4.355   4.240   34.964    1.483    1389.864   207.377
 1405   4.354   4.239   34.964    1.484    1390.850   207.429
 1406   4.353   4.237   34.964    1.484    1391.837   207.472
 1407   4.352   4.236   34.964    1.485    1392.824   207.465
 1408   4.351   4.235   34.964    1.485    1393.810   207.494
 1409   4.350   4.235   34.964    1.486    1394.797   207.573
 1410   4.350   4.234   34.964    1.486    1395.784   207.596
 1411   4.350   4.234   34.965    1.487    1396.770   207.652
 1412   4.349   4.233   34.965    1.487    1397.757   207.661
 1413   4.348   4.232   34.964    1.488    1398.743   207.766
 1414   4.348   4.231   34.964    1.488    1399.730   207.777
 1415   4.347   4.231   34.965    1.489    1400.717   207.770
 1416   4.346   4.230   34.965    1.489    1401.703   207.732
 1417   4.346   4.229   34.965    1.490    1402.690   207.821
 1418   4.345   4.229   34.965    1.490    1403.676   207.868
 1419   4.345   4.229   34.965    1.491    1404.663   207.981
 1420   4.345   4.228   34.965    1.491    1405.649   207.977
 1421   4.344   4.228   34.965    1.492    1406.636   208.022
 1422   4.342   4.226   34.965    1.492    1407.623   208.039
 1423   4.341   4.224   34.965    1.493    1408.609   208.081
 1424   4.341   4.224   34.965    1.493    1409.596   208.119
 1425   4.341   4.224   34.965    1.494    1410.582   208.167
 1426   4.340   4.223   34.965    1.495    1411.569   208.240
 1427   4.340   4.223   34.965    1.495    1412.555   208.264
 1428   4.339   4.222   34.965    1.496    1413.542   208.267
 1429   4.339   4.221   34.965    1.496    1414.528   208.279
 1430   4.338   4.221   34.965    1.497    1415.515   208.343
 1431   4.338   4.220   34.965    1.497    1416.501   208.377
 1432   4.337   4.219   34.965    1.498    1417.488   208.380
 1433   4.336   4.219   34.965    1.498    1418.474   208.417
 1434   4.336   4.218   34.965    1.499    1419.461   208.464
 1435   4.335   4.217   34.965    1.499    1420.447   208.475
 1436   4.334   4.216   34.965    1.500    1421.434   208.486
 1437   4.332   4.213   34.965    1.500    1422.420   208.611
 1438   4.328   4.210   34.965    1.501    1423.407   208.722
 1439   4.326   4.208   34.966    1.501    1424.393   208.768
 1440   4.325   4.207   34.966    1.502    1425.380   208.874
 1441   4.323   4.205   34.966    1.502    1426.366   208.925
 1442   4.322   4.203   34.966    1.503    1427.353   209.038
 1443   4.321   4.202   34.966    1.503    1428.339   209.089
 1444   4.320   4.201   34.966    1.504    1429.326   209.143
 1445   4.319   4.200   34.966    1.504    1430.312   209.171
 1446   4.318   4.200   34.966    1.505    1431.299   209.213
 1447   4.318   4.199   34.966    1.505    1432.285   209.199
 1448   4.318   4.199   34.966    1.506    1433.271   209.278
 1449   4.318   4.198   34.966    1.506    1434.258   209.274
 1450   4.317   4.198   34.966    1.507    1435.244   209.269
 1451   4.316   4.197   34.966    1.507    1436.231   209.287
 1452   4.316   4.197   34.966    1.508    1437.217   209.377
 1453   4.315   4.195   34.966    1.508    1438.204   209.477
 1454   4.313   4.194   34.966    1.509    1439.190   209.538
 1455   4.313   4.193   34.966    1.509    1440.176   209.484
 1456   4.312   4.193   34.966    1.510    1441.163   209.463
 1457   4.312   4.192   34.966    1.510    1442.149   209.559
 1458   4.310   4.190   34.966    1.511    1443.136   209.578
 1459   4.310   4.190   34.966    1.511    1444.122   209.630
 1460   4.309   4.189   34.967    1.512    1445.108   209.738
 1461   4.309   4.189   34.966    1.512    1446.095   209.848
 1462   4.309   4.189   34.967    1.513    1447.081   209.854
 1463   4.308   4.188   34.967    1.513    1448.067   209.879
 1464   4.308   4.188   34.967    1.514    1449.054   209.857
 1465   4.308   4.187   34.967    1.514    1450.040   209.871
 1466   4.308   4.187   34.967    1.515    1451.027   209.911
 1467   4.308   4.187   34.967    1.515    1452.013   209.929
 1468   4.307   4.186   34.967    1.516    1452.999   209.937
 1469   4.306   4.185   34.967    1.516    1453.986   209.970
 1470   4.306   4.185   34.967    1.517    1454.972   209.981
 1471   4.305   4.184   34.967    1.517    1455.958   210.060
 1472   4.305   4.183   34.967    1.518    1456.945   210.112
 1473   4.304   4.183   34.967    1.518    1457.931   210.158
 1474   4.303   4.182   34.967    1.519    1458.917   210.230
 1475   4.302   4.181   34.967    1.519    1459.904   210.299
 1476   4.301   4.180   34.967    1.520    1460.890   210.361
 1477   4.301   4.179   34.967    1.520    1461.876   210.275
 1478   4.301   4.179   34.967    1.521    1462.862   210.292
 1479   4.300   4.179   34.967    1.521    1463.849   210.381
 1480   4.300   4.178   34.967    1.522    1464.835   210.504
 1481   4.298   4.177   34.967    1.522    1465.821   210.544
 1482   4.296   4.174   34.967    1.523    1466.808   210.537
 1483   4.296   4.174   34.967    1.523    1467.794   210.584
 1484   4.296   4.174   34.967    1.524    1468.780   210.594
 1485   4.295   4.173   34.967    1.524    1469.766   210.644
 1486   4.294   4.172   34.967    1.525    1470.753   210.671
 1487   4.294   4.171   34.967    1.525    1471.739   210.745
 1488   4.294   4.171   34.967    1.526    1472.725   210.783
 1489   4.294   4.171   34.967    1.526    1473.711   210.734
 1490   4.294   4.171   34.967    1.527    1474.698   210.840
 1491   4.294   4.171   34.967    1.527    1475.684   210.849
 1492   4.294   4.171   34.967    1.528    1476.670   210.805
 1493   4.294   4.171   34.968    1.528    1477.656   210.725
 1494   4.294   4.171   34.967    1.529    1478.643   210.704
 1495   4.294   4.171   34.967    1.529    1479.629   210.746
 1496   4.294   4.171   34.967    1.530    1480.615   210.766
 1497   4.294   4.170   34.967    1.531    1481.601   210.752
 1498   4.296   4.172   34.967    1.531    1482.588   210.717
