 station cast   lat    long    jday   mo/da/yr   gmt
  25      1   28.517 -86.203   264    09/21/21  0811 
 
    File created by Jay Hooper - 13-Dec-2021   
            GOMECC4 Cruise Sep 2021 
             NOAA Ship Ronald H Brown
                  
 
     Primary (T,S,O) sensors - Calibrated CTD data   

   pr       te       th       sa       ht       ga       ox
dbars    deg c    deg c      psu  dyn. cm    gamma  umol/kg
    1   28.486   28.486   34.482    0.006    0.993   197.801
    2   28.486   28.485   34.481    0.012    1.987   197.828
    3   28.486   28.485   34.481    0.018    2.980   197.855
    4   28.486   28.485   34.481    0.024    3.973   197.882
    5   28.486   28.485   34.481    0.030    4.966   198.915
    6   28.537   28.535   34.584    0.036    5.960   198.018
    7   28.543   28.541   34.606    0.042    6.953   196.969
    8   28.564   28.562   34.625    0.047    7.946   197.209
    9   28.615   28.613   34.676    0.053    8.940   197.547
   10   28.805   28.802   34.951    0.059    9.933   196.898
   11   28.863   28.860   35.125    0.065    10.926   193.048
   12   28.829   28.826   35.194    0.070    11.919   193.788
   13   28.794   28.791   35.276    0.076    12.913   195.093
   14   28.769   28.766   35.316    0.081    13.906   195.091
   15   28.749   28.745   35.341    0.087    14.899   195.637
   16   28.740   28.736   35.351    0.092    15.892   195.985
   17   28.726   28.722   35.366    0.097    16.886   195.999
   18   28.715   28.710   35.374    0.103    17.879   196.457
   19   28.701   28.696   35.385    0.108    18.872   196.792
   20   28.692   28.687   35.394    0.114    19.865   196.876
   21   28.687   28.682   35.399    0.119    20.858   197.114
   22   28.682   28.676   35.403    0.124    21.852   197.354
   23   28.678   28.673   35.403    0.130    22.845   197.578
   24   28.680   28.674   35.405    0.135    23.838   197.584
   25   28.686   28.680   35.410    0.140    24.831   197.057
   26   28.690   28.684   35.417    0.146    25.824   196.068
   27   28.696   28.690   35.429    0.151    26.818   195.757
   28   28.682   28.676   35.469    0.157    27.811   194.480
   29   28.507   28.500   35.617    0.162    28.804   194.327
   30   28.210   28.203   35.698    0.167    29.797   201.474
   31   27.859   27.852   35.826    0.171    30.790   208.272
   32   27.235   27.228   35.965    0.176    31.783   197.780
   33   27.013   27.005   36.013    0.180    32.777   189.379
   34   26.792   26.784   36.041    0.185    33.770   193.899
   35   26.675   26.667   36.053    0.189    34.763   194.374
   36   26.601   26.593   36.059    0.193    35.756   194.374
   37   26.491   26.483   36.068    0.197    36.749   194.004
   38   26.360   26.352   36.077    0.202    37.742   193.250
   39   26.282   26.274   36.083    0.206    38.735   192.349
   40   26.239   26.230   36.085    0.210    39.729   192.447
   41   26.179   26.170   36.088    0.214    40.722   192.372
   42   26.022   26.013   36.095    0.218    41.715   191.937
   43   25.855   25.846   36.102    0.222    42.708   191.432
   44   25.734   25.724   36.108    0.226    43.701   191.120
   45   25.234   25.224   36.136    0.230    44.694   191.206
   46   24.759   24.749   36.156    0.234    45.687   191.042
   47   24.642   24.632   36.160    0.237    46.680   192.923
   48   24.456   24.446   36.155    0.241    47.673   192.613
   49   24.335   24.325   36.158    0.244    48.666   191.297
   50   24.196   24.186   36.163    0.248    49.659   189.251
   51   24.088   24.077   36.169    0.251    50.653   187.025
   52   24.017   24.006   36.174    0.255    51.646   186.201
   53   24.001   23.990   36.176    0.258    52.639   186.555
   54   23.947   23.936   36.178    0.261    53.632   186.763
   55   23.856   23.844   36.185    0.265    54.625   186.391
   56   23.754   23.742   36.193    0.268    55.618   185.646
   57   23.703   23.691   36.201    0.271    56.611   185.191
   58   23.603   23.591   36.227    0.275    57.604   185.128
   59   23.513   23.501   36.249    0.278    58.597   185.237
   60   23.504   23.491   36.252    0.281    59.590   185.492
   61   23.350   23.338   36.266    0.284    60.583   185.674
   62   22.843   22.830   36.252    0.287    61.576   184.198
   63   22.646   22.633   36.241    0.290    62.569   180.403
   64   22.552   22.539   36.228    0.293    63.562   179.495
   65   22.396   22.383   36.205    0.296    64.555   180.178
   66   22.062   22.049   36.159    0.299    65.548   180.734
   67   21.795   21.781   36.148    0.302    66.541   179.646
   68   21.783   21.770   36.149    0.305    67.534   177.431
   69   21.770   21.756   36.151    0.308    68.527   176.191
   70   21.655   21.641   36.145    0.310    69.520   176.344
   71   21.530   21.516   36.146    0.313    70.513   175.882
   72   21.442   21.428   36.161    0.316    71.506   173.544
   73   21.379   21.365   36.163    0.319    72.499   170.865
   74   21.329   21.315   36.166    0.321    73.492   169.424
   75   21.243   21.228   36.179    0.324    74.485   168.937
   76   21.164   21.149   36.190    0.327    75.478   168.010
   77   21.091   21.076   36.201    0.329    76.471   166.953
   78   21.025   21.010   36.214    0.332    77.464   165.971
   79   20.992   20.977   36.218    0.334    78.456   165.029
   80   20.936   20.921   36.235    0.337    79.449   164.592
   81   20.871   20.855   36.257    0.339    80.442   164.619
   82   20.815   20.799   36.272    0.342    81.435   165.270
   83   20.789   20.773   36.280    0.344    82.428   166.141
   84   20.776   20.760   36.286    0.347    83.421   167.020
   85   20.760   20.744   36.292    0.349    84.414   167.671
   86   20.718   20.702   36.299    0.352    85.407   167.841
   87   20.619   20.602   36.312    0.354    86.400   167.386
   88   20.599   20.582   36.318    0.357    87.393   165.953
   89   20.573   20.556   36.326    0.359    88.386   165.332
   90   20.524   20.507   36.331    0.361    89.378   165.331
   91   20.492   20.474   36.334    0.364    90.371   164.481
   92   20.468   20.450   36.336    0.366    91.364   163.221
   93   20.444   20.426   36.338    0.368    92.357   162.489
   94   20.431   20.413   36.339    0.371    93.350   161.791
   95   20.422   20.404   36.341    0.373    94.343   161.167
   96   20.392   20.374   36.344    0.375    95.336   160.863
   97   20.335   20.317   36.354    0.378    96.328   160.008
   98   20.311   20.293   36.360    0.380    97.321   157.695
   99   20.294   20.275   36.364    0.382    98.314   155.553
  100   20.280   20.261   36.366    0.385    99.307   155.041
  101   20.265   20.246   36.369    0.387    100.300   154.936
  102   20.240   20.221   36.375    0.389    101.293   154.648
  103   20.214   20.194   36.382    0.391    102.285   153.771
  104   20.193   20.174   36.398    0.394    103.278   152.555
  105   20.075   20.056   36.427    0.396    104.271   150.955
  106   19.965   19.945   36.438    0.398    105.264   147.436
  107   19.908   19.888   36.450    0.400    106.257   143.775
  108   19.910   19.890   36.468    0.402    107.249   141.915
  109   19.799   19.779   36.483    0.404    108.242   141.489
  110   19.714   19.693   36.493    0.406    109.235   140.718
  111   19.670   19.650   36.498    0.409    110.228   139.883
  112   19.637   19.617   36.502    0.411    111.221   139.570
  113   19.591   19.571   36.506    0.413    112.213   139.834
  114   19.578   19.557   36.508    0.415    113.206   139.939
  115   19.557   19.535   36.510    0.417    114.199   140.009
  116   19.537   19.516   36.512    0.419    115.192   139.954
  117   19.511   19.490   36.515    0.421    116.184   139.918
  118   19.483   19.461   36.518    0.423    117.177   139.862
  119   19.460   19.439   36.520    0.425    118.170   139.786
  120   19.430   19.408   36.523    0.427    119.163   139.848
  121   19.411   19.389   36.525    0.429    120.155   139.806
  122   19.393   19.370   36.527    0.430    121.148   139.757
  123   19.370   19.347   36.529    0.432    122.141   139.748
  124   19.321   19.299   36.533    0.434    123.133   139.722
  125   19.250   19.227   36.533    0.436    124.126   139.673
  126   19.185   19.162   36.532    0.438    125.119   139.701
  127   19.097   19.074   36.529    0.440    126.112   139.909
  128   19.007   18.984   36.523    0.442    127.104   140.032
  129   18.977   18.954   36.521    0.444    128.097   139.868
  130   18.939   18.916   36.519    0.446    129.090   140.015
  131   18.851   18.827   36.509    0.447    130.082   140.462
  132   18.659   18.636   36.487    0.449    131.075   140.432
  133   18.593   18.569   36.479    0.451    132.068   138.880
  134   18.547   18.524   36.473    0.453    133.060   137.349
  135   18.468   18.444   36.462    0.455    134.053   136.443
  136   18.394   18.370   36.452    0.456    135.046   135.439
  137   18.291   18.267   36.434    0.458    136.038   133.895
  138   18.141   18.117   36.414    0.460    137.031   131.539
  139   18.057   18.033   36.405    0.462    138.024   128.593
  140   17.990   17.966   36.398    0.463    139.016   127.183
  141   17.958   17.933   36.396    0.465    140.009   127.938
  142   17.943   17.918   36.396    0.467    141.002   129.246
  143   17.914   17.889   36.394    0.469    141.994   130.685
  144   17.884   17.859   36.391    0.470    142.987   132.332
  145   17.822   17.797   36.383    0.472    143.979   133.420
  146   17.713   17.688   36.370    0.474    144.972   133.948
  147   17.580   17.554   36.353    0.475    145.965   134.266
  148   17.436   17.411   36.334    0.477    146.957   134.624
  149   17.343   17.317   36.321    0.478    147.950   135.593
  150   17.225   17.200   36.305    0.480    148.942   136.503
  151   17.130   17.105   36.294    0.482    149.935   136.556
  152   17.086   17.060   36.286    0.483    150.928   136.540
  153   17.068   17.043   36.283    0.485    151.920   136.347
  154   16.987   16.962   36.270    0.486    152.913   135.820
  155   16.864   16.838   36.256    0.488    153.905   135.482
  156   16.797   16.771   36.246    0.490    154.898   136.187
  157   16.770   16.744   36.242    0.491    155.890   137.117
  158   16.744   16.718   36.237    0.493    156.883   137.240
  159   16.682   16.656   36.229    0.494    157.875   136.964
  160   16.620   16.594   36.220    0.496    158.868   136.734
  161   16.586   16.559   36.216    0.497    159.861   136.606
  162   16.555   16.528   36.212    0.499    160.853   136.826
  163   16.493   16.467   36.202    0.500    161.846   137.076
  164   16.414   16.388   36.191    0.502    162.838   137.020
  165   16.367   16.341   36.184    0.503    163.831   136.895
  166   16.308   16.281   36.174    0.505    164.823   136.901
  167   16.226   16.199   36.164    0.506    165.816   136.919
  168   16.185   16.158   36.157    0.508    166.808   136.814
  169   16.144   16.117   36.151    0.509    167.801   136.570
  170   16.066   16.039   36.139    0.511    168.793   136.276
  171   16.022   15.995   36.132    0.512    169.786   136.041
  172   15.990   15.962   36.126    0.514    170.778   135.991
  173   15.930   15.902   36.118    0.515    171.771   135.985
  174   15.910   15.882   36.115    0.517    172.763   135.645
  175   15.873   15.845   36.108    0.518    173.756   135.314
  176   15.819   15.791   36.101    0.520    174.748   134.926
  177   15.779   15.751   36.096    0.521    175.741   133.488
  178   15.747   15.719   36.090    0.522    176.733   132.444
  179   15.668   15.640   36.078    0.524    177.725   132.516
  180   15.637   15.609   36.073    0.525    178.718   132.462
  181   15.603   15.575   36.066    0.527    179.710   132.095
  182   15.488   15.460   36.048    0.528    180.703   131.768
  183   15.407   15.379   36.036    0.529    181.695   131.257
  184   15.359   15.330   36.028    0.531    182.688   130.953
  185   15.328   15.299   36.022    0.532    183.680   131.011
  186   15.296   15.268   36.017    0.534    184.672   131.189
  187   15.252   15.223   36.010    0.535    185.665   131.231
  188   15.195   15.166   36.001    0.536    186.657   131.400
  189   15.156   15.127   35.996    0.538    187.650   131.603
  190   15.145   15.116   35.995    0.539    188.642   131.616
  191   15.132   15.103   35.992    0.541    189.634   131.600
  192   15.102   15.073   35.988    0.542    190.627   131.646
  193   15.076   15.047   35.983    0.543    191.619   131.713
  194   15.020   14.990   35.974    0.545    192.612   131.800
  195   14.970   14.940   35.967    0.546    193.604   131.956
  196   14.965   14.935   35.966    0.547    194.596   131.911
  197   14.958   14.928   35.964    0.549    195.589   131.720
  198   14.931   14.900   35.958    0.550    196.581   131.549
  199   14.826   14.795   35.942    0.552    197.573   131.416
  200   14.752   14.722   35.929    0.553    198.566   131.032
  201   14.706   14.676   35.922    0.554    199.558   130.672
  202   14.685   14.655   35.918    0.556    200.551   130.525
  203   14.664   14.633   35.915    0.557    201.543   130.687
  204   14.599   14.568   35.903    0.558    202.535   130.937
  205   14.558   14.527   35.897    0.560    203.528   130.891
  206   14.523   14.493   35.892    0.561    204.520   130.775
  207   14.491   14.460   35.886    0.562    205.512   130.675
  208   14.459   14.429   35.880    0.564    206.504   130.619
  209   14.443   14.412   35.878    0.565    207.497   130.543
  210   14.388   14.357   35.870    0.566    208.489   130.560
  211   14.356   14.325   35.865    0.568    209.481   130.455
  212   14.353   14.321   35.864    0.569    210.474   130.319
  213   14.348   14.317   35.864    0.570    211.466   130.177
  214   14.347   14.315   35.863    0.572    212.458   130.112
  215   14.327   14.295   35.860    0.573    213.451   130.141
  216   14.285   14.253   35.853    0.574    214.443   130.051
  217   14.225   14.193   35.844    0.575    215.435   129.922
  218   14.177   14.145   35.838    0.577    216.427   129.709
  219   14.151   14.119   35.834    0.578    217.420   129.556
  220   14.104   14.072   35.826    0.579    218.412   129.436
  221   14.051   14.019   35.817    0.581    219.404   129.259
  222   14.022   13.989   35.813    0.582    220.396   128.795
  223   13.990   13.957   35.807    0.583    221.389   128.318
  224   13.975   13.943   35.805    0.585    222.381   127.796
  225   13.944   13.911   35.799    0.586    223.373   127.440
  226   13.910   13.877   35.793    0.587    224.365   127.096
  227   13.896   13.863   35.791    0.588    225.358   126.882
  228   13.891   13.858   35.790    0.590    226.350   126.703
  229   13.842   13.808   35.782    0.591    227.342   126.759
  230   13.776   13.743   35.772    0.592    228.334   126.760
  231   13.752   13.719   35.767    0.594    229.326   126.663
  232   13.726   13.693   35.763    0.595    230.319   126.654
  233   13.698   13.665   35.759    0.596    231.311   126.711
  234   13.688   13.655   35.758    0.597    232.303   126.760
  235   13.676   13.642   35.755    0.599    233.295   126.784
  236   13.637   13.603   35.749    0.600    234.287   126.970
  237   13.611   13.577   35.745    0.601    235.279   127.016
  238   13.589   13.555   35.742    0.602    236.272   126.964
  239   13.577   13.543   35.740    0.604    237.264   126.910
  240   13.560   13.526   35.738    0.605    238.256   127.017
  241   13.541   13.507   35.735    0.606    239.248   127.183
  242   13.528   13.493   35.732    0.607    240.240   127.386
  243   13.507   13.473   35.729    0.609    241.232   127.455
  244   13.492   13.457   35.726    0.610    242.225   127.211
  245   13.490   13.455   35.726    0.611    243.217   126.626
  246   13.486   13.451   35.725    0.612    244.209   126.088
  247   13.476   13.441   35.724    0.614    245.201   125.915
  248   13.471   13.435   35.723    0.615    246.193   126.157
  249   13.455   13.420   35.720    0.616    247.185   126.587
  250   13.430   13.395   35.715    0.617    248.177   126.737
  251   13.407   13.372   35.711    0.619    249.169   126.457
  252   13.363   13.327   35.704    0.620    250.162   125.952
  253   13.318   13.283   35.697    0.621    251.154   125.417
  254   13.255   13.219   35.687    0.622    252.146   125.183
  255   13.224   13.188   35.682    0.624    253.138   125.088
  256   13.201   13.165   35.679    0.625    254.130   125.237
  257   13.190   13.154   35.678    0.626    255.122   125.560
  258   13.178   13.142   35.676    0.627    256.114   125.965
  259   13.168   13.132   35.674    0.629    257.106   126.225
  260   13.144   13.107   35.670    0.630    258.098   126.281
  261   13.120   13.084   35.666    0.631    259.090   126.232
  262   13.110   13.073   35.664    0.632    260.082   126.197
  263   13.085   13.048   35.660    0.633    261.074   126.191
  264   13.048   13.012   35.654    0.635    262.066   126.217
  265   13.024   12.987   35.649    0.636    263.058   126.170
  266   12.990   12.953   35.643    0.637    264.050   126.127
  267   12.939   12.902   35.635    0.638    265.042   126.114
  268   12.885   12.848   35.627    0.640    266.035   126.121
  269   12.853   12.816   35.622    0.641    267.027   126.050
  270   12.839   12.802   35.620    0.642    268.019   125.883
  271   12.824   12.786   35.617    0.643    269.011   125.611
  272   12.809   12.772   35.615    0.644    270.003   125.309
  273   12.796   12.758   35.613    0.646    270.995   125.032
  274   12.768   12.730   35.608    0.647    271.987   124.867
  275   12.724   12.686   35.601    0.648    272.979   124.828
  276   12.664   12.626   35.592    0.649    273.971   124.796
  277   12.606   12.568   35.583    0.650    274.963   124.679
  278   12.573   12.535   35.578    0.652    275.954   124.502
  279   12.546   12.508   35.573    0.653    276.946   124.410
  280   12.509   12.471   35.567    0.654    277.938   124.375
  281   12.472   12.435   35.562    0.655    278.930   124.280
  282   12.455   12.417   35.559    0.656    279.922   124.075
  283   12.452   12.414   35.559    0.658    280.914   123.912
  284   12.446   12.408   35.558    0.659    281.906   123.928
  285   12.415   12.377   35.553    0.660    282.898   124.032
  286   12.389   12.350   35.549    0.661    283.890   123.979
  287   12.362   12.323   35.544    0.662    284.882   123.808
  288   12.317   12.279   35.538    0.663    285.874   123.662
  289   12.298   12.259   35.535    0.665    286.866   123.570
  290   12.259   12.220   35.529    0.666    287.858   123.489
  291   12.224   12.185   35.524    0.667    288.850   123.358
  292   12.191   12.152   35.519    0.668    289.842   123.230
  293   12.168   12.129   35.516    0.669    290.834   123.083
  294   12.145   12.106   35.513    0.670    291.825   122.972
  295   12.139   12.100   35.512    0.672    292.817   122.803
  296   12.125   12.086   35.510    0.673    293.809   122.708
  297   12.106   12.067   35.507    0.674    294.801   122.629
  298   12.087   12.048   35.503    0.675    295.793   122.537
  299   12.064   12.025   35.500    0.676    296.785   122.435
  300   12.054   12.015   35.498    0.677    297.777   122.325
  301   12.044   12.004   35.497    0.678    298.769   122.285
  302   12.031   11.991   35.495    0.680    299.761   122.265
  303   12.008   11.968   35.491    0.681    300.752   122.292
  304   11.996   11.956   35.489    0.682    301.744   122.186
  305   11.960   11.920   35.484    0.683    302.736   122.093
  306   11.939   11.899   35.481    0.684    303.728   121.959
  307   11.920   11.880   35.478    0.685    304.720   121.856
  308   11.910   11.869   35.476    0.687    305.712   121.762
  309   11.902   11.862   35.475    0.688    306.703   121.671
  310   11.894   11.854   35.474    0.689    307.695   121.645
  311   11.874   11.833   35.470    0.690    308.687   121.754
  312   11.860   11.819   35.468    0.691    309.679   121.761
  313   11.851   11.810   35.467    0.692    310.671   121.698
  314   11.827   11.786   35.462    0.693    311.663   121.633
  315   11.778   11.737   35.455    0.695    312.654   121.611
  316   11.750   11.709   35.451    0.696    313.646   121.419
  317   11.699   11.658   35.443    0.697    314.638   121.310
  318   11.642   11.601   35.435    0.698    315.630   121.165
  319   11.627   11.586   35.432    0.699    316.621   120.944
  320   11.621   11.579   35.431    0.700    317.613   120.724
  321   11.607   11.566   35.429    0.701    318.605   120.606
  322   11.590   11.548   35.427    0.702    319.597   120.565
  323   11.570   11.528   35.424    0.704    320.589   120.598
  324   11.552   11.510   35.421    0.705    321.580   120.600
  325   11.542   11.500   35.420    0.706    322.572   120.613
  326   11.526   11.484   35.417    0.707    323.564   120.598
  327   11.510   11.468   35.415    0.708    324.556   120.582
  328   11.498   11.456   35.413    0.709    325.547   120.483
  329   11.467   11.425   35.408    0.710    326.539   120.327
  330   11.455   11.413   35.407    0.711    327.531   120.110
  331   11.443   11.401   35.405    0.713    328.523   119.961
  332   11.412   11.369   35.400    0.714    329.514   119.930
  333   11.388   11.346   35.396    0.715    330.506   119.862
  334   11.358   11.316   35.392    0.716    331.498   119.818
  335   11.325   11.282   35.387    0.717    332.489   119.824
  336   11.300   11.258   35.384    0.718    333.481   119.669
  337   11.292   11.249   35.383    0.719    334.473   119.556
  338   11.289   11.246   35.383    0.720    335.464   119.462
  339   11.286   11.244   35.383    0.721    336.456   119.445
  340   11.284   11.241   35.383    0.723    337.448   119.443
  341   11.274   11.231   35.381    0.724    338.439   119.453
  342   11.249   11.205   35.376    0.725    339.431   119.459
  343   11.218   11.175   35.372    0.726    340.423   119.327
  344   11.204   11.160   35.370    0.727    341.414   119.106
  345   11.183   11.139   35.367    0.728    342.406   119.047
  346   11.168   11.124   35.364    0.729    343.398   118.929
  347   11.152   11.109   35.361    0.730    344.389   118.906
  348   11.082   11.038   35.352    0.731    345.381   118.890
  349   10.977   10.934   35.337    0.733    346.373   118.737
  350   10.887   10.844   35.324    0.734    347.364   118.583
  351   10.870   10.827   35.321    0.735    348.356   118.266
  352   10.868   10.824   35.321    0.736    349.348   117.957
  353   10.866   10.823   35.321    0.737    350.339   117.727
  354   10.865   10.822   35.321    0.738    351.331   117.659
  355   10.857   10.813   35.320    0.739    352.322   117.720
  356   10.850   10.806   35.319    0.740    353.314   117.715
  357   10.839   10.795   35.317    0.741    354.306   117.625
  358   10.823   10.779   35.315    0.742    355.297   117.433
  359   10.806   10.762   35.313    0.743    356.289   117.312
  360   10.797   10.752   35.311    0.744    357.280   117.338
  361   10.784   10.740   35.310    0.745    358.272   117.340
  362   10.771   10.726   35.308    0.747    359.264   117.336
  363   10.753   10.709   35.305    0.748    360.255   117.284
  364   10.740   10.695   35.303    0.749    361.247   117.333
  365   10.734   10.689   35.302    0.750    362.238   117.339
  366   10.727   10.682   35.301    0.751    363.230   117.378
  367   10.718   10.673   35.300    0.752    364.221   117.322
  368   10.709   10.664   35.299    0.753    365.213   117.217
  369   10.696   10.651   35.297    0.754    366.205   117.233
  370   10.684   10.639   35.295    0.755    367.196   117.166
  371   10.656   10.610   35.291    0.756    368.188   117.131
  372   10.639   10.594   35.289    0.757    369.179   117.098
  373   10.616   10.570   35.285    0.758    370.171   117.161
  374   10.585   10.540   35.280    0.759    371.162   117.152
  375   10.539   10.493   35.274    0.761    372.154   117.139
  376   10.518   10.473   35.271    0.762    373.145   117.037
  377   10.502   10.456   35.269    0.763    374.137   116.888
  378   10.470   10.425   35.264    0.764    375.128   116.763
  379   10.417   10.371   35.257    0.765    376.120   116.718
  380   10.330   10.284   35.246    0.766    377.111   116.536
  381   10.274   10.229   35.239    0.767    378.103   115.887
  382   10.231   10.185   35.233    0.768    379.094   115.089
  383   10.147   10.101   35.221    0.769    380.086   114.533
  384   10.093   10.047   35.214    0.770    381.077   114.191
  385   10.043   9.998   35.207    0.771    382.069   114.027
  386   10.004   9.958   35.202    0.772    383.060   113.934
  387   9.981   9.935   35.199    0.773    384.051   113.811
  388   9.964   9.919   35.197    0.774    385.043   113.592
  389   9.945   9.900   35.195    0.775    386.034   113.335
  390   9.936   9.890   35.194    0.776    387.026   113.201
  391   9.933   9.887   35.194    0.777    388.017   113.114
  392   9.929   9.883   35.194    0.778    389.009   113.025
  393   9.925   9.879   35.194    0.779    390.000   112.988
  394   9.919   9.873   35.193    0.780    390.992   112.878
  395   9.909   9.862   35.192    0.781    391.983   112.745
  396   9.895   9.849   35.190    0.782    392.974   112.706
  397   9.886   9.840   35.189    0.783    393.966   112.594
  398   9.879   9.832   35.187    0.784    394.957   112.431
