 station cast   lat    long    jday   mo/da/yr   gmt
  66      1   26.060 -96.082   275    10/02/21  2329 
 
    File created by Jay Hooper - 13-Dec-2021   
            GOMECC4 Cruise Sep 2021 
             NOAA Ship Ronald H Brown
                  
 
     Primary (T,S,O) sensors - Calibrated CTD data   

   pr       te       th       sa       ht       ga       ox
dbars    deg c    deg c      psu  dyn. cm    gamma  umol/kg
    1   29.317   29.317   35.348    0.006    0.993   195.636
    2   29.317   29.316   35.348    0.011    1.987   195.662
    3   29.317   29.316   35.348    0.017    2.980   195.689
    4   29.317   29.316   35.347    0.022    3.974   195.716
    5   29.317   29.316   35.347    0.028    4.967   195.719
    6   29.285   29.283   35.344    0.034    5.961   195.558
    7   29.278   29.276   35.343    0.039    6.954   195.520
    8   29.270   29.268   35.343    0.045    7.948   195.590
    9   29.249   29.246   35.342    0.050    8.941   195.753
   10   29.234   29.232   35.340    0.056    9.935   195.316
   11   29.235   29.232   35.342    0.062    10.928   194.912
   12   29.223   29.220   35.341    0.067    11.922   195.388
   13   29.209   29.205   35.341    0.073    12.915   195.520
   14   29.206   29.202   35.343    0.078    13.908   195.768
   15   29.194   29.190   35.347    0.084    14.902   195.669
   16   29.183   29.179   35.350    0.089    15.895   195.538
   17   29.179   29.175   35.352    0.095    16.889   195.741
   18   29.174   29.170   35.354    0.101    17.882   195.550
   19   29.187   29.182   35.363    0.106    18.876   195.849
   20   29.188   29.183   35.366    0.112    19.869   195.898
   21   29.199   29.194   35.374    0.117    20.862   195.939
   22   29.203   29.198   35.377    0.123    21.856   195.737
   23   29.197   29.191   35.377    0.128    22.849   195.607
   24   29.194   29.189   35.378    0.134    23.842   195.605
   25   29.197   29.191   35.385    0.139    24.836   196.008
   26   29.207   29.201   35.403    0.145    25.829   196.157
   27   29.215   29.208   35.414    0.150    26.823   195.846
   28   29.221   29.214   35.419    0.156    27.816   195.978
   29   29.240   29.233   35.445    0.162    28.809   195.827
   30   29.249   29.242   35.599    0.167    29.803   196.028
   31   29.209   29.202   35.752    0.172    30.796   196.994
   32   28.889   28.882   35.762    0.177    31.789   200.923
   33   28.667   28.659   35.826    0.182    32.783   208.869
   34   28.102   28.094   35.907    0.187    33.776   210.778
   35   27.810   27.801   35.942    0.192    34.769   214.332
   36   27.657   27.648   35.962    0.197    35.763   216.799
   37   27.487   27.479   35.968    0.201    36.756   216.643
   38   27.416   27.407   35.971    0.206    37.749   217.738
   39   27.051   27.042   35.970    0.210    38.743   218.846
   40   26.582   26.573   35.961    0.215    39.736   224.252
   41   26.386   26.376   35.993    0.219    40.729   228.521
   42   26.213   26.204   36.012    0.223    41.722   226.724
   43   25.592   25.583   36.079    0.227    42.716   226.409
   44   25.235   25.225   36.131    0.231    43.709   226.381
   45   25.088   25.078   36.146    0.235    44.702   225.237
   46   24.929   24.919   36.158    0.238    45.696   224.466
   47   24.721   24.711   36.171    0.242    46.689   224.868
   48   24.514   24.504   36.178    0.245    47.682   223.748
   49   24.213   24.203   36.204    0.249    48.675   223.327
   50   23.965   23.954   36.208    0.252    49.669   219.830
   51   23.791   23.781   36.219    0.256    50.662   220.185
   52   23.564   23.553   36.236    0.259    51.655   215.410
   53   23.358   23.347   36.213    0.262    52.648   213.069
   54   23.225   23.214   36.218    0.265    53.642   217.084
   55   23.049   23.037   36.227    0.268    54.635   215.734
   56   22.891   22.879   36.228    0.271    55.628   212.754
   57   22.836   22.825   36.229    0.274    56.621   211.809
   58   22.775   22.764   36.231    0.277    57.615   212.134
   59   22.643   22.631   36.225    0.280    58.608   211.704
   60   22.532   22.520   36.225    0.283    59.601   211.876
   61   22.454   22.442   36.248    0.286    60.594   209.857
   62   22.312   22.299   36.250    0.289    61.587   203.369
   63   22.098   22.085   36.252    0.292    62.581   200.745
   64   21.972   21.960   36.253    0.295    63.574   198.874
   65   21.916   21.903   36.253    0.298    64.567   197.448
   66   21.840   21.827   36.263    0.300    65.560   197.009
   67   21.753   21.740   36.266    0.303    66.553   191.656
   68   21.689   21.675   36.265    0.306    67.546   190.301
   69   21.564   21.550   36.262    0.309    68.540   190.869
   70   21.489   21.475   36.263    0.311    69.533   190.524
   71   21.434   21.420   36.266    0.314    70.526   188.946
   72   21.357   21.343   36.264    0.317    71.519   187.469
   73   21.267   21.253   36.268    0.319    72.512   187.316
   74   21.196   21.182   36.273    0.322    73.505   184.335
   75   21.152   21.137   36.280    0.324    74.498   180.981
   76   21.064   21.050   36.279    0.327    75.492   179.359
   77   20.958   20.943   36.285    0.329    76.485   178.492
   78   20.875   20.860   36.295    0.332    77.478   175.639
   79   20.870   20.855   36.298    0.334    78.471   170.548
   80   20.874   20.859   36.302    0.337    79.464   167.703
   81   20.875   20.860   36.303    0.339    80.457   166.478
   82   20.876   20.861   36.304    0.342    81.450   166.372
   83   20.879   20.863   36.309    0.344    82.443   166.689
   84   20.868   20.852   36.321    0.347    83.436   165.640
   85   20.792   20.775   36.343    0.349    84.430   161.765
   86   20.716   20.700   36.347    0.352    85.423   153.547
   87   20.675   20.658   36.351    0.354    86.416   145.991
   88   20.652   20.635   36.354    0.356    87.409   143.873
   89   20.577   20.560   36.360    0.359    88.402   143.886
   90   20.491   20.474   36.376    0.361    89.395   141.951
   91   20.477   20.460   36.382    0.363    90.388   138.620
   92   20.463   20.446   36.396    0.366    91.381   138.142
   93   20.421   20.403   36.401    0.368    92.374   137.343
   94   20.391   20.373   36.401    0.370    93.367   135.137
   95   20.382   20.364   36.400    0.373    94.360   133.787
   96   20.377   20.359   36.400    0.375    95.353   134.240
   97   20.364   20.345   36.401    0.377    96.346   134.815
   98   20.375   20.356   36.419    0.379    97.339   134.695
   99   20.345   20.326   36.429    0.382    98.332   133.264
  100   20.213   20.194   36.422    0.384    99.325   131.638
  101   20.126   20.107   36.415    0.386    100.318   132.293
  102   20.005   19.986   36.423    0.388    101.311   134.228
  103   19.935   19.916   36.424    0.390    102.304   134.231
  104   19.788   19.769   36.414    0.393    103.297   132.664
  105   19.744   19.725   36.429    0.395    104.290   131.911
  106   19.718   19.698   36.435    0.397    105.283   130.355
  107   19.682   19.663   36.438    0.399    106.276   127.753
  108   19.655   19.636   36.442    0.401    107.269   126.102
  109   19.606   19.586   36.448    0.403    108.262   125.514
  110   19.544   19.524   36.446    0.405    109.255   124.205
  111   19.510   19.489   36.440    0.407    110.248   123.030
  112   19.449   19.429   36.438    0.409    111.241   123.855
  113   19.328   19.308   36.438    0.411    112.234   124.845
  114   19.296   19.276   36.438    0.413    113.227   124.096
  115   19.286   19.265   36.439    0.415    114.220   122.676
  116   19.265   19.244   36.440    0.417    115.213   121.891
  117   19.193   19.172   36.442    0.419    116.206   121.386
  118   19.166   19.145   36.441    0.421    117.199   120.409
  119   19.138   19.117   36.442    0.423    118.192   119.532
  120   19.081   19.060   36.444    0.425    119.185   119.025
  121   18.961   18.939   36.439    0.427    120.177   118.582
  122   18.846   18.824   36.431    0.429    121.170   116.897
  123   18.776   18.754   36.428    0.431    122.163   114.376
  124   18.740   18.718   36.424    0.433    123.156   112.358
  125   18.709   18.686   36.420    0.434    124.149   111.982
  126   18.677   18.654   36.417    0.436    125.142   112.232
  127   18.636   18.613   36.415    0.438    126.135   112.464
  128   18.597   18.574   36.411    0.440    127.128   112.420
  129   18.550   18.527   36.405    0.442    128.121   112.217
  130   18.517   18.494   36.401    0.444    129.113   112.173
  131   18.426   18.403   36.396    0.445    130.106   112.374
  132   18.332   18.309   36.389    0.447    131.099   112.473
  133   18.217   18.194   36.379    0.449    132.092   112.411
  134   18.097   18.073   36.366    0.451    133.085   112.496
  135   18.024   18.001   36.360    0.453    134.078   112.475
  136   17.965   17.942   36.353    0.454    135.071   112.468
  137   17.887   17.863   36.345    0.456    136.063   112.579
  138   17.784   17.760   36.334    0.458    137.056   112.540
  139   17.654   17.630   36.322    0.459    138.049   112.438
  140   17.589   17.565   36.315    0.461    139.042   112.565
  141   17.523   17.499   36.309    0.463    140.035   113.014
  142   17.463   17.439   36.303    0.464    141.028   113.139
  143   17.426   17.402   36.299    0.466    142.020   113.181
  144   17.373   17.349   36.293    0.468    143.013   113.357
  145   17.320   17.295   36.287    0.469    144.006   113.678
  146   17.198   17.174   36.273    0.471    144.999   113.841
  147   17.151   17.127   36.267    0.473    145.992   113.781
  148   17.134   17.109   36.266    0.474    146.984   113.752
  149   17.096   17.071   36.260    0.476    147.977   113.943
  150   17.000   16.975   36.246    0.477    148.970   114.146
  151   16.933   16.908   36.237    0.479    149.963   114.027
  152   16.884   16.858   36.231    0.481    150.955   113.818
  153   16.854   16.829   36.226    0.482    151.948   113.720
  154   16.734   16.709   36.212    0.484    152.941   113.831
  155   16.640   16.614   36.199    0.485    153.934   113.917
  156   16.563   16.537   36.191    0.487    154.926   114.126
  157   16.529   16.504   36.187    0.488    155.919   114.765
  158   16.480   16.454   36.181    0.490    156.912   115.573
  159   16.429   16.403   36.174    0.491    157.905   115.857
  160   16.377   16.351   36.167    0.493    158.897   115.728
  161   16.318   16.292   36.160    0.495    159.890   115.639
  162   16.275   16.249   36.155    0.496    160.883   115.687
  163   16.202   16.175   36.145    0.498    161.876   115.759
  164   16.129   16.102   36.134    0.499    162.868   115.925
  165   16.081   16.054   36.126    0.500    163.861   116.137
  166   16.032   16.005   36.119    0.502    164.854   116.443
  167   15.983   15.956   36.113    0.503    165.846   116.458
  168   15.906   15.879   36.101    0.505    166.839   116.427
  169   15.867   15.840   36.095    0.506    167.832   116.326
  170   15.778   15.751   36.081    0.508    168.824   116.227
  171   15.706   15.679   36.072    0.509    169.817   115.870
  172   15.680   15.653   36.068    0.511    170.810   115.776
  173   15.664   15.637   36.065    0.512    171.802   115.821
  174   15.634   15.607   36.061    0.514    172.795   115.862
  175   15.609   15.581   36.057    0.515    173.788   115.818
  176   15.550   15.522   36.047    0.516    174.780   115.903
  177   15.433   15.405   36.031    0.518    175.773   115.906
  178   15.411   15.383   36.028    0.519    176.766   115.793
  179   15.366   15.338   36.020    0.521    177.758   115.739
  180   15.352   15.324   36.017    0.522    178.751   115.417
  181   15.313   15.285   36.010    0.523    179.744   115.150
  182   15.242   15.214   36.000    0.525    180.736   114.996
  183   15.142   15.114   35.987    0.526    181.729   114.747
  184   15.086   15.058   35.978    0.528    182.721   114.237
  185   15.057   15.029   35.974    0.529    183.714   114.023
  186   15.024   14.995   35.969    0.530    184.707   114.135
  187   15.005   14.977   35.966    0.532    185.699   114.320
  188   14.972   14.944   35.961    0.533    186.692   114.518
  189   14.944   14.915   35.956    0.535    187.684   114.695
  190   14.905   14.876   35.951    0.536    188.677   114.887
  191   14.883   14.854   35.947    0.537    189.669   115.052
  192   14.874   14.845   35.946    0.539    190.662   115.306
  193   14.836   14.806   35.940    0.540    191.655   115.464
  194   14.797   14.768   35.934    0.541    192.647   115.429
  195   14.746   14.716   35.925    0.543    193.640   115.407
  196   14.684   14.655   35.915    0.544    194.632   115.545
  197   14.608   14.579   35.905    0.545    195.625   115.707
  198   14.591   14.561   35.902    0.547    196.617   115.812
  199   14.581   14.551   35.900    0.548    197.610   116.103
  200   14.571   14.541   35.899    0.549    198.602   116.442
  201   14.540   14.510   35.893    0.551    199.595   116.908
  202   14.491   14.461   35.886    0.552    200.588   117.114
  203   14.459   14.429   35.881    0.553    201.580   117.108
  204   14.408   14.378   35.874    0.555    202.573   116.988
  205   14.367   14.337   35.867    0.556    203.565   116.801
  206   14.333   14.302   35.862    0.557    204.558   116.663
  207   14.309   14.278   35.858    0.559    205.550   116.527
  208   14.283   14.252   35.853    0.560    206.543   116.428
  209   14.217   14.186   35.842    0.561    207.535   116.436
  210   14.172   14.141   35.835    0.563    208.528   116.336
  211   14.129   14.098   35.828    0.564    209.520   116.194
  212   14.113   14.082   35.826    0.565    210.513   115.986
  213   14.095   14.064   35.823    0.566    211.505   115.837
  214   14.056   14.025   35.817    0.568    212.497   115.860
  215   14.032   14.001   35.814    0.569    213.490   115.815
  216   14.020   13.989   35.812    0.570    214.482   115.710
  217   14.009   13.978   35.810    0.572    215.475   115.592
  218   13.997   13.966   35.808    0.573    216.467   115.533
  219   13.986   13.954   35.807    0.574    217.460   115.549
  220   13.959   13.927   35.801    0.575    218.452   115.530
  221   13.862   13.830   35.786    0.577    219.445   115.632
  222   13.807   13.775   35.779    0.578    220.437   115.424
  223   13.792   13.760   35.776    0.579    221.429   115.031
  224   13.772   13.740   35.773    0.581    222.422   114.603
  225   13.733   13.700   35.767    0.582    223.414   114.360
  226   13.692   13.660   35.760    0.583    224.407   114.241
  227   13.661   13.628   35.756    0.584    225.399   114.019
  228   13.661   13.628   35.755    0.586    226.392   113.741
  229   13.649   13.616   35.753    0.587    227.384   113.510
  230   13.620   13.588   35.748    0.588    228.376   113.340
  231   13.582   13.549   35.743    0.589    229.369   113.131
  232   13.556   13.523   35.739    0.591    230.361   112.893
  233   13.542   13.508   35.737    0.592    231.353   112.746
  234   13.526   13.493   35.734    0.593    232.346   112.752
  235   13.483   13.450   35.727    0.594    233.338   112.841
  236   13.441   13.408   35.721    0.596    234.331   112.922
  237   13.432   13.398   35.720    0.597    235.323   112.982
  238   13.425   13.392   35.718    0.598    236.315   113.185
  239   13.387   13.353   35.712    0.599    237.308   113.433
  240   13.365   13.332   35.709    0.601    238.300   113.558
  241   13.352   13.318   35.707    0.602    239.292   113.691
  242   13.303   13.269   35.699    0.603    240.285   113.823
  243   13.257   13.223   35.692    0.604    241.277   113.930
  244   13.212   13.178   35.685    0.605    242.269   113.881
  245   13.195   13.160   35.682    0.607    243.262   113.755
  246   13.166   13.132   35.678    0.608    244.254   113.826
  247   13.129   13.095   35.672    0.609    245.246   113.854
  248   13.100   13.066   35.668    0.610    246.239   113.906
  249   13.086   13.051   35.666    0.612    247.231   113.781
  250   13.067   13.032   35.662    0.613    248.223   113.655
  251   13.027   12.993   35.656    0.614    249.215   113.681
  252   12.989   12.954   35.649    0.615    250.208   113.737
  253   12.919   12.884   35.639    0.616    251.200   113.878
  254   12.870   12.835   35.633    0.618    252.192   113.875
  255   12.838   12.803   35.627    0.619    253.185   113.821
  256   12.806   12.771   35.622    0.620    254.177   113.878
  257   12.788   12.752   35.620    0.621    255.169   113.934
  258   12.772   12.737   35.618    0.622    256.161   114.019
  259   12.762   12.727   35.616    0.624    257.154   114.059
  260   12.748   12.713   35.614    0.625    258.146   114.065
  261   12.714   12.678   35.608    0.626    259.138   114.052
  262   12.683   12.648   35.603    0.627    260.130   113.945
  263   12.662   12.626   35.600    0.628    261.123   113.814
  264   12.637   12.601   35.596    0.630    262.115   113.761
  265   12.619   12.583   35.593    0.631    263.107   113.706
  266   12.591   12.555   35.589    0.632    264.099   113.686
  267   12.555   12.519   35.584    0.633    265.091   113.670
  268   12.536   12.500   35.581    0.634    266.084   113.622
  269   12.503   12.467   35.576    0.635    267.076   113.670
  270   12.470   12.433   35.572    0.637    268.068   113.636
  271   12.453   12.417   35.569    0.638    269.060   113.515
  272   12.441   12.404   35.567    0.639    270.052   113.444
  273   12.430   12.393   35.565    0.640    271.045   113.467
  274   12.422   12.385   35.565    0.641    272.037   113.440
  275   12.416   12.379   35.563    0.643    273.029   113.477
  276   12.393   12.356   35.559    0.644    274.021   113.487
  277   12.368   12.331   35.555    0.645    275.013   113.458
  278   12.337   12.299   35.550    0.646    276.005   113.476
  279   12.276   12.239   35.541    0.647    276.998   113.459
  280   12.237   12.200   35.536    0.648    277.990   113.380
  281   12.222   12.184   35.533    0.649    278.982   113.361
  282   12.203   12.166   35.530    0.651    279.974   113.302
  283   12.199   12.161   35.530    0.652    280.966   113.259
  284   12.171   12.133   35.525    0.653    281.958   113.198
  285   12.141   12.104   35.521    0.654    282.950   113.150
  286   12.096   12.058   35.515    0.655    283.943   113.084
  287   12.064   12.026   35.510    0.656    284.935   113.038
  288   12.046   12.008   35.507    0.658    285.927   113.010
  289   12.035   11.996   35.505    0.659    286.919   113.027
  290   11.988   11.950   35.497    0.660    287.911   113.120
  291   11.943   11.905   35.490    0.661    288.903   113.070
  292   11.903   11.865   35.483    0.662    289.895   112.932
  293   11.882   11.843   35.480    0.663    290.887   112.769
  294   11.861   11.822   35.477    0.664    291.879   112.704
  295   11.846   11.808   35.475    0.666    292.871   112.744
  296   11.834   11.795   35.474    0.667    293.864   112.772
  297   11.812   11.773   35.470    0.668    294.856   112.849
  298   11.757   11.719   35.463    0.669    295.848   112.857
  299   11.738   11.699   35.460    0.670    296.840   112.807
  300   11.731   11.692   35.459    0.671    297.832   112.764
  301   11.718   11.679   35.456    0.672    298.824   112.750
  302   11.681   11.642   35.451    0.673    299.816   112.770
  303   11.642   11.603   35.445    0.675    300.808   112.712
  304   11.611   11.571   35.440    0.676    301.800   112.662
  305   11.580   11.541   35.435    0.677    302.792   112.706
  306   11.554   11.514   35.431    0.678    303.784   112.783
  307   11.531   11.492   35.427    0.679    304.776   112.861
  308   11.495   11.456   35.423    0.680    305.768   112.887
  309   11.442   11.403   35.415    0.681    306.760   112.897
  310   11.417   11.377   35.411    0.682    307.752   112.806
  311   11.387   11.348   35.407    0.683    308.744   112.790
  312   11.362   11.322   35.403    0.685    309.736   112.807
  313   11.338   11.299   35.399    0.686    310.728   112.850
  314   11.294   11.254   35.393    0.687    311.720   112.861
  315   11.256   11.216   35.388    0.688    312.712   112.855
  316   11.239   11.199   35.386    0.689    313.704   112.800
  317   11.217   11.177   35.383    0.690    314.696   112.742
  318   11.195   11.155   35.380    0.691    315.688   112.747
  319   11.178   11.138   35.377    0.692    316.680   112.681
  320   11.162   11.122   35.375    0.693    317.672   112.703
  321   11.132   11.092   35.370    0.694    318.664   112.744
  322   11.092   11.052   35.364    0.695    319.656   112.772
  323   11.051   11.011   35.358    0.696    320.648   112.777
  324   11.031   10.990   35.355    0.698    321.640   112.758
  325   11.022   10.981   35.353    0.699    322.632   112.752
  326   11.008   10.968   35.351    0.700    323.624   112.724
  327   10.941   10.900   35.343    0.701    324.615   112.794
  328   10.918   10.877   35.339    0.702    325.607   112.708
  329   10.909   10.869   35.338    0.703    326.599   112.563
  330   10.900   10.860   35.337    0.704    327.591   112.570
  331   10.880   10.839   35.334    0.705    328.583   112.660
  332   10.856   10.815   35.331    0.706    329.575   112.725
  333   10.824   10.783   35.325    0.707    330.567   112.745
  334   10.776   10.735   35.320    0.708    331.559   112.699
  335   10.748   10.706   35.316    0.709    332.551   112.605
  336   10.729   10.688   35.313    0.710    333.543   112.556
  337   10.706   10.665   35.309    0.711    334.534   112.635
  338   10.677   10.636   35.305    0.713    335.526   112.660
  339   10.670   10.629   35.304    0.714    336.518   112.653
  340   10.666   10.625   35.304    0.715    337.510   112.607
  341   10.660   10.619   35.303    0.716    338.502   112.624
  342   10.625   10.583   35.297    0.717    339.494   112.732
  343   10.569   10.528   35.290    0.718    340.486   112.793
  344   10.545   10.503   35.287    0.719    341.478   112.815
  345   10.533   10.492   35.285    0.720    342.469   112.815
  346   10.530   10.488   35.285    0.721    343.461   112.866
  347   10.526   10.484   35.284    0.722    344.453   112.877
  348   10.526   10.484   35.284    0.723    345.445   112.857
  349   10.524   10.481   35.284    0.724    346.437   112.801
  350   10.510   10.468   35.282    0.725    347.428   112.777
  351   10.481   10.438   35.278    0.726    348.420   112.785
  352   10.460   10.418   35.276    0.727    349.412   112.717
  353   10.456   10.413   35.275    0.728    350.404   112.634
  354   10.452   10.409   35.275    0.729    351.396   112.540
  355   10.442   10.399   35.273    0.730    352.387   112.465
  356   10.424   10.381   35.271    0.731    353.379   112.375
  357   10.413   10.370   35.270    0.732    354.371   112.214
  358   10.399   10.356   35.268    0.733    355.363   112.103
  359   10.374   10.331   35.265    0.735    356.355   111.993
  360   10.359   10.315   35.263    0.736    357.346   111.863
  361   10.341   10.298   35.261    0.737    358.338   111.780
  362   10.328   10.285   35.259    0.738    359.330   111.566
  363   10.320   10.277   35.258    0.739    360.322   111.238
  364   10.308   10.265   35.256    0.740    361.313   110.934
  365   10.267   10.224   35.251    0.741    362.305   110.650
  366   10.242   10.198   35.249    0.742    363.297   110.512
  367   10.227   10.183   35.246    0.743    364.289   110.490
  368   10.210   10.166   35.244    0.744    365.280   110.647
  369   10.191   10.147   35.241    0.745    366.272   110.826
  370   10.180   10.137   35.240    0.746    367.264   111.013
  371   10.178   10.134   35.239    0.747    368.256   111.191
  372   10.170   10.126   35.238    0.748    369.247   111.418
  373   10.168   10.124   35.238    0.749    370.239   111.562
  374   10.164   10.120   35.237    0.750    371.231   111.591
  375   10.154   10.109   35.236    0.751    372.222   111.583
  376   10.141   10.097   35.233    0.752    373.214   111.613
  377   10.126   10.082   35.232    0.753    374.206   111.667
  378   10.121   10.076   35.231    0.754    375.197   111.829
  379   10.113   10.068   35.230    0.755    376.189   112.020
  380   10.102   10.057   35.228    0.756    377.181   112.176
  381   10.086   10.041   35.226    0.757    378.172   112.266
  382   10.066   10.020   35.223    0.758    379.164   112.306
  383   10.042   9.997   35.220    0.759    380.156   112.351
  384   10.017   9.972   35.217    0.760    381.147   112.272
  385   10.000   9.954   35.215    0.761    382.139   112.223
  386   9.992   9.947   35.214    0.762    383.131   112.248
  387   9.981   9.935   35.212    0.763    384.122   112.276
  388   9.980   9.935   35.212    0.764    385.114   112.250
  389   9.979   9.934   35.212    0.765    386.106   112.193
  390   9.979   9.934   35.212    0.766    387.097   112.173
  391   9.971   9.925   35.211    0.767    388.089   112.232
  392   9.962   9.916   35.209    0.768    389.081   112.264
  393   9.943   9.897   35.207    0.769    390.072   112.307
  394   9.912   9.866   35.203    0.770    391.064   112.315
  395   9.895   9.849   35.201    0.771    392.055   112.320
  396   9.887   9.840   35.200    0.772    393.047   112.237
  397   9.864   9.818   35.197    0.773    394.039   112.294
  398   9.842   9.795   35.195    0.774    395.030   112.340
  399   9.830   9.783   35.193    0.775    396.022   112.382
  400   9.809   9.762   35.191    0.776    397.013   112.418
  401   9.794   9.747   35.189    0.777    398.005   112.466
  402   9.776   9.729   35.187    0.778    398.996   112.534
  403   9.762   9.715   35.185    0.779    399.988   112.593
  404   9.744   9.697   35.182    0.780    400.980   112.641
  405   9.714   9.667   35.178    0.781    401.971   112.691
  406   9.662   9.615   35.173    0.782    402.963   112.731
  407   9.649   9.602   35.171    0.783    403.954   112.720
  408   9.624   9.577   35.167    0.784    404.946   112.820
  409   9.600   9.553   35.164    0.785    405.937   112.887
  410   9.557   9.510   35.157    0.786    406.929   112.941
  411   9.524   9.477   35.153    0.787    407.920   112.958
  412   9.505   9.458   35.150    0.788    408.912   112.920
  413   9.462   9.415   35.145    0.789    409.903   112.968
  414   9.426   9.379   35.141    0.790    410.895   113.017
  415   9.395   9.348   35.137    0.791    411.886   113.091
  416   9.377   9.330   35.134    0.792    412.878   113.156
  417   9.357   9.310   35.132    0.793    413.869   113.294
  418   9.337   9.289   35.130    0.794    414.861   113.390
  419   9.324   9.277   35.128    0.795    415.852   113.439
  420   9.315   9.268   35.127    0.796    416.844   113.388
  421   9.306   9.258   35.126    0.797    417.835   113.455
  422   9.294   9.247   35.125    0.798    418.827   113.460
  423   9.287   9.239   35.124    0.799    419.818   113.487
  424   9.276   9.229   35.122    0.800    420.810   113.504
  425   9.267   9.219   35.121    0.801    421.801   113.493
  426   9.240   9.192   35.118    0.802    422.793   113.510
  427   9.204   9.157   35.114    0.803    423.784   113.552
  428   9.192   9.144   35.112    0.804    424.776   113.539
  429   9.182   9.134   35.111    0.805    425.767   113.477
  430   9.166   9.118   35.109    0.806    426.758   113.510
  431   9.128   9.080   35.104    0.807    427.750   113.525
  432   9.089   9.041   35.100    0.808    428.741   113.551
  433   9.071   9.023   35.097    0.809    429.733   113.568
  434   9.066   9.018   35.097    0.810    430.724   113.639
  435   9.062   9.014   35.096    0.811    431.716   113.695
  436   9.056   9.008   35.096    0.812    432.707   113.857
  437   9.050   9.002   35.095    0.813    433.698   113.891
  438   9.042   8.993   35.094    0.814    434.690   113.948
  439   9.029   8.980   35.092    0.815    435.681   113.886
  440   9.017   8.969   35.091    0.816    436.673   113.925
  441   9.005   8.956   35.089    0.817    437.664   113.929
  442   8.971   8.922   35.085    0.817    438.655   114.031
  443   8.947   8.899   35.082    0.818    439.647   114.054
  444   8.916   8.867   35.078    0.819    440.638   114.227
  445   8.895   8.846   35.076    0.820    441.629   114.359
  446   8.890   8.841   35.075    0.821    442.621   114.492
  447   8.887   8.838   35.075    0.822    443.612   114.638
  448   8.883   8.834   35.074    0.823    444.603   114.720
  449   8.880   8.830   35.074    0.824    445.595   114.776
  450   8.876   8.827   35.073    0.825    446.586   114.780
  451   8.875   8.825   35.073    0.826    447.577   114.795
  452   8.858   8.808   35.071    0.827    448.569   114.795
  453   8.830   8.781   35.068    0.828    449.560   114.800
  454   8.812   8.762   35.066    0.829    450.551   114.786
  455   8.802   8.753   35.065    0.830    451.543   114.796
  456   8.780   8.731   35.062    0.831    452.534   114.940
  457   8.762   8.712   35.060    0.832    453.525   115.051
  458   8.747   8.697   35.059    0.833    454.517   115.204
  459   8.725   8.675   35.056    0.834    455.508   115.314
  460   8.715   8.665   35.055    0.835    456.499   115.383
  461   8.703   8.654   35.053    0.835    457.491   115.489
  462   8.698   8.648   35.053    0.836    458.482   115.534
  463   8.694   8.644   35.052    0.837    459.473   115.608
  464   8.690   8.640   35.052    0.838    460.464   115.610
  465   8.681   8.631   35.051    0.839    461.456   115.642
  466   8.668   8.618   35.050    0.840    462.447   115.676
  467   8.651   8.601   35.048    0.841    463.438   115.670
  468   8.623   8.572   35.044    0.842    464.429   115.725
  469   8.589   8.539   35.041    0.843    465.421   115.784
  470   8.569   8.519   35.039    0.844    466.412   115.915
  471   8.559   8.508   35.038    0.845    467.403   116.162
  472   8.544   8.493   35.036    0.846    468.394   116.298
  473   8.513   8.462   35.033    0.847    469.386   116.473
  474   8.492   8.442   35.031    0.848    470.377   116.441
  475   8.471   8.420   35.029    0.849    471.368   116.480
  476   8.453   8.403   35.027    0.849    472.359   116.567
  477   8.433   8.382   35.025    0.850    473.351   116.735
  478   8.419   8.369   35.024    0.851    474.342   116.821
  479   8.404   8.353   35.022    0.852    475.333   116.897
  480   8.391   8.340   35.021    0.853    476.324   116.930
  481   8.383   8.332   35.020    0.854    477.315   116.993
  482   8.380   8.329   35.020    0.855    478.307   117.047
  483   8.376   8.325   35.020    0.856    479.298   117.110
  484   8.372   8.321   35.019    0.857    480.289   117.200
  485   8.370   8.319   35.019    0.858    481.280   117.194
  486   8.364   8.312   35.019    0.859    482.271   117.191
  487   8.354   8.303   35.018    0.860    483.262   117.229
  488   8.350   8.299   35.017    0.860    484.254   117.179
  489   8.340   8.288   35.016    0.861    485.245   117.203
  490   8.337   8.285   35.016    0.862    486.236   117.266
  491   8.334   8.282   35.016    0.863    487.227   117.321
  492   8.306   8.254   35.013    0.864    488.218   117.439
  493   8.280   8.228   35.010    0.865    489.209   117.422
  494   8.268   8.216   35.009    0.866    490.200   117.438
  495   8.264   8.211   35.008    0.867    491.192   117.483
  496   8.263   8.211   35.009    0.868    492.183   117.582
  497   8.264   8.211   35.009    0.869    493.174   117.739
  498   8.264   8.211   35.009    0.870    494.165   117.810
  499   8.260   8.207   35.008    0.871    495.156   117.832
  500   8.252   8.199   35.008    0.871    496.147   117.823
  501   8.251   8.198   35.007    0.872    497.138   117.819
  502   8.249   8.197   35.007    0.873    498.129   117.799
  503   8.243   8.190   35.007    0.874    499.120   117.842
  504   8.239   8.186   35.006    0.875    500.111   117.862
  505   8.231   8.178   35.006    0.876    501.103   117.828
  506   8.218   8.165   35.005    0.877    502.094   117.808
  507   8.204   8.151   35.003    0.878    503.085   117.839
  508   8.195   8.142   35.002    0.879    504.076   117.885
  509   8.196   8.143   35.002    0.880    505.067   117.931
  510   8.188   8.135   35.002    0.881    506.058   118.001
  511   8.173   8.119   35.000    0.881    507.049   118.059
  512   8.172   8.119   35.000    0.882    508.040   118.104
  513   8.170   8.116   35.000    0.883    509.031   118.137
  514   8.168   8.114   35.000    0.884    510.022   118.197
  515   8.165   8.111   35.000    0.885    511.013   118.229
  516   8.163   8.109   35.000    0.886    512.004   118.274
  517   8.132   8.078   34.996    0.887    512.995   118.301
  518   8.114   8.060   34.995    0.888    513.986   118.298
  519   8.112   8.058   34.994    0.889    514.977   118.330
  520   8.108   8.054   34.994    0.890    515.968   118.412
  521   8.097   8.043   34.993    0.890    516.959   118.506
  522   8.090   8.036   34.992    0.891    517.950   118.613
  523   8.084   8.030   34.992    0.892    518.941   118.715
  524   8.079   8.025   34.991    0.893    519.932   118.797
  525   8.064   8.010   34.990    0.894    520.923   118.859
  526   8.049   7.994   34.988    0.895    521.914   118.904
  527   8.038   7.983   34.987    0.896    522.905   118.923
  528   8.012   7.957   34.984    0.897    523.896   119.028
  529   7.981   7.927   34.981    0.898    524.887   119.164
  530   7.946   7.891   34.978    0.899    525.878   119.316
  531   7.930   7.875   34.976    0.899    526.869   119.556
  532   7.921   7.866   34.976    0.900    527.860   119.807
  533   7.910   7.855   34.974    0.901    528.851   120.121
  534   7.884   7.829   34.972    0.902    529.842   120.357
  535   7.872   7.818   34.971    0.903    530.833   120.449
  536   7.855   7.800   34.969    0.904    531.824   120.523
  537   7.836   7.781   34.967    0.905    532.815   120.642
  538   7.811   7.756   34.965    0.906    533.806   120.766
  539   7.784   7.729   34.963    0.906    534.796   120.917
  540   7.766   7.711   34.961    0.907    535.787   121.128
  541   7.752   7.697   34.961    0.908    536.778   121.385
  542   7.746   7.691   34.960    0.909    537.769   121.582
  543   7.740   7.685   34.960    0.910    538.760   121.800
  544   7.732   7.677   34.959    0.911    539.751   121.941
  545   7.724   7.669   34.958    0.912    540.742   122.030
  546   7.720   7.664   34.958    0.913    541.733   122.096
  547   7.714   7.659   34.958    0.913    542.724   122.190
  548   7.710   7.654   34.958    0.914    543.715   122.174
  549   7.704   7.649   34.958    0.915    544.705   122.166
  550   7.691   7.635   34.957    0.916    545.696   122.177
  551   7.680   7.624   34.956    0.917    546.687   122.210
  552   7.677   7.621   34.956    0.918    547.678   122.251
  553   7.659   7.604   34.955    0.919    548.669   122.364
  554   7.650   7.595   34.954    0.920    549.660   122.435
  555   7.648   7.592   34.954    0.920    550.650   122.488
  556   7.645   7.589   34.954    0.921    551.641   122.583
  557   7.644   7.588   34.954    0.922    552.632   122.669
  558   7.642   7.586   34.954    0.923    553.623   122.765
  559   7.641   7.585   34.954    0.924    554.614   122.738
  560   7.638   7.582   34.954    0.925    555.605   122.708
  561   7.637   7.581   34.954    0.926    556.595   122.657
  562   7.614   7.557   34.953    0.927    557.586   122.682
  563   7.593   7.537   34.952    0.927    558.577   122.728
  564   7.589   7.532   34.951    0.928    559.568   122.762
  565   7.582   7.525   34.950    0.929    560.559   122.858
  566   7.553   7.496   34.948    0.930    561.549   122.994
  567   7.518   7.462   34.946    0.931    562.540   123.118
  568   7.498   7.441   34.945    0.932    563.531   123.278
  569   7.493   7.436   34.945    0.933    564.522   123.492
  570   7.489   7.432   34.945    0.933    565.513   123.777
  571   7.482   7.425   34.944    0.934    566.503   123.994
  572   7.476   7.419   34.944    0.935    567.494   124.080
  573   7.455   7.398   34.943    0.936    568.485   124.105
  574   7.450   7.393   34.943    0.937    569.476   124.070
  575   7.442   7.385   34.943    0.938    570.466   124.086
  576   7.435   7.378   34.943    0.938    571.457   124.199
  577   7.433   7.376   34.942    0.939    572.448   124.340
  578   7.434   7.376   34.943    0.940    573.439   124.374
  579   7.430   7.373   34.943    0.941    574.429   124.524
  580   7.428   7.370   34.943    0.942    575.420   124.475
  581   7.429   7.371   34.943    0.943    576.411   124.442
  582   7.430   7.372   34.943    0.944    577.401   124.446
  583   7.427   7.370   34.942    0.944    578.392   124.447
  584   7.425   7.367   34.942    0.945    579.383   124.499
  585   7.424   7.366   34.943    0.946    580.374   124.515
  586   7.415   7.357   34.942    0.947    581.364   124.546
  587   7.390   7.332   34.940    0.948    582.355   124.558
  588   7.359   7.301   34.938    0.949    583.346   124.598
  589   7.336   7.278   34.937    0.949    584.336   124.681
  590   7.314   7.256   34.935    0.950    585.327   124.903
  591   7.295   7.236   34.934    0.951    586.318   125.244
  592   7.288   7.230   34.934    0.952    587.308   125.580
  593   7.286   7.228   34.934    0.953    588.299   125.837
  594   7.273   7.215   34.933    0.954    589.290   126.065
  595   7.260   7.202   34.932    0.954    590.280   126.111
  596   7.240   7.181   34.931    0.955    591.271   126.201
  597   7.230   7.172   34.931    0.956    592.262   126.284
  598   7.227   7.168   34.931    0.957    593.252   126.511
  599   7.223   7.164   34.931    0.958    594.243   126.708
  600   7.217   7.158   34.930    0.959    595.233   126.799
  601   7.202   7.143   34.929    0.959    596.224   126.891
  602   7.183   7.124   34.929    0.960    597.215   126.982
  603   7.178   7.119   34.928    0.961    598.205   127.090
  604   7.168   7.109   34.928    0.962    599.196   127.249
  605   7.159   7.100   34.927    0.963    600.187   127.393
  606   7.153   7.094   34.927    0.964    601.177   127.489
  607   7.144   7.085   34.927    0.964    602.168   127.640
  608   7.117   7.058   34.925    0.965    603.158   127.781
  609   7.103   7.044   34.925    0.966    604.149   127.855
  610   7.097   7.038   34.925    0.967    605.140   128.005
  611   7.093   7.033   34.924    0.968    606.130   128.115
  612   7.090   7.030   34.924    0.969    607.121   128.337
  613   7.078   7.018   34.924    0.969    608.111   128.516
  614   7.072   7.013   34.924    0.970    609.102   128.588
  615   7.065   7.006   34.924    0.971    610.092   128.718
  616   7.059   6.999   34.923    0.972    611.083   128.806
  617   7.046   6.986   34.923    0.973    612.073   128.856
  618   7.037   6.977   34.923    0.973    613.064   128.959
  619   7.031   6.971   34.922    0.974    614.055   129.060
  620   7.014   6.954   34.922    0.975    615.045   129.140
  621   7.001   6.941   34.921    0.976    616.036   129.235
  622   6.995   6.935   34.921    0.977    617.026   129.300
  623   6.986   6.926   34.921    0.977    618.017   129.489
  624   6.962   6.902   34.920    0.978    619.007   129.723
  625   6.945   6.885   34.919    0.979    619.998   129.902
  626   6.943   6.882   34.919    0.980    620.988   130.104
  627   6.941   6.881   34.919    0.981    621.979   130.370
  628   6.941   6.880   34.919    0.981    622.969   130.565
  629   6.940   6.880   34.919    0.982    623.960   130.691
  630   6.940   6.879   34.920    0.983    624.950   130.710
  631   6.939   6.879   34.920    0.984    625.941   130.627
  632   6.939   6.878   34.920    0.985    626.931   130.619
  633   6.938   6.878   34.920    0.985    627.922   130.565
  634   6.938   6.877   34.920    0.986    628.912   130.579
  635   6.934   6.873   34.919    0.987    629.903   130.621
  636   6.919   6.858   34.918    0.988    630.893   130.684
  637   6.904   6.843   34.917    0.989    631.883   130.746
  638   6.887   6.826   34.916    0.989    632.874   130.830
  639   6.874   6.813   34.916    0.990    633.864   131.068
  640   6.863   6.802   34.915    0.991    634.855   131.315
  641   6.856   6.795   34.915    0.992    635.845   131.605
  642   6.847   6.786   34.914    0.993    636.836   131.818
  643   6.842   6.781   34.914    0.993    637.826   132.059
  644   6.837   6.775   34.914    0.994    638.816   132.206
  645   6.824   6.763   34.914    0.995    639.807   132.374
  646   6.813   6.752   34.913    0.996    640.797   132.432
  647   6.807   6.745   34.913    0.997    641.788   132.548
  648   6.800   6.739   34.913    0.997    642.778   132.659
  649   6.797   6.736   34.913    0.998    643.769   132.816
  650   6.796   6.735   34.913    0.999    644.759   132.966
  651   6.793   6.731   34.913    1.000    645.749   133.085
  652   6.784   6.722   34.913    1.001    646.740   133.145
  653   6.777   6.715   34.912    1.001    647.730   133.183
  654   6.768   6.706   34.912    1.002    648.720   133.303
  655   6.753   6.691   34.912    1.003    649.711   133.394
  656   6.745   6.683   34.912    1.004    650.701   133.453
  657   6.731   6.669   34.912    1.004    651.692   133.626
  658   6.728   6.665   34.912    1.005    652.682   133.758
  659   6.724   6.662   34.912    1.006    653.672   133.975
  660   6.717   6.654   34.912    1.007    654.663   134.127
  661   6.712   6.650   34.913    1.008    655.653   134.225
  662   6.706   6.644   34.913    1.008    656.643   134.309
  663   6.706   6.644   34.913    1.009    657.634   134.322
  664   6.707   6.644   34.913    1.010    658.624   134.324
  665   6.707   6.644   34.913    1.011    659.614   134.371
  666   6.712   6.649   34.913    1.011    660.605   134.374
  667   6.708   6.645   34.913    1.012    661.595   134.382
  668   6.705   6.642   34.913    1.013    662.585   134.360
  669   6.695   6.632   34.913    1.014    663.575   134.346
  670   6.680   6.617   34.913    1.015    664.566   134.322
  671   6.674   6.610   34.912    1.015    665.556   134.375
  672   6.668   6.605   34.912    1.016    666.546   134.533
  673   6.665   6.602   34.912    1.017    667.537   134.678
  674   6.661   6.598   34.912    1.018    668.527   134.859
  675   6.661   6.597   34.912    1.018    669.517   134.963
  676   6.658   6.594   34.912    1.019    670.507   135.125
  677   6.647   6.583   34.911    1.020    671.498   135.204
  678   6.636   6.572   34.911    1.021    672.488   135.195
  679   6.617   6.554   34.910    1.022    673.478   135.312
  680   6.608   6.544   34.910    1.022    674.468   135.456
  681   6.604   6.540   34.910    1.023    675.459   135.776
  682   6.600   6.536   34.910    1.024    676.449   136.034
  683   6.595   6.531   34.910    1.025    677.439   136.268
  684   6.593   6.529   34.910    1.025    678.429   136.400
  685   6.593   6.529   34.910    1.026    679.420   136.494
  686   6.592   6.528   34.910    1.027    680.410   136.536
  687   6.590   6.526   34.910    1.028    681.400   136.602
  688   6.582   6.517   34.910    1.028    682.390   136.610
  689   6.576   6.512   34.910    1.029    683.381   136.577
  690   6.569   6.504   34.909    1.030    684.371   136.572
  691   6.561   6.496   34.909    1.031    685.361   136.679
  692   6.542   6.477   34.909    1.032    686.351   136.834
  693   6.534   6.469   34.909    1.032    687.341   137.030
  694   6.519   6.455   34.908    1.033    688.331   137.231
  695   6.506   6.442   34.908    1.034    689.322   137.483
  696   6.496   6.431   34.908    1.035    690.312   137.699
  697   6.485   6.420   34.908    1.035    691.302   137.862
  698   6.480   6.415   34.908    1.036    692.292   138.109
  699   6.467   6.402   34.908    1.037    693.282   138.400
  700   6.446   6.382   34.907    1.038    694.272   138.644
  701   6.426   6.361   34.906    1.038    695.263   138.866
  702   6.416   6.351   34.906    1.039    696.253   139.091
  703   6.411   6.346   34.906    1.040    697.243   139.388
  704   6.408   6.343   34.906    1.041    698.233   139.717
  705   6.403   6.338   34.906    1.041    699.223   140.005
  706   6.390   6.325   34.906    1.042    700.213   140.194
  707   6.344   6.279   34.906    1.043    701.203   140.371
  708   6.334   6.269   34.906    1.044    702.194   140.496
  709   6.334   6.269   34.906    1.044    703.184   140.682
  710   6.334   6.269   34.906    1.045    704.174   141.062
  711   6.333   6.268   34.906    1.046    705.164   141.456
  712   6.333   6.267   34.906    1.046    706.154   141.691
  713   6.330   6.265   34.906    1.047    707.144   141.867
  714   6.322   6.256   34.906    1.048    708.134   141.871
  715   6.308   6.242   34.907    1.049    709.124   141.878
  716   6.298   6.232   34.907    1.049    710.114   141.871
  717   6.290   6.225   34.907    1.050    711.104   142.003
  718   6.283   6.217   34.907    1.051    712.094   142.175
  719   6.261   6.196   34.908    1.052    713.085   142.401
  720   6.256   6.190   34.908    1.052    714.075   142.486
  721   6.252   6.186   34.908    1.053    715.065   142.645
  722   6.247   6.181   34.908    1.054    716.055   142.830
  723   6.242   6.176   34.909    1.055    717.045   143.004
  724   6.241   6.175   34.909    1.055    718.035   143.165
  725   6.236   6.170   34.909    1.056    719.025   143.356
  726   6.228   6.161   34.909    1.057    720.015   143.411
  727   6.223   6.156   34.909    1.057    721.005   143.413
  728   6.217   6.151   34.909    1.058    721.995   143.408
  729   6.212   6.145   34.908    1.059    722.985   143.500
  730   6.210   6.143   34.908    1.060    723.975   143.600
  731   6.205   6.138   34.908    1.060    724.965   143.798
  732   6.199   6.132   34.908    1.061    725.955   144.036
  733   6.190   6.123   34.908    1.062    726.945   144.212
  734   6.184   6.117   34.908    1.062    727.935   144.292
  735   6.183   6.116   34.908    1.063    728.925   144.369
  736   6.182   6.115   34.908    1.064    729.915   144.471
  737   6.181   6.114   34.908    1.065    730.905   144.633
  738   6.179   6.112   34.908    1.065    731.895   144.690
  739   6.175   6.108   34.908    1.066    732.885   144.776
  740   6.171   6.103   34.908    1.067    733.875   144.814
  741   6.158   6.091   34.908    1.067    734.865   144.905
  742   6.140   6.072   34.908    1.068    735.855   144.979
  743   6.130   6.063   34.908    1.069    736.845   145.041
  744   6.127   6.059   34.908    1.070    737.835   145.249
  745   6.116   6.049   34.908    1.070    738.825   145.568
  746   6.114   6.047   34.908    1.071    739.815   145.822
  747   6.114   6.046   34.908    1.072    740.804   146.033
  748   6.111   6.043   34.908    1.072    741.794   146.135
  749   6.099   6.031   34.909    1.073    742.784   146.250
  750   6.096   6.028   34.909    1.074    743.774   146.310
  751   6.095   6.027   34.909    1.075    744.764   146.422
  752   6.094   6.026   34.909    1.075    745.754   146.515
  753   6.091   6.023   34.909    1.076    746.744   146.582
  754   6.089   6.021   34.909    1.077    747.734   146.617
  755   6.085   6.017   34.909    1.077    748.724   146.663
  756   6.080   6.011   34.910    1.078    749.714   146.764
  757   6.081   6.013   34.909    1.079    750.704   146.812
  758   6.079   6.010   34.909    1.080    751.693   146.891
  759   6.078   6.010   34.910    1.080    752.683   146.953
  760   6.078   6.009   34.910    1.081    753.673   146.997
  761   6.077   6.008   34.910    1.082    754.663   146.950
  762   6.076   6.007   34.910    1.082    755.653   146.928
  763   6.075   6.006   34.910    1.083    756.643   146.936
  764   6.063   5.994   34.910    1.084    757.633   146.997
  765   6.059   5.990   34.910    1.084    758.622   147.064
  766   6.057   5.988   34.910    1.085    759.612   147.120
  767   6.058   5.988   34.910    1.086    760.602   147.220
  768   6.056   5.987   34.910    1.087    761.592   147.331
  769   6.052   5.983   34.910    1.087    762.582   147.493
  770   6.050   5.981   34.910    1.088    763.572   147.500
  771   6.048   5.978   34.910    1.089    764.561   147.531
  772   6.047   5.978   34.910    1.089    765.551   147.515
  773   6.045   5.976   34.910    1.090    766.541   147.528
  774   6.045   5.975   34.910    1.091    767.531   147.561
  775   6.044   5.974   34.910    1.092    768.521   147.598
  776   6.037   5.967   34.911    1.092    769.511   147.684
  777   6.034   5.964   34.911    1.093    770.500   147.714
  778   6.032   5.962   34.911    1.094    771.490   147.847
  779   6.031   5.961   34.911    1.094    772.480   147.924
  780   6.031   5.960   34.911    1.095    773.470   147.977
  781   6.029   5.958   34.911    1.096    774.459   147.964
  782   6.027   5.956   34.911    1.096    775.449   147.963
  783   6.027   5.956   34.911    1.097    776.439   148.011
  784   6.028   5.957   34.911    1.098    777.429   148.036
  785   6.027   5.956   34.911    1.099    778.418   148.054
  786   6.027   5.956   34.911    1.099    779.408   148.048
  787   6.022   5.951   34.911    1.100    780.398   148.079
  788   6.020   5.948   34.911    1.101    781.388   148.107
  789   6.019   5.947   34.911    1.101    782.377   148.166
  790   6.018   5.947   34.911    1.102    783.367   148.252
  791   6.017   5.946   34.911    1.103    784.357   148.321
  792   6.016   5.944   34.911    1.103    785.347   148.383
  793   6.012   5.940   34.911    1.104    786.336   148.439
  794   5.995   5.923   34.911    1.105    787.326   148.422
  795   5.985   5.914   34.911    1.106    788.316   148.428
  796   5.972   5.900   34.911    1.106    789.305   148.602
  797   5.940   5.869   34.912    1.107    790.295   148.883
  798   5.933   5.861   34.912    1.108    791.285   149.100
  799   5.924   5.852   34.912    1.108    792.275   149.466
  800   5.920   5.849   34.911    1.109    793.264   149.821
  801   5.917   5.845   34.912    1.110    794.254   150.198
  802   5.913   5.842   34.912    1.110    795.244   150.470
  803   5.902   5.830   34.912    1.111    796.233   150.656
  804   5.895   5.823   34.912    1.112    797.223   150.759
  805   5.888   5.816   34.912    1.112    798.213   150.952
  806   5.886   5.814   34.912    1.113    799.202   151.154
  807   5.880   5.808   34.912    1.114    800.192   151.272
  808   5.865   5.793   34.913    1.114    801.182   151.403
  809   5.865   5.793   34.912    1.115    802.171   151.459
  810   5.865   5.792   34.913    1.116    803.161   151.615
  811   5.864   5.792   34.913    1.117    804.150   151.842
  812   5.865   5.792   34.913    1.117    805.140   152.000
  813   5.864   5.791   34.913    1.118    806.130   152.093
  814   5.855   5.783   34.913    1.119    807.119   152.112
  815   5.849   5.777   34.913    1.119    808.109   152.115
  816   5.844   5.771   34.913    1.120    809.099   152.197
  817   5.838   5.766   34.913    1.121    810.088   152.353
  818   5.832   5.759   34.913    1.121    811.078   152.487
  819   5.825   5.752   34.913    1.122    812.067   152.637
  820   5.810   5.737   34.914    1.123    813.057   152.760
  821   5.804   5.731   34.914    1.123    814.047   152.855
  822   5.796   5.723   34.914    1.124    815.036   153.018
  823   5.786   5.713   34.914    1.125    816.026   153.291
  824   5.782   5.709   34.914    1.125    817.015   153.547
  825   5.780   5.706   34.914    1.126    818.005   153.800
  826   5.779   5.706   34.914    1.127    818.994   154.019
  827   5.779   5.706   34.914    1.127    819.984   154.198
  828   5.779   5.705   34.914    1.128    820.973   154.296
  829   5.779   5.705   34.914    1.129    821.963   154.370
  830   5.778   5.704   34.914    1.129    822.953   154.399
  831   5.777   5.704   34.914    1.130    823.942   154.371
  832   5.776   5.703   34.914    1.131    824.932   154.359
  833   5.774   5.700   34.914    1.131    825.921   154.372
  834   5.774   5.700   34.914    1.132    826.911   154.458
  835   5.773   5.699   34.914    1.133    827.900   154.487
  836   5.773   5.699   34.914    1.133    828.890   154.562
  837   5.773   5.699   34.914    1.134    829.879   154.599
  838   5.773   5.698   34.914    1.135    830.869   154.613
  839   5.771   5.696   34.914    1.135    831.858   154.605
  840   5.769   5.694   34.914    1.136    832.848   154.596
  841   5.767   5.693   34.914    1.137    833.837   154.593
  842   5.767   5.693   34.914    1.137    834.827   154.602
  843   5.768   5.693   34.914    1.138    835.816   154.607
  844   5.766   5.691   34.914    1.139    836.806   154.714
  845   5.764   5.689   34.914    1.139    837.795   154.769
  846   5.764   5.689   34.914    1.140    838.785   154.802
  847   5.765   5.690   34.914    1.141    839.774   154.827
  848   5.764   5.689   34.914    1.141    840.764   154.845
  849   5.763   5.687   34.914    1.142    841.753   154.838
  850   5.761   5.686   34.914    1.143    842.742   154.867
  851   5.759   5.684   34.914    1.143    843.732   154.814
  852   5.759   5.683   34.914    1.144    844.721   154.800
  853   5.757   5.682   34.914    1.145    845.711   154.938
  854   5.758   5.682   34.914    1.146    846.700   155.018
  855   5.756   5.680   34.914    1.146    847.690   155.001
  856   5.751   5.675   34.914    1.147    848.679   155.170
  857   5.748   5.672   34.915    1.148    849.668   155.206
  858   5.748   5.672   34.914    1.148    850.658   155.311
  859   5.752   5.676   34.914    1.149    851.647   155.202
