 station cast   lat    long    jday   mo/da/yr   gmt
  55      1   27.648 -94.998   271    09/28/21  1615 
 
    File created by Jay Hooper - 13-Dec-2021   
            GOMECC4 Cruise Sep 2021 
             NOAA Ship Ronald H Brown
                  
 
     Primary (T,S,O) sensors - Calibrated CTD data   

   pr       te       th       sa       ht       ga       ox
dbars    deg c    deg c      psu  dyn. cm    gamma  umol/kg
    1   29.021   29.021   35.506    0.005    0.993   195.705
    2   29.021   29.021   35.505    0.011    1.987   195.732
    3   29.021   29.021   35.505    0.016    2.980   195.759
    4   29.021   29.020   35.505    0.022    3.973   195.785
    5   29.023   29.022   35.505    0.027    4.967   195.910
    6   29.024   29.023   35.505    0.032    5.960   195.821
    7   29.026   29.024   35.505    0.038    6.954   195.737
    8   29.028   29.026   35.505    0.043    7.947   195.703
    9   29.029   29.027   35.505    0.049    8.940   195.556
   10   29.022   29.020   35.505    0.054    9.934   195.512
   11   29.023   29.020   35.505    0.059    10.927   195.657
   12   29.022   29.019   35.505    0.065    11.920   195.651
   13   29.020   29.017   35.505    0.070    12.913   195.624
   14   29.016   29.012   35.507    0.076    13.907   195.744
   15   29.014   29.011   35.507    0.081    14.900   195.718
   16   29.014   29.010   35.508    0.086    15.893   195.853
   17   29.014   29.010   35.510    0.092    16.887   195.878
   18   29.016   29.012   35.518    0.097    17.880   195.737
   19   29.020   29.015   35.542    0.103    18.873   195.793
   20   29.019   29.014   35.576    0.108    19.867   196.004
   21   29.020   29.015   35.643    0.113    20.860   195.571
   22   29.050   29.045   35.789    0.118    21.853   195.372
   23   29.117   29.111   35.911    0.124    22.846   195.563
   24   29.137   29.132   35.924    0.129    23.840   195.900
   25   29.135   29.129   35.924    0.134    24.833   195.735
   26   29.136   29.130   35.926    0.139    25.826   195.256
   27   29.130   29.123   35.924    0.144    26.819   195.364
   28   29.124   29.117   35.940    0.149    27.813   195.506
   29   29.138   29.131   35.954    0.154    28.806   195.122
   30   29.143   29.135   35.960    0.159    29.799   195.248
   31   29.164   29.156   35.976    0.165    30.792   195.446
   32   29.210   29.202   36.006    0.170    31.786   195.340
   33   29.231   29.223   36.018    0.175    32.779   195.522
   34   29.240   29.231   36.025    0.180    33.772   195.738
   35   29.234   29.226   36.027    0.185    34.765   195.000
   36   29.210   29.201   36.024    0.190    35.758   195.199
   37   29.155   29.146   36.026    0.195    36.752   195.312
   38   29.150   29.141   36.025    0.200    37.745   196.053
   39   28.999   28.990   36.042    0.205    38.738   196.542
   40   28.827   28.817   36.070    0.210    39.731   198.598
   41   28.651   28.641   36.086    0.215    40.724   202.232
   42   28.405   28.395   36.107    0.220    41.718   205.488
   43   27.844   27.834   36.149    0.224    42.711   207.134
   44   27.430   27.419   36.145    0.229    43.704   210.491
   45   26.999   26.988   36.124    0.233    44.697   218.586
   46   26.537   26.526   36.158    0.237    45.690   217.612
   47   26.101   26.090   36.167    0.241    46.683   215.395
   48   25.815   25.804   36.165    0.245    47.677   216.356
   49   25.343   25.332   36.142    0.249    48.670   213.561
   50   25.131   25.120   36.140    0.253    49.663   209.669
   51   24.943   24.932   36.148    0.257    50.656   206.925
   52   24.750   24.738   36.164    0.260    51.649   203.360
   53   24.640   24.628   36.184    0.264    52.642   203.977
   54   24.557   24.546   36.200    0.267    53.635   206.378
   55   24.392   24.380   36.202    0.271    54.628   212.204
   56   24.190   24.178   36.199    0.274    55.622   219.163
   57   24.051   24.039   36.218    0.278    56.615   223.589
   58   23.916   23.903   36.232    0.281    57.608   223.292
   59   23.705   23.693   36.236    0.284    58.601   218.856
   60   23.618   23.605   36.232    0.288    59.594   216.498
   61   23.550   23.537   36.228    0.291    60.587   216.506
   62   23.428   23.415   36.222    0.294    61.580   217.201
   63   23.338   23.325   36.223    0.297    62.573   218.577
   64   23.281   23.268   36.234    0.301    63.566   218.836
   65   23.222   23.208   36.234    0.304    64.559   217.593
   66   23.103   23.089   36.230    0.307    65.552   215.554
   67   22.971   22.957   36.244    0.310    66.545   214.353
   68   22.919   22.905   36.265    0.313    67.538   211.830
   69   22.800   22.786   36.264    0.316    68.531   206.605
   70   22.755   22.740   36.263    0.319    69.525   202.030
   71   22.717   22.703   36.260    0.322    70.518   202.119
   72   22.624   22.609   36.252    0.325    71.511   204.297
   73   22.490   22.475   36.250    0.328    72.504   204.939
   74   22.412   22.397   36.247    0.331    73.497   203.612
   75   22.344   22.329   36.247    0.334    74.490   203.149
   76   22.245   22.230   36.253    0.337    75.483   204.614
   77   22.216   22.200   36.256    0.340    76.476   204.946
   78   22.172   22.156   36.256    0.342    77.469   204.207
   79   22.033   22.018   36.256    0.345    78.462   203.004
   80   21.910   21.894   36.254    0.348    79.455   200.639
   81   21.802   21.786   36.246    0.351    80.448   198.005
   82   21.690   21.674   36.239    0.354    81.441   197.752
   83   21.553   21.537   36.237    0.356    82.434   198.957
   84   21.541   21.525   36.253    0.359    83.427   198.431
   85   21.453   21.436   36.250    0.362    84.420   195.363
   86   21.361   21.344   36.243    0.364    85.413   190.520
   87   21.350   21.334   36.251    0.367    86.406   189.369
   88   21.315   21.298   36.251    0.370    87.398   189.669
   89   21.248   21.230   36.251    0.372    88.391   189.327
   90   21.196   21.178   36.257    0.375    89.384   188.616
   91   21.155   21.137   36.269    0.377    90.377   187.059
   92   21.069   21.051   36.282    0.380    91.370   183.768
   93   21.006   20.988   36.286    0.382    92.363   178.493
   94   20.962   20.944   36.291    0.385    93.356   173.988
   95   20.865   20.847   36.302    0.387    94.349   172.038
   96   20.816   20.798   36.307    0.390    95.342   169.598
   97   20.778   20.759   36.308    0.392    96.335   167.332
   98   20.744   20.725   36.308    0.395    97.328   165.878
   99   20.703   20.684   36.309    0.397    98.321   165.341
  100   20.653   20.634   36.319    0.400    99.314   164.911
  101   20.513   20.494   36.326    0.402    100.306   163.304
  102   20.409   20.390   36.324    0.404    101.299   159.271
  103   20.364   20.345   36.324    0.407    102.292   156.092
  104   20.340   20.320   36.324    0.409    103.285   156.113
  105   20.236   20.216   36.330    0.411    104.278   156.824
  106   20.171   20.151   36.333    0.414    105.271   155.594
  107   20.126   20.106   36.340    0.416    106.264   153.361
  108   20.072   20.051   36.353    0.418    107.257   150.193
  109   20.040   20.020   36.358    0.420    108.249   146.711
  110   20.002   19.981   36.365    0.423    109.242   144.696
  111   19.971   19.950   36.369    0.425    110.235   143.407
  112   19.884   19.863   36.386    0.427    111.228   142.111
  113   19.835   19.814   36.397    0.429    112.221   138.298
  114   19.799   19.778   36.402    0.431    113.214   134.140
  115   19.721   19.700   36.416    0.434    114.206   132.509
  116   19.638   19.616   36.426    0.436    115.199   131.182
  117   19.516   19.495   36.439    0.438    116.192   128.331
  118   19.438   19.416   36.446    0.440    117.185   123.441
  119   19.403   19.381   36.448    0.442    118.178   120.810
  120   19.342   19.320   36.459    0.444    119.170   120.186
  121   19.318   19.296   36.464    0.446    120.163   119.359
  122   19.268   19.246   36.464    0.448    121.156   118.523
  123   19.172   19.150   36.467    0.450    122.149   118.189
  124   19.117   19.095   36.468    0.452    123.142   117.217
  125   19.114   19.091   36.468    0.453    124.134   115.956
  126   19.086   19.063   36.467    0.455    125.127   115.592
  127   19.025   19.002   36.464    0.457    126.120   115.648
  128   19.001   18.978   36.461    0.459    127.113   115.811
  129   18.974   18.951   36.459    0.461    128.105   116.434
  130   18.940   18.917   36.457    0.463    129.098   116.918
  131   18.893   18.869   36.451    0.465    130.091   117.121
  132   18.868   18.845   36.448    0.467    131.084   117.696
  133   18.839   18.816   36.448    0.469    132.076   119.096
  134   18.802   18.778   36.449    0.471    133.069   119.687
  135   18.768   18.744   36.452    0.472    134.062   119.071
  136   18.736   18.712   36.451    0.474    135.055   117.341
  137   18.683   18.659   36.446    0.476    136.047   115.012
  138   18.619   18.595   36.441    0.478    137.040   113.578
  139   18.586   18.561   36.438    0.480    138.033   113.247
  140   18.531   18.506   36.433    0.482    139.026   113.574
  141   18.472   18.447   36.426    0.483    140.018   113.959
  142   18.406   18.381   36.419    0.485    141.011   113.756
  143   18.341   18.315   36.412    0.487    142.004   113.245
  144   18.272   18.247   36.409    0.489    142.996   113.204
  145   18.214   18.188   36.402    0.491    143.989   114.844
  146   18.158   18.132   36.394    0.492    144.982   115.916
  147   18.082   18.056   36.389    0.494    145.974   115.780
  148   18.030   18.004   36.383    0.496    146.967   115.534
  149   17.913   17.887   36.369    0.498    147.960   116.052
  150   17.839   17.813   36.362    0.499    148.952   115.975
  151   17.785   17.759   36.355    0.501    149.945   115.513
  152   17.740   17.714   36.350    0.503    150.938   115.171
  153   17.719   17.692   36.347    0.504    151.930   115.058
  154   17.700   17.674   36.345    0.506    152.923   115.021
  155   17.680   17.653   36.343    0.508    153.916   114.954
  156   17.659   17.633   36.340    0.509    154.908   114.620
  157   17.620   17.593   36.335    0.511    155.901   114.431
  158   17.566   17.539   36.329    0.513    156.893   114.393
  159   17.546   17.519   36.326    0.514    157.886   114.389
  160   17.494   17.467   36.319    0.516    158.879   114.495
  161   17.412   17.384   36.309    0.518    159.871   114.689
  162   17.375   17.347   36.304    0.519    160.864   114.698
  163   17.314   17.286   36.296    0.521    161.856   114.679
  164   17.270   17.242   36.291    0.523    162.849   114.745
  165   17.211   17.183   36.284    0.524    163.842   115.155
  166   17.134   17.106   36.274    0.526    164.834   115.488
  167   17.083   17.055   36.266    0.527    165.827   115.658
  168   17.027   16.999   36.259    0.529    166.819   115.826
  169   16.908   16.880   36.243    0.531    167.812   116.161
  170   16.821   16.792   36.232    0.532    168.804   116.466
  171   16.742   16.714   36.222    0.534    169.797   116.806
  172   16.675   16.647   36.213    0.535    170.790   117.124
  173   16.599   16.571   36.202    0.537    171.782   117.404
  174   16.499   16.471   36.189    0.538    172.775   117.640
  175   16.478   16.450   36.186    0.540    173.767   117.606
  176   16.471   16.442   36.186    0.542    174.760   117.444
  177   16.454   16.425   36.182    0.543    175.752   117.298
  178   16.367   16.338   36.170    0.545    176.745   117.175
  179   16.312   16.283   36.162    0.546    177.737   116.864
  180   16.284   16.255   36.158    0.548    178.730   116.469
  181   16.255   16.226   36.154    0.549    179.722   116.223
  182   16.212   16.182   36.149    0.551    180.715   116.148
  183   16.161   16.132   36.141    0.552    181.707   116.054
  184   16.115   16.085   36.134    0.554    182.700   115.852
  185   16.073   16.043   36.128    0.555    183.692   115.658
  186   16.055   16.025   36.125    0.557    184.685   115.488
  187   16.019   15.989   36.120    0.558    185.677   115.505
  188   16.002   15.972   36.117    0.560    186.670   115.476
  189   15.977   15.947   36.113    0.561    187.662   115.407
  190   15.932   15.901   36.107    0.562    188.655   115.375
  191   15.906   15.876   36.102    0.564    189.647   115.387
  192   15.883   15.852   36.099    0.565    190.640   115.355
  193   15.855   15.824   36.095    0.567    191.632   115.343
  194   15.829   15.798   36.091    0.568    192.624   115.381
  195   15.783   15.752   36.083    0.570    193.617   115.502
  196   15.703   15.672   36.071    0.571    194.609   115.628
  197   15.652   15.621   36.064    0.573    195.602   115.692
  198   15.631   15.600   36.060    0.574    196.594   115.872
  199   15.562   15.531   36.050    0.576    197.587   116.075
  200   15.507   15.476   36.042    0.577    198.579   116.221
  201   15.456   15.425   36.034    0.578    199.571   116.424
  202   15.413   15.381   36.028    0.580    200.564   116.943
  203   15.352   15.321   36.017    0.581    201.556   117.348
  204   15.258   15.226   36.003    0.583    202.549   117.467
  205   15.203   15.171   35.995    0.584    203.541   117.258
  206   15.179   15.148   35.992    0.585    204.533   116.931
  207   15.172   15.140   35.991    0.587    205.526   116.727
  208   15.164   15.132   35.989    0.588    206.518   116.807
  209   15.152   15.119   35.988    0.590    207.511   117.020
  210   15.118   15.086   35.983    0.591    208.503   117.118
  211   15.084   15.052   35.977    0.592    209.495   117.104
  212   15.066   15.034   35.975    0.594    210.488   117.006
  213   15.063   15.030   35.975    0.595    211.480   116.966
  214   15.056   15.023   35.974    0.597    212.472   117.061
  215   15.029   14.997   35.970    0.598    213.465   117.117
  216   15.008   14.975   35.967    0.599    214.457   117.151
  217   15.001   14.968   35.966    0.601    215.449   117.169
  218   14.990   14.957   35.963    0.602    216.442   117.148
  219   14.947   14.913   35.955    0.604    217.434   117.178
  220   14.906   14.873   35.950    0.605    218.426   117.087
  221   14.848   14.814   35.940    0.606    219.419   116.996
  222   14.774   14.740   35.930    0.608    220.411   116.919
  223   14.754   14.720   35.926    0.609    221.403   116.727
  224   14.721   14.688   35.921    0.610    222.396   116.627
  225   14.685   14.651   35.917    0.612    223.388   116.462
  226   14.658   14.624   35.912    0.613    224.380   116.332
  227   14.619   14.585   35.904    0.614    225.373   116.228
  228   14.558   14.524   35.894    0.616    226.365   116.117
  229   14.509   14.475   35.887    0.617    227.357   115.881
  230   14.448   14.414   35.878    0.618    228.349   115.518
  231   14.408   14.374   35.871    0.620    229.342   114.849
  232   14.369   14.335   35.866    0.621    230.334   114.384
  233   14.326   14.291   35.858    0.622    231.326   114.218
  234   14.282   14.247   35.852    0.624    232.318   113.964
  235   14.257   14.223   35.848    0.625    233.311   113.546
  236   14.236   14.201   35.844    0.626    234.303   113.043
  237   14.203   14.168   35.840    0.628    235.295   112.819
  238   14.183   14.148   35.836    0.629    236.287   112.786
  239   14.142   14.107   35.830    0.630    237.280   112.975
  240   14.110   14.075   35.824    0.632    238.272   113.155
  241   14.039   14.004   35.812    0.633    239.264   113.499
  242   13.987   13.952   35.806    0.634    240.256   113.719
  243   13.959   13.924   35.802    0.635    241.248   113.843
  244   13.955   13.920   35.802    0.637    242.241   113.687
  245   13.946   13.911   35.799    0.638    243.233   113.548
  246   13.917   13.881   35.794    0.639    244.225   113.382
  247   13.897   13.861   35.792    0.641    245.217   113.349
  248   13.881   13.846   35.788    0.642    246.209   113.536
  249   13.830   13.794   35.781    0.643    247.202   113.893
  250   13.780   13.744   35.773    0.644    248.194   114.299
  251   13.757   13.721   35.770    0.646    249.186   114.371
  252   13.751   13.715   35.769    0.647    250.178   114.444
  253   13.737   13.701   35.767    0.648    251.170   114.607
  254   13.701   13.664   35.762    0.650    252.162   114.660
  255   13.682   13.646   35.760    0.651    253.155   114.544
  256   13.671   13.635   35.757    0.652    254.147   114.493
  257   13.660   13.623   35.755    0.653    255.139   114.472
  258   13.650   13.613   35.753    0.655    256.131   114.419
  259   13.625   13.588   35.749    0.656    257.123   114.506
  260   13.586   13.549   35.744    0.657    258.115   114.716
  261   13.558   13.520   35.740    0.658    259.107   115.120
  262   13.545   13.508   35.737    0.660    260.100   115.605
  263   13.500   13.462   35.729    0.661    261.092   115.956
  264   13.476   13.438   35.726    0.662    262.084   116.022
  265   13.465   13.428   35.724    0.663    263.076   115.880
  266   13.445   13.408   35.720    0.665    264.068   115.700
  267   13.407   13.369   35.715    0.666    265.060   115.487
  268   13.381   13.343   35.710    0.667    266.052   115.233
  269   13.334   13.296   35.703    0.668    267.044   115.052
  270   13.301   13.263   35.699    0.670    268.036   114.845
  271   13.288   13.250   35.697    0.671    269.028   114.596
  272   13.276   13.237   35.695    0.672    270.021   114.353
  273   13.250   13.211   35.691    0.673    271.013   114.159
  274   13.232   13.194   35.688    0.675    272.005   114.102
  275   13.215   13.176   35.685    0.676    272.997   114.031
  276   13.166   13.127   35.676    0.677    273.989   113.975
  277   13.126   13.087   35.672    0.678    274.981   113.634
  278   13.111   13.073   35.669    0.680    275.973   113.206
  279   13.049   13.010   35.658    0.681    276.965   113.054
  280   12.986   12.947   35.649    0.682    277.957   113.016
  281   12.938   12.899   35.642    0.683    278.949   112.919
  282   12.915   12.876   35.638    0.684    279.941   112.627
  283   12.895   12.856   35.635    0.686    280.933   112.366
  284   12.870   12.831   35.632    0.687    281.925   112.137
  285   12.852   12.812   35.629    0.688    282.917   111.923
  286   12.824   12.784   35.624    0.689    283.909   111.895
  287   12.783   12.743   35.619    0.690    284.901   111.882
  288   12.758   12.719   35.615    0.692    285.893   111.788
  289   12.724   12.685   35.610    0.693    286.885   111.653
  290   12.698   12.659   35.605    0.694    287.877   111.509
  291   12.668   12.628   35.600    0.695    288.869   111.535
  292   12.638   12.598   35.597    0.696    289.861   111.518
  293   12.631   12.591   35.596    0.698    290.853   111.530
  294   12.618   12.578   35.594    0.699    291.845   111.523
  295   12.588   12.548   35.589    0.700    292.837   111.541
  296   12.573   12.532   35.588    0.701    293.829   111.482
  297   12.545   12.505   35.584    0.702    294.821   111.394
  298   12.520   12.480   35.580    0.704    295.813   111.307
  299   12.514   12.474   35.578    0.705    296.805   111.324
  300   12.479   12.438   35.573    0.706    297.797   111.472
  301   12.460   12.419   35.570    0.707    298.789   111.468
  302   12.418   12.377   35.563    0.708    299.780   111.348
  303   12.356   12.316   35.553    0.710    300.772   111.241
  304   12.313   12.272   35.546    0.711    301.764   111.175
  305   12.288   12.247   35.543    0.712    302.756   111.234
  306   12.277   12.236   35.541    0.713    303.748   111.510
  307   12.242   12.201   35.535    0.714    304.740   111.791
  308   12.179   12.138   35.525    0.715    305.732   111.879
  309   12.139   12.098   35.520    0.717    306.724   111.739
  310   12.126   12.085   35.518    0.718    307.716   111.623
  311   12.103   12.062   35.514    0.719    308.708   111.579
  312   12.072   12.031   35.509    0.720    309.700   111.607
  313   12.053   12.011   35.507    0.721    310.691   111.578
  314   12.027   11.986   35.503    0.722    311.683   111.643
  315   11.989   11.948   35.497    0.723    312.675   111.756
  316   11.945   11.903   35.490    0.725    313.667   111.869
  317   11.918   11.876   35.486    0.726    314.659   112.092
  318   11.906   11.864   35.484    0.727    315.651   112.379
  319   11.861   11.819   35.477    0.728    316.643   112.668
  320   11.831   11.789   35.473    0.729    317.634   112.815
  321   11.803   11.761   35.469    0.730    318.626   112.769
  322   11.770   11.728   35.464    0.731    319.618   112.677
  323   11.726   11.684   35.457    0.733    320.610   112.431
  324   11.678   11.636   35.451    0.734    321.602   112.241
  325   11.654   11.612   35.447    0.735    322.594   112.135
  326   11.642   11.600   35.445    0.736    323.585   112.113
  327   11.601   11.559   35.437    0.737    324.577   112.230
  328   11.532   11.490   35.429    0.738    325.569   112.294
  329   11.508   11.465   35.425    0.739    326.561   112.276
  330   11.494   11.452   35.423    0.740    327.553   112.264
  331   11.481   11.439   35.421    0.741    328.544   112.418
  332   11.453   11.410   35.416    0.743    329.536   112.593
  333   11.411   11.369   35.409    0.744    330.528   112.678
  334   11.345   11.302   35.401    0.745    331.520   112.657
  335   11.332   11.289   35.398    0.746    332.511   112.532
  336   11.313   11.270   35.396    0.747    333.503   112.553
  337   11.300   11.257   35.393    0.748    334.495   112.651
  338   11.255   11.212   35.387    0.749    335.487   112.791
  339   11.228   11.185   35.384    0.750    336.479   112.846
  340   11.212   11.169   35.382    0.751    337.470   112.846
  341   11.197   11.154   35.380    0.753    338.462   112.808
  342   11.161   11.118   35.374    0.754    339.454   112.860
  343   11.147   11.104   35.371    0.755    340.445   112.851
  344   11.124   11.081   35.368    0.756    341.437   112.936
  345   11.104   11.061   35.365    0.757    342.429   113.035
  346   11.085   11.042   35.362    0.758    343.421   113.172
  347   11.058   11.014   35.358    0.759    344.412   113.289
  348   11.040   10.996   35.356    0.760    345.404   113.264
  349   11.027   10.983   35.354    0.761    346.396   113.236
  350   11.010   10.966   35.351    0.762    347.387   113.233
  351   10.986   10.943   35.348    0.763    348.379   113.251
  352   10.954   10.910   35.343    0.764    349.371   113.285
  353   10.935   10.891   35.341    0.766    350.363   113.227
  354   10.922   10.878   35.338    0.767    351.354   113.211
  355   10.892   10.848   35.333    0.768    352.346   113.239
  356   10.869   10.825   35.331    0.769    353.338   113.260
  357   10.852   10.808   35.328    0.770    354.329   113.178
  358   10.816   10.772   35.323    0.771    355.321   113.107
  359   10.785   10.740   35.319    0.772    356.313   113.088
  360   10.759   10.715   35.315    0.773    357.304   113.072
  361   10.736   10.692   35.312    0.774    358.296   113.043
  362   10.719   10.675   35.310    0.775    359.288   112.983
  363   10.704   10.659   35.307    0.776    360.279   112.994
  364   10.672   10.628   35.301    0.777    361.271   112.995
  365   10.630   10.586   35.296    0.778    362.262   113.007
  366   10.611   10.566   35.293    0.779    363.254   112.928
  367   10.588   10.543   35.290    0.781    364.246   112.919
  368   10.568   10.524   35.287    0.782    365.237   112.903
  369   10.549   10.504   35.285    0.783    366.229   112.860
  370   10.541   10.496   35.284    0.784    367.220   112.811
  371   10.527   10.482   35.282    0.785    368.212   112.730
  372   10.520   10.475   35.282    0.786    369.204   112.665
  373   10.515   10.469   35.281    0.787    370.195   112.696
  374   10.478   10.433   35.276    0.788    371.187   112.733
  375   10.456   10.411   35.273    0.789    372.178   112.657
  376   10.446   10.400   35.272    0.790    373.170   112.576
  377   10.442   10.397   35.271    0.791    374.162   112.501
  378   10.423   10.377   35.268    0.792    375.153   112.559
  379   10.395   10.349   35.265    0.793    376.145   112.582
  380   10.390   10.344   35.264    0.794    377.136   112.523
  381   10.387   10.341   35.263    0.795    378.128   112.511
  382   10.371   10.325   35.261    0.796    379.119   112.560
  383   10.347   10.301   35.257    0.797    380.111   112.545
  384   10.329   10.283   35.255    0.798    381.102   112.449
  385   10.313   10.266   35.254    0.799    382.094   112.366
  386   10.302   10.256   35.252    0.801    383.086   112.305
  387   10.285   10.239   35.250    0.802    384.077   112.364
  388   10.280   10.233   35.249    0.803    385.069   112.431
  389   10.266   10.219   35.246    0.804    386.060   112.481
  390   10.241   10.194   35.244    0.805    387.052   112.514
  391   10.236   10.189   35.244    0.806    388.043   112.473
  392   10.235   10.189   35.244    0.807    389.035   112.451
  393   10.224   10.177   35.241    0.808    390.026   112.464
  394   10.205   10.158   35.240    0.809    391.018   112.495
  395   10.196   10.149   35.238    0.810    392.009   112.462
  396   10.189   10.142   35.237    0.811    393.001   112.441
  397   10.150   10.103   35.231    0.812    393.992   112.493
  398   10.116   10.069   35.228    0.813    394.983   112.445
  399   10.095   10.048   35.225    0.814    395.975   112.342
  400   10.070   10.023   35.222    0.815    396.966   112.159
  401   10.046   9.999   35.218    0.816    397.958   112.052
  402   10.029   9.981   35.216    0.817    398.949   112.023
  403   10.017   9.970   35.214    0.818    399.941   112.181
  404   10.016   9.968   35.216    0.819    400.932   112.268
  405   10.009   9.962   35.216    0.820    401.924   112.245
  406   9.993   9.945   35.214    0.821    402.915   111.907
  407   9.972   9.924   35.212    0.822    403.907   111.501
  408   9.964   9.916   35.210    0.823    404.898   111.072
  409   9.935   9.887   35.205    0.824    405.889   110.744
  410   9.896   9.848   35.200    0.825    406.881   110.618
  411   9.891   9.843   35.200    0.826    407.872   110.781
  412   9.884   9.836   35.198    0.827    408.864   111.037
  413   9.865   9.817   35.194    0.828    409.855   111.275
  414   9.850   9.801   35.192    0.829    410.846   111.446
  415   9.827   9.778   35.189    0.830    411.838   111.816
  416   9.816   9.768   35.188    0.831    412.829   112.225
  417   9.815   9.766   35.188    0.832    413.821   112.552
  418   9.812   9.764   35.188    0.833    414.812   112.821
  419   9.798   9.750   35.186    0.834    415.803   112.953
  420   9.771   9.723   35.182    0.835    416.795   112.971
  421   9.747   9.698   35.179    0.836    417.786   112.906
  422   9.738   9.689   35.178    0.837    418.777   112.905
  423   9.712   9.663   35.175    0.838    419.769   112.973
  424   9.693   9.644   35.172    0.839    420.760   113.041
  425   9.662   9.613   35.169    0.840    421.751   113.115
  426   9.633   9.584   35.165    0.841    422.743   113.226
  427   9.621   9.572   35.164    0.842    423.734   113.380
  428   9.607   9.558   35.162    0.843    424.725   113.534
  429   9.603   9.554   35.162    0.844    425.717   113.592
  430   9.596   9.546   35.160    0.845    426.708   113.550
  431   9.585   9.536   35.160    0.846    427.699   113.447
  432   9.577   9.528   35.159    0.847    428.691   113.301
  433   9.569   9.520   35.158    0.848    429.682   113.119
  434   9.558   9.508   35.158    0.849    430.673   112.990
  435   9.556   9.506   35.158    0.850    431.665   112.796
  436   9.548   9.498   35.157    0.851    432.656   112.470
  437   9.528   9.478   35.155    0.852    433.647   112.205
  438   9.510   9.460   35.152    0.853    434.638   112.082
  439   9.491   9.441   35.150    0.854    435.630   112.115
  440   9.477   9.427   35.148    0.855    436.621   112.135
  441   9.466   9.416   35.146    0.856    437.612   112.215
  442   9.460   9.410   35.145    0.857    438.604   112.443
  443   9.454   9.403   35.144    0.858    439.595   112.783
  444   9.442   9.391   35.142    0.859    440.586   112.957
  445   9.427   9.377   35.141    0.860    441.577   113.009
  446   9.405   9.355   35.138    0.861    442.569   112.986
  447   9.393   9.342   35.137    0.862    443.560   112.962
  448   9.383   9.332   35.135    0.863    444.551   112.992
  449   9.343   9.292   35.130    0.864    445.542   113.080
  450   9.331   9.280   35.129    0.865    446.533   113.113
  451   9.320   9.269   35.128    0.866    447.525   113.096
  452   9.310   9.259   35.126    0.867    448.516   113.184
  453   9.292   9.241   35.123    0.868    449.507   113.245
  454   9.277   9.225   35.121    0.869    450.498   113.249
  455   9.255   9.204   35.118    0.870    451.489   113.400
  456   9.241   9.189   35.117    0.871    452.481   113.575
  457   9.231   9.180   35.116    0.872    453.472   113.772
  458   9.228   9.177   35.116    0.873    454.463   113.834
  459   9.219   9.167   35.115    0.874    455.454   113.783
  460   9.208   9.157   35.113    0.875    456.445   113.748
  461   9.195   9.144   35.112    0.876    457.437   113.687
  462   9.178   9.127   35.110    0.877    458.428   113.530
  463   9.160   9.109   35.107    0.878    459.419   113.476
  464   9.136   9.084   35.104    0.879    460.410   113.566
  465   9.121   9.069   35.102    0.880    461.401   113.679
  466   9.109   9.058   35.101    0.881    462.392   113.826
  467   9.093   9.041   35.099    0.882    463.384   113.974
  468   9.077   9.025   35.097    0.883    464.375   114.096
  469   9.063   9.011   35.096    0.884    465.366   114.085
  470   9.054   9.002   35.095    0.885    466.357   114.172
  471   9.045   8.993   35.094    0.886    467.348   114.169
  472   9.035   8.983   35.092    0.887    468.339   114.173
  473   9.023   8.971   35.091    0.888    469.330   114.194
  474   9.015   8.962   35.090    0.889    470.321   114.187
  475   9.009   8.957   35.090    0.890    471.312   114.273
  476   8.992   8.940   35.087    0.891    472.304   114.365
  477   8.966   8.913   35.085    0.891    473.295   114.463
  478   8.951   8.898   35.083    0.892    474.286   114.526
  479   8.921   8.868   35.079    0.893    475.277   114.618
  480   8.878   8.825   35.074    0.894    476.268   114.684
  481   8.852   8.799   35.071    0.895    477.259   114.799
  482   8.841   8.788   35.070    0.896    478.250   115.034
  483   8.832   8.779   35.069    0.897    479.241   115.265
  484   8.817   8.764   35.067    0.898    480.232   115.375
  485   8.805   8.752   35.066    0.899    481.223   115.424
  486   8.787   8.734   35.064    0.900    482.214   115.417
  487   8.768   8.715   35.062    0.901    483.205   115.463
  488   8.757   8.704   35.061    0.902    484.196   115.553
  489   8.749   8.696   35.060    0.903    485.187   115.664
  490   8.747   8.694   35.060    0.904    486.179   115.664
  491   8.745   8.692   35.060    0.905    487.170   115.610
  492   8.740   8.687   35.060    0.906    488.161   115.523
  493   8.728   8.675   35.058    0.907    489.152   115.402
  494   8.717   8.664   35.057    0.908    490.143   115.316
  495   8.706   8.653   35.056    0.909    491.134   115.282
  496   8.694   8.640   35.055    0.910    492.125   115.367
  497   8.676   8.623   35.053    0.910    493.116   115.583
  498   8.675   8.621   35.054    0.911    494.107   115.609
  499   8.670   8.616   35.054    0.912    495.098   115.532
  500   8.654   8.600   35.053    0.913    496.089   115.295
  501   8.650   8.596   35.053    0.914    497.080   114.835
  502   8.642   8.588   35.052    0.915    498.071   114.512
  503   8.622   8.567   35.049    0.916    499.062   114.475
  504   8.583   8.529   35.045    0.917    500.052   114.515
  505   8.574   8.520   35.044    0.918    501.043   114.545
  506   8.569   8.515   35.044    0.919    502.034   114.613
  507   8.565   8.511   35.043    0.920    503.025   114.844
  508   8.559   8.505   35.043    0.921    504.016   115.031
  509   8.548   8.493   35.040    0.922    505.007   115.184
  510   8.537   8.482   35.039    0.923    505.998   115.197
  511   8.530   8.476   35.038    0.924    506.989   115.260
  512   8.526   8.471   35.038    0.925    507.980   115.378
  513   8.514   8.459   35.036    0.925    508.971   115.452
  514   8.476   8.421   35.030    0.926    509.962   115.519
  515   8.452   8.397   35.028    0.927    510.953   115.540
  516   8.443   8.388   35.027    0.928    511.944   115.644
  517   8.436   8.380   35.026    0.929    512.935   115.973
  518   8.428   8.373   35.025    0.930    513.926   116.461
  519   8.420   8.364   35.024    0.931    514.916   116.680
  520   8.415   8.360   35.024    0.932    515.907   116.686
  521   8.411   8.355   35.023    0.933    516.898   116.746
  522   8.402   8.346   35.022    0.934    517.889   116.778
  523   8.391   8.335   35.021    0.935    518.880   116.795
  524   8.370   8.315   35.019    0.936    519.871   116.808
  525   8.355   8.299   35.017    0.937    520.862   116.856
  526   8.335   8.280   35.015    0.937    521.853   116.943
  527   8.321   8.265   35.014    0.938    522.843   117.110
  528   8.313   8.257   35.013    0.939    523.834   117.197
  529   8.304   8.248   35.012    0.940    524.825   117.267
  530   8.296   8.240   35.012    0.941    525.816   117.355
  531   8.287   8.231   35.011    0.942    526.807   117.479
  532   8.278   8.222   35.011    0.943    527.798   117.552
  533   8.260   8.203   35.009    0.944    528.788   117.628
  534   8.251   8.195   35.008    0.945    529.779   117.631
  535   8.234   8.178   35.007    0.946    530.770   117.669
  536   8.228   8.172   35.008    0.947    531.761   117.789
  537   8.227   8.170   35.008    0.948    532.752   117.947
  538   8.227   8.170   35.008    0.948    533.743   118.183
  539   8.227   8.170   35.008    0.949    534.733   118.492
  540   8.226   8.170   35.009    0.950    535.724   118.756
  541   8.225   8.168   35.008    0.951    536.715   118.864
  542   8.224   8.167   35.008    0.952    537.706   118.911
  543   8.222   8.165   35.008    0.953    538.696   118.920
  544   8.222   8.164   35.008    0.954    539.687   118.923
  545   8.220   8.163   35.008    0.955    540.678   118.979
  546   8.218   8.161   35.008    0.956    541.669   118.988
  547   8.215   8.157   35.008    0.957    542.660   119.038
  548   8.210   8.152   35.007    0.958    543.650   118.980
  549   8.207   8.149   35.007    0.959    544.641   118.980
  550   8.204   8.146   35.007    0.959    545.632   119.028
  551   8.202   8.145   35.006    0.960    546.623   119.013
  552   8.201   8.143   35.006    0.961    547.613   119.013
  553   8.200   8.142   35.006    0.962    548.604   119.014
  554   8.199   8.141   35.006    0.963    549.595   118.993
  555   8.198   8.140   35.006    0.964    550.586   118.998
  556   8.197   8.139   35.006    0.965    551.576   119.002
  557   8.195   8.136   35.005    0.966    552.567   119.038
  558   8.192   8.134   35.005    0.967    553.558   119.066
  559   8.191   8.133   35.005    0.968    554.548   119.066
  560   8.191   8.132   35.005    0.969    555.539   119.045
  561   8.189   8.130   35.005    0.969    556.530   119.118
  562   8.189   8.130   35.005    0.970    557.520   119.150
  563   8.189   8.129   35.004    0.971    558.511   119.134
  564   8.186   8.127   35.004    0.972    559.502   119.084
  565   8.185   8.126   35.004    0.973    560.493   119.072
  566   8.183   8.123   35.004    0.974    561.483   119.064
  567   8.181   8.121   35.003    0.975    562.474   119.055
  568   8.179   8.119   35.003    0.976    563.465   118.970
  569   8.166   8.106   35.001    0.977    564.455   118.924
  570   8.147   8.087   34.999    0.978    565.446   118.940
  571   8.123   8.063   34.997    0.979    566.436   118.932
  572   8.098   8.038   34.994    0.980    567.427   118.890
  573   8.074   8.014   34.992    0.980    568.418   118.777
  574   8.049   7.989   34.989    0.981    569.408   118.670
  575   8.025   7.965   34.987    0.982    570.399   118.638
  576   8.011   7.951   34.986    0.983    571.390   118.752
  577   7.998   7.939   34.986    0.984    572.380   118.847
  578   7.992   7.933   34.986    0.985    573.371   118.928
  579   7.992   7.932   34.986    0.986    574.361   119.051
  580   7.988   7.928   34.986    0.987    575.352   119.096
  581   7.986   7.925   34.986    0.988    576.343   119.065
  582   7.983   7.923   34.986    0.989    577.333   118.935
  583   7.974   7.914   34.985    0.989    578.324   118.933
  584   7.960   7.899   34.984    0.990    579.314   118.906
  585   7.952   7.892   34.983    0.991    580.305   118.896
  586   7.946   7.885   34.982    0.992    581.296   118.980
  587   7.935   7.875   34.982    0.993    582.286   119.151
  588   7.924   7.864   34.980    0.994    583.277   119.264
  589   7.916   7.855   34.979    0.995    584.267   119.327
  590   7.905   7.845   34.979    0.996    585.258   119.391
  591   7.905   7.844   34.979    0.997    586.248   119.505
  592   7.903   7.842   34.979    0.998    587.239   119.585
  593   7.901   7.840   34.979    0.998    588.230   119.638
  594   7.902   7.840   34.979    0.999    589.220   119.617
  595   7.902   7.841   34.979    1.000    590.211   119.689
  596   7.904   7.842   34.980    1.001    591.201   119.742
  597   7.904   7.843   34.980    1.002    592.192   119.762
  598   7.904   7.842   34.980    1.003    593.182   119.696
  599   7.903   7.841   34.980    1.004    594.173   119.568
  600   7.901   7.839   34.980    1.005    595.163   119.540
  601   7.898   7.836   34.979    1.006    596.154   119.545
  602   7.892   7.830   34.978    1.006    597.144   119.574
  603   7.884   7.822   34.978    1.007    598.135   119.642
  604   7.877   7.815   34.977    1.008    599.125   119.708
  605   7.873   7.810   34.977    1.009    600.116   119.732
  606   7.872   7.810   34.977    1.010    601.106   119.715
  607   7.867   7.805   34.976    1.011    602.097   119.792
  608   7.863   7.801   34.976    1.012    603.087   119.870
  609   7.861   7.798   34.976    1.013    604.078   119.959
  610   7.859   7.796   34.976    1.014    605.068   120.029
  611   7.857   7.794   34.975    1.014    606.059   120.022
  612   7.856   7.793   34.975    1.015    607.049   120.040
  613   7.857   7.794   34.975    1.016    608.039   120.007
  614   7.857   7.794   34.975    1.017    609.030   120.016
  615   7.860   7.796   34.976    1.018    610.020   120.037
  616   7.861   7.797   34.976    1.019    611.011   120.014
  617   7.861   7.797   34.976    1.020    612.001   119.980
  618   7.860   7.796   34.975    1.021    612.992   120.017
  619   7.860   7.796   34.976    1.022    613.982   119.994
  620   7.857   7.793   34.975    1.023    614.972   119.938
  621   7.854   7.790   34.975    1.023    615.963   120.034
  622   7.853   7.789   34.975    1.024    616.953   120.183
  623   7.852   7.788   34.974    1.025    617.944   120.178
